[?25l[0m[38;2;255;255;255;48;2;255;255;255m▀▀▀▀▀▀▀▀▀▀▀▀▀▀▀▀▀▀▀▀▀▀▀▀▀▀▀▀▀▀▀▀▀▀▀▀▀▀▀▀▀▀▀▀▀▀▀▀▀▀▀▀▀▀▀▀▀▀▀▀▀▀▀▀▀▀▀▀▀▀▀▀▀▀▀▀▀▀▀▀[0m
[38;2;255;255;255;48;2;255;255;255m▀▀▀▀▀▀▀▀▀[38;2;255;255;254;48;2;255;254;244m▀[48;2;254;251;222m▀[38;2;255;255;255;48;2;254;251;224m▀[48;2;255;255;250m▀[48;2;255;255;254m▀[48;2;255;255;255m▀▀▀▀▀▀▀▀▀▀▀▀▀▀▀▀▀▀[38;2;255;255;254;48;2;255;255;253m▀[38;2;255;255;251;48;2;254;247;192m▀[38;2;254;255;248;48;2;249;227;161m▀[38;2;254;255;252;48;2;254;246;187m▀[38;2;255;255;255;48;2;254;254;245m▀[48;2;255;255;255m▀▀▀▀▀▀▀▀▀▀▀▀▀▀▀▀▀▀▀▀▀▀▀▀▀▀▀▀▀▀▀▀▀▀▀▀▀▀▀▀▀▀▀[0m
[38;2;255;255;255;48;2;255;255;255m▀▀▀▀▀▀▀▀[48;2;255;254;254m▀[38;2;254;252;220;48;2;254;250;218m▀[38;2;245;203;126;48;2;244;159;79m▀[38;2;249;226;150;48;2;246;158;74m▀[38;2;254;252;223;48;2;254;247;198m▀[38;2;255;255;254;48;2;255;253;243m▀[48;2;254;253;234m▀[38;2;255;255;255;48;2;254;251;221m▀[48;2;253;250;208m▀[38;2;255;255;254;48;2;254;250;200m▀[38;2;255;255;255;48;2;254;252;227m▀[48;2;255;255;255m▀▀▀▀▀▀[38;2;255;255;254;48;2;254;252;233m▀[38;2;255;255;249;48;2;251;238;170m▀[48;2;251;239;171m▀[38;2;255;255;255;48;2;254;252;234m▀[48;2;255;255;248m▀[48;2;254;250;215m▀[38;2;255;255;254;48;2;253;250;201m▀[38;2;255;254;251;48;2;253;248;195m▀[38;2;253;240;172;48;2;254;239;166m▀[38;2;243;108;20;48;2;246;105;17m▀[38;2;248;200;122;48;2;249;114;28m▀[38;2;254;250;205;48;2;253;231;157m▀[38;2;254;254;245;48;2;251;231;156m▀[38;2;254;254;242;48;2;248;211;133m▀[38;2;254;253;242;48;2;251;228;155m▀[38;2;255;254;253;48;2;254;249;224m▀[38;2;255;255;255;48;2;254;254;254m▀▀[48;2;255;253;254m▀[48;2;254;254;253m▀[48;2;255;255;253m▀[48;2;255;255;254m▀[48;2;255;255;255m▀▀[48;2;255;255;252m▀[48;2;254;249;215m▀[48;2;255;248;205m▀[48;2;255;251;227m▀[48;2;255;255;255m▀[48;2;255;255;254m▀[48;2;255;255;255m▀[38;2;255;255;254;48;2;255;255;254m▀[38;2;255;255;255;48;2;255;255;255m▀▀▀▀▀▀▀▀▀▀▀▀▀▀▀▀▀▀▀▀▀▀▀[0m
[38;2;255;255;255;48;2;255;255;255m▀▀[48;2;255;255;254m▀[48;2;255;255;255m▀[48;2;255;255;253m▀[48;2;254;254;244m▀[48;2;254;251;211m▀[38;2;255;255;251;48;2;253;246;188m▀[38;2;254;253;239;48;2;253;232;163m▀[38;2;254;250;207;48;2;249;204;127m▀[38;2;247;179;99;48;2;247;153;70m▀[38;2;243;112;22;48;2;251;90;1m▀[38;2;253;240;168;48;2;247;115;28m▀[38;2;252;236;163;48;2;248;97;10m▀[38;2;250;217;138;48;2;252;90;1m▀[38;2;249;191;109;48;2;254;87;0m▀[38;2;247;162;80;48;2;254;88;1m▀[38;2;244;161;79;48;2;246;94;6m▀[38;2;252;245;179;48;2;253;232;158m▀[38;2;255;255;254;48;2;255;254;251m▀[38;2;255;255;255;48;2;255;255;255m▀▀▀▀▀[38;2;254;251;224;48;2;254;251;225m▀[38;2;246;181;102;48;2;246;187;105m▀[38;2;243;177;97;48;2;244;137;52m▀[38;2;254;249;206;48;2;254;246;191m▀[38;2;254;252;222;48;2;255;252;218m▀[38;2;248;211;133;48;2;243;170;85m▀[38;2;246;146;63;48;2;254;88;0m▀[38;2;244;130;46;48;2;255;90;0m▀[38;2;245;122;36;48;2;254;90;2m▀[38;2;250;99;10;48;2;253;90;1m▀[38;2;253;90;0;48;2;253;89;0m▀[38;2;248;98;9m▀[38;2;249;94;3;48;2;254;89;1m▀[38;2;251;89;2;48;2;251;91;3m▀[38;2;240;163;81;48;2;245;172;90m▀[38;2;254;249;214;48;2;254;249;214m▀[38;2;255;255;254;48;2;255;255;254m▀[38;2;254;254;254;48;2;254;254;254m▀[38;2;255;254;252;48;2;254;252;241m▀[38;2;255;251;210;48;2;251;234;161m▀[38;2;254;249;205;48;2;244;184;106m▀[38;2;254;252;226;48;2;254;245;174m▀[38;2;254;251;215;48;2;246;204;124m▀[38;2;255;250;212;48;2;245;157;70m▀[38;2;255;249;207;48;2;246;152;64m▀[38;2;251;227;153;48;2;246;141;54m▀[38;2;244;162;82;48;2;249;90;2m▀[38;2;254;242;172;48;2;248;155;71m▀[38;2;254;251;221;48;2;248;189;103m▀[38;2;254;253;231;48;2;248;203;123m▀[38;2;255;255;242;48;2;253;243;170m▀[38;2;255;255;254;48;2;255;253;242m▀[38;2;255;255;255;48;2;255;255;255m▀▀▀▀▀▀▀▀▀▀▀▀▀▀▀▀▀▀▀▀▀▀▀[0m
[38;2;255;255;255;48;2;255;255;255m▀▀[38;2;255;254;255m▀[38;2;255;255;254;48;2;255;255;254m▀[38;2;255;252;223;48;2;254;248;196m▀[38;2;253;241;173;48;2;245;149;65m▀[38;2;247;199;120;48;2;253;90;2m▀[38;2;247;129;47;48;2;255;88;0m▀[38;2;252;95;10;48;2;255;87;1m▀[38;2;253;88;1;48;2;255;87;2m▀[38;2;255;87;0;48;2;255;88;1m▀[38;2;255;88;0m▀▀[38;2;255;87;2;48;2;252;89;3m▀[38;2;253;88;0;48;2;247;94;6m▀[48;2;245;115;26m▀[38;2;253;89;1;48;2;244;140;56m▀[38;2;245;96;8;48;2;247;182;103m▀[38;2;253;234;162;48;2;253;245;181m▀[38;2;254;254;250;48;2;254;254;251m▀[38;2;255;255;255;48;2;255;255;255m▀▀▀▀▀[38;2;254;252;234;48;2;255;254;242m▀[38;2;246;209;130;48;2;250;229;155m▀[38;2;246;107;20;48;2;241;97;9m▀[38;2;253;241;170;48;2;249;222;145m▀[38;2;254;250;217;48;2;254;252;228m▀[38;2;248;215;135;48;2;254;250;216m▀[38;2;242;154;65;48;2;254;249;207m▀[38;2;246;148;65;48;2;254;249;206m▀[38;2;246;147;69;48;2;254;248;194m▀[38;2;247;149;69;48;2;254;246;176m▀[38;2;248;137;52;48;2;254;237;162m▀[38;2;251;89;1;48;2;243;106;18m▀[38;2;245;168;90;48;2;246;163;77m▀[38;2;249;221;147;48;2;254;247;192m▀[38;2;253;242;172;48;2;255;253;241m▀[38;2;254;252;227;48;2;255;255;253m▀[38;2;254;254;254;48;2;254;254;254m▀▀[38;2;254;251;231;48;2;254;251;218m▀[38;2;249;205;127;48;2;243;176;93m▀[38;2;243;133;49;48;2;245;132;47m▀[38;2;254;245;171;48;2;254;245;172m▀[38;2;245;135;51;48;2;249;199;122m▀[38;2;253;89;0;48;2;245;132;45m▀[38;2;254;89;0;48;2;245;102;13m▀[38;2;254;89;1;48;2;250;90;3m▀[38;2;254;88;2;48;2;253;89;1m▀[38;2;254;89;2;48;2;254;89;2m▀[38;2;253;88;1;48;2;255;88;1m▀[38;2;249;90;2;48;2;252;89;1m▀[38;2;248;209;132;48;2;249;206;130m▀[38;2;254;252;238;48;2;254;253;239m▀[38;2;255;255;255;48;2;255;255;255m▀▀▀▀▀▀▀▀▀▀▀▀▀▀▀▀▀▀▀▀▀▀▀[0m
[38;2;255;255;255;48;2;255;255;255m▀▀▀▀[38;2;254;246;195;48;2;254;246;198m▀[38;2;244;124;42;48;2;244;176;97m▀[38;2;254;88;1;48;2;244;147;61m▀[38;2;255;88;0;48;2;245;165;80m▀[38;2;254;88;1;48;2;249;197;114m▀[38;2;250;92;4;48;2;252;226;147m▀[38;2;247;108;20;48;2;253;243;167m▀[38;2;248;120;33;48;2;247;222;137m▀[38;2;251;91;6;48;2;249;90;4m▀[38;2;247;191;115;48;2;246;194;115m▀[38;2;253;229;155;48;2;254;249;207m▀[38;2;254;242;174;48;2;254;254;244m▀[38;2;254;248;191;48;2;253;249;203m▀[38;2;254;250;208;48;2;254;244;178m▀[38;2;254;250;218;48;2;251;224;149m▀[38;2;254;250;221;48;2;248;194;113m▀[38;2;254;249;205;48;2;247;163;82m▀[38;2;254;247;195;48;2;244;132;49m▀[38;2;254;246;201;48;2;246;184;106m▀[38;2;254;253;237;48;2;254;250;212m▀[38;2;255;255;255;48;2;255;255;255m▀[38;2;255;255;250;48;2;255;255;252m▀[38;2;253;241;177;48;2;254;246;190m▀[38;2;244;104;16;48;2;249;127;44m▀[38;2;246;190;108;48;2;247;154;69m▀[38;2;254;250;216;48;2;252;249;199m▀[38;2;254;255;254;48;2;255;255;254m▀[38;2;255;255;255;48;2;254;254;246m▀[38;2;254;252;232;48;2;254;245;175m▀[38;2;253;246;179;48;2;246;154;71m▀[38;2;249;213;138;48;2;246;93;3m▀[38;2;249;173;95;48;2;251;90;1m▀[38;2;249;117;27;48;2;254;86;1m▀[38;2;244;115;27;48;2;253;88;1m▀[38;2;251;218;144;48;2;248;92;3m▀[38;2;253;242;175;48;2;246;113;26m▀[38;2;254;248;197;48;2;247;193;111m▀[38;2;254;253;242;48;2;253;250;213m▀[38;2;254;254;254;48;2;255;255;253m▀[38;2;254;250;210;48;2;254;248;202m▀[38;2;244;170;86;48;2;243;144;58m▀[38;2;247;142;58;48;2;247;157;74m▀[38;2;255;248;192;48;2;254;250;213m▀[38;2;254;250;204;48;2;254;253;231m▀[38;2;254;245;181;48;2;254;247;187m▀[38;2;253;235;163;48;2;253;233;162m▀[38;2;251;223;148;48;2;250;227;154m▀[38;2;247;183;97;48;2;252;230;152m▀[38;2;244;94;2;48;2;236;102;9m▀[38;2;249;177;95;48;2;252;238;164m▀[38;2;246;186;106;48;2;254;250;219m▀[38;2;253;236;162;48;2;253;251;233m▀[38;2;253;254;244;48;2;254;255;251m▀[38;2;255;255;255;48;2;255;255;255m▀▀▀▀▀▀▀▀▀▀▀▀▀▀▀▀▀▀▀▀▀▀▀[0m
[38;2;255;255;255;48;2;255;255;255m▀▀[38;2;255;255;254m▀[38;2;255;255;252;48;2;255;255;254m▀[38;2;255;253;234m▀[38;2;255;250;205;48;2;254;254;254m▀[38;2;254;249;206m▀[38;2;255;250;209;48;2;255;255;254m▀[38;2;255;251;224;48;2;255;255;252m▀[38;2;254;253;238;48;2;255;255;253m▀[38;2;254;254;243;48;2;255;255;254m▀[38;2;253;245;175;48;2;254;248;192m▀[38;2;246;105;18;48;2;245;141;58m▀[38;2;246;153;68;48;2;243;113;26m▀[38;2;254;247;197;48;2;254;242;174m▀[38;2;254;252;219;48;2;254;251;207m▀[38;2;247;206;128;48;2;243;163;79m▀[38;2;246;118;33;48;2;252;88;3m▀[38;2;250;92;3;48;2;248;100;14m▀[38;2;253;88;0;48;2;247;136;49m▀[38;2;253;88;1;48;2;246;177;93m▀[38;2;252;88;1;48;2;246;151;70m▀[38;2;247;153;70;48;2;245;155;72m▀[38;2;254;249;212;48;2;254;249;213m▀[38;2;255;255;255;48;2;255;255;255m▀▀[38;2;254;248;201;48;2;254;250;217m▀[38;2;246;154;73;48;2;246;183;103m▀[38;2;245;117;31;48;2;248;92;6m▀[38;2;252;246;179;48;2;250;224;149m▀[38;2;255;255;250;48;2;254;250;208m▀[38;2;253;254;239;48;2;254;249;210m▀[38;2;249;215;142;48;2;247;204;128m▀[38;2;244;99;12;48;2;246;143;63m▀[38;2;247;168;86;48;2;253;243;169m▀[38;2;248;204;127;48;2;254;248;173m▀[38;2;249;197;115;48;2;251;218;136m▀[38;2;246;101;13;48;2;242;100;10m▀[38;2;251;98;9;48;2;252;212;129m▀[38;2;254;88;0;48;2;245;155;72m▀[38;2;245;159;72;48;2;245;183;103m▀[38;2;252;250;210;48;2;252;250;212m▀[38;2;255;255;252;48;2;254;255;251m▀[38;2;254;248;197;48;2;253;248;195m▀[38;2;240;133;47;48;2;242;131;45m▀[38;2;245;160;78;48;2;245;162;79m▀[38;2;254;249;204;48;2;253;247;177m▀[38;2;252;244;175;48;2;244;198;120m▀[38;2;247;157;79;48;2;250;91;2m▀[38;2;250;98;8;48;2;248;123;34m▀[38;2;251;92;2;48;2;245;146;59m▀[38;2;248;101;11;48;2;248;112;27m▀[38;2;245;94;4;48;2;252;89;1m▀[38;2;251;215;137;48;2;250;97;7m▀[38;2;254;246;185;48;2;249;164;79m▀[38;2;254;252;231;48;2;253;238;163m▀[38;2;254;255;253;48;2;254;252;224m▀[38;2;255;255;255;48;2;254;250;207m▀[48;2;254;249;201m▀[48;2;254;249;204m▀[48;2;254;251;223m▀[48;2;255;255;250m▀[48;2;255;255;255m▀▀▀▀▀▀▀▀▀▀▀▀▀▀▀▀▀▀[0m
[38;2;255;255;255;48;2;255;255;255m▀▀▀▀▀▀▀▀▀▀▀[38;2;254;249;212;48;2;254;252;231m▀[38;2;243;179;101;48;2;247;216;138m▀[38;2;249;91;4;48;2;250;90;2m▀[38;2;249;215;137;48;2;246;173;91m▀[38;2;254;248;191;48;2;254;250;197m▀[38;2;250;220;143;48;2;255;251;231m▀[38;2;248;200;119;48;2;254;252;232m▀[38;2;254;235;162;48;2;253;254;240m▀[38;2;253;246;185;48;2;254;255;250m▀[38;2;254;246;193;48;2;254;253;240m▀[38;2;247;209;133;48;2;254;248;195m▀[38;2;244;197;120;48;2;254;246;184m▀[38;2;254;251;213;48;2;254;250;213m▀[38;2;254;254;254;48;2;253;252;234m▀[48;2;254;254;254m▀[38;2;254;252;232;48;2;255;253;244m▀[38;2;247;213;138;48;2;252;236;164m▀[38;2;252;88;3;48;2;248;96;9m▀[38;2;249;141;59;48;2;254;88;1m▀[38;2;245;169;87;48;2;252;90;1m▀[38;2;250;225;147;48;2;248;193;114m▀[38;2;248;216;139;48;2;253;245;169m▀[38;2;244;96;11;48;2;246;166;77m▀[38;2;247;149;65;48;2;251;95;7m▀[38;2;247;152;65;48;2;250;90;3m▀[38;2;248;102;15;48;2;249;109;21m▀[38;2;244;107;17;48;2;249;200;118m▀[38;2;254;240;162;48;2;254;250;200m▀[38;2;254;247;195;48;2;255;255;254m▀[38;2;254;250;201m▀[38;2;254;253;236m▀[38;2;255;255;252;48;2;255;255;253m▀[38;2;254;248;194;48;2;254;248;192m▀[38;2;245;127;39;48;2;246;120;30m▀[38;2;246;143;56;48;2;252;90;1m▀[38;2;251;232;159;48;2;246;158;76m▀[38;2;246;171;94;48;2;245;179;98m▀[38;2;248;120;33;48;2;248;94;4m▀[38;2;254;239;161;48;2;248;159;77m▀[38;2;254;246;169;48;2;250;163;81m▀[38;2;248;172;92;48;2;251;96;11m▀[38;2;251;92;5;48;2;246;127;40m▀[38;2;249;106;17;48;2;252;224;141m▀[38;2;251;89;1;48;2;248;114;26m▀[38;2;243;173;91;48;2;244;167;84m▀[38;2;254;247;201;48;2;254;247;200m▀[38;2;251;222;145;48;2;248;206;127m▀[38;2;242;133;49;48;2;250;87;1m▀[38;2;244;161;79;48;2;254;86;1m▀[38;2;251;224;150;48;2;249;104;17m▀[38;2;254;247;196;48;2;245;172;89m▀[38;2;254;253;232;48;2;253;235;162m▀[38;2;255;255;253;48;2;254;249;204m▀[38;2;255;255;255;48;2;255;254;243m▀[48;2;255;255;254m▀[48;2;255;255;255m▀▀▀▀▀▀▀▀▀▀▀▀▀▀[0m
[38;2;255;255;255;48;2;255;255;255m▀▀▀▀▀▀▀▀▀▀▀[38;2;254;254;247m▀[38;2;253;241;168;48;2;253;247;188m▀[38;2;245;104;17;48;2;246;136;57m▀[38;2;246;127;41;48;2;249;94;6m▀[38;2;254;246;180;48;2;251;230;156m▀[38;2;255;255;250;48;2;255;252;241m▀[38;2;255;254;245;48;2;254;251;224m▀[38;2;253;249;201;48;2;247;202;125m▀[38;2;254;247;182;48;2;245;121;34m▀[38;2;254;241;170;48;2;246;103;13m▀[38;2;252;227;152;48;2;249;90;2m▀[38;2;246;201;124;48;2;251;89;1m▀[38;2;247;191;112;48;2;251;89;2m▀[38;2;251;235;163;48;2;242;201;121m▀[38;2;254;253;238;48;2;254;253;236m▀[38;2;255;255;253;48;2;254;254;254m▀[38;2;254;247;185;48;2;254;250;212m▀[38;2;247;131;46;48;2;252;226;154m▀[38;2;252;88;3;48;2;248;202;125m▀[38;2;249;97;10;48;2;251;228;158m▀[38;2;249;208;126;48;2;253;248;187m▀[38;2;254;250;211;48;2;255;253;244m▀[38;2;252;247;185;48;2;254;254;249m▀[38;2;248;229;159;48;2;254;253;242m▀[38;2;248;221;152;48;2;255;253;244m▀[38;2;253;240;170;48;2;254;254;246m▀[38;2;254;248;198;48;2;254;255;254m▀[38;2;254;254;246;48;2;255;255;255m▀[38;2;255;255;255m▀[38;2;255;255;254m▀[38;2;255;255;255m▀▀[38;2;254;248;193;48;2;254;249;204m▀[38;2;243;130;41;48;2;247;206;127m▀[38;2;253;89;2;48;2;245;184;103m▀[38;2;247;153;69;48;2;249;220;144m▀[38;2;249;224;142;48;2;253;246;174m▀[38;2;249;98;9;48;2;250;205;120m▀[38;2;254;90;1;48;2;246;130;44m▀[38;2;255;89;1;48;2;247;118;32m▀[38;2;250;90;3;48;2;247;172;94m▀[38;2;247;193;108;48;2;253;245;178m▀[38;2;254;246;180;48;2;254;253;238m▀[38;2;249;222;154;48;2;254;254;243m▀[38;2;250;227;157;48;2;254;253;242m▀[38;2;254;248;203;48;2;254;254;247m▀[38;2;251;220;144;48;2;253;245;194m▀[38;2;247;95;11;48;2;250;217;141m▀[38;2;254;86;1;48;2;248;149;63m▀[38;2;254;87;1;48;2;251;92;7m▀[38;2;253;88;1;48;2;254;88;2m▀[38;2;249;113;24;48;2;253;89;2m▀[38;2;249;194;115;48;2;251;91;3m▀[38;2;254;242;176;48;2;246;132;44m▀[38;2;255;249;214;48;2;251;210;132m▀[38;2;255;254;248;48;2;254;244;182m▀[38;2;255;255;254;48;2;255;251;226m▀[38;2;255;255;255;48;2;255;255;254m▀[48;2;255;255;255m▀▀▀▀▀▀▀▀▀▀▀[0m
[38;2;255;255;255;48;2;255;255;255m▀▀▀▀▀▀▀▀▀▀▀▀[38;2;254;250;207;48;2;254;251;228m▀[38;2;245;174;91;48;2;250;212;131m▀[38;2;252;89;0;48;2;249;91;3m▀[38;2;247;204;122;48;2;242;165;82m▀[38;2;254;252;225;48;2;254;249;198m▀[38;2;254;250;220;48;2;254;251;227m▀[38;2;245;169;85;48;2;251;230;157m▀[38;2;251;89;0;48;2;245;189;105m▀[38;2;255;87;0;48;2;245;182;103m▀[48;2;244;186;108m▀[38;2;252;89;0;48;2;247;209;130m▀[38;2;247;95;4;48;2;251;229;152m▀[38;2;245;212;135;48;2;252;245;186m▀[38;2;254;253;237;48;2;254;254;248m▀[38;2;254;254;254;48;2;254;254;254m▀[38;2;255;254;252;48;2;230;228;227m▀[38;2;254;253;235;48;2;169;160;158m▀[38;2;254;253;234;48;2;120;108;104m▀[38;2;254;253;237;48;2;84;71;66m▀[38;2;253;254;250;48;2;85;71;66m▀[38;2;255;255;253;48;2;180;172;185m▀[38;2;236;236;234;48;2;90;80;92m▀[38;2;221;220;218;48;2;58;48;56m▀[38;2;255;254;253;48;2;183;174;214m▀[38;2;210;210;207;48;2;59;49;60m▀[38;2;160;154;151;48;2;48;36;38m▀[38;2;149;140;138;48;2;39;26;25m▀[38;2;154;144;142;48;2;36;20;16m▀[38;2;173;164;161;48;2;32;16;9m▀[38;2;197;191;190m▀[38;2;232;229;228;48;2;35;18;11m▀[38;2;250;249;239;48;2;54;38;31m▀[38;2;254;252;226;48;2;98;86;81m▀[48;2;154;147;142m▀[38;2;255;253;229;48;2;214;211;209m▀[38;2;254;253;242;48;2;251;251;249m▀[38;2;251;250;208;48;2;255;254;254m▀[38;2;254;244;193;48;2;255;255;255m▀[38;2;253;246;188m▀[38;2;254;249;200m▀[38;2;254;254;235m▀[38;2;254;255;254m▀[38;2;254;255;255m▀▀[38;2;255;255;255m▀[38;2;255;254;250m▀[38;2;253;251;219m▀[38;2;254;245;183;48;2;255;254;250m▀[38;2;251;213;137;48;2;254;250;218m▀[38;2;246;140;56;48;2;254;246;179m▀[38;2;250;93;6;48;2;250;218;140m▀[38;2;254;88;2;48;2;246;151;66m▀[38;2;254;89;0;48;2;251;98;10m▀[38;2;248;94;3;48;2;254;89;0m▀[38;2;244;151;66;48;2;247;93;8m▀[38;2;254;241;176;48;2;252;232;165m▀[38;2;255;255;251;48;2;255;255;251m▀[38;2;255;255;255;48;2;255;255;252m▀[48;2;255;255;253m▀[48;2;255;255;255m▀▀▀▀▀▀▀▀▀[0m
[38;2;255;255;255;48;2;255;255;255m▀▀▀▀▀▀▀▀▀▀▀▀[38;2;255;254;246m▀[38;2;254;243;171;48;2;254;249;197m▀[38;2;243;118;31;48;2;245;160;82m▀[38;2;244;121;36;48;2;247;99;12m▀[38;2;246;237;176;48;2;244;231;168m▀[38;2;94;85;70;48;2;99;86;99m▀[38;2;115;99;75;48;2;124;109;145m▀[38;2;131;115;87;48;2;90;73;112m▀[38;2;131;116;85;48;2;72;56;72m▀[38;2;159;147;120;48;2;35;18;18m▀[38;2;243;240;217;48;2;76;65;63m▀[38;2;255;252;239;48;2;179;174;173m▀[38;2;250;249;246;48;2;68;57;52m▀[38;2;185;183;181;48;2;32;16;13m▀[38;2;96;88;80;48;2;51;37;41m▀[38;2;37;23;17;48;2;106;95;124m▀[38;2;30;15;11;48;2;157;150;202m▀[38;2;47;31;36;48;2;181;178;240m▀[38;2;74;59;72;48;2;181;180;249m▀[38;2;93;78;100;48;2;177;178;250m▀[38;2;156;146;199;48;2;183;178;248m▀[38;2;169;163;221;48;2;181;179;246m▀[38;2;166;160;217m▀[38;2;183;180;247;48;2;181;179;247m▀[38;2;183;181;248;48;2;181;179;248m▀[38;2;182;180;246;48;2;182;180;248m▀[38;2;181;178;241;48;2;170;169;238m▀[38;2;177;174;235;48;2;180;179;247m▀[38;2;162;158;214;48;2;181;180;248m▀[38;2;136;129;172;48;2;181;179;249m▀[38;2;113;104;139;48;2;182;178;249m▀[38;2;85;74;94;48;2;182;179;249m▀[38;2;50;36;43;48;2;181;178;245m▀[38;2;33;16;12;48;2;159;154;208m▀[38;2;34;19;10;48;2;115;106;140m▀[38;2;64;52;45;48;2;65;49;63m▀[38;2;142;134;130;48;2;34;16;15m▀[38;2;224;221;220;48;2;38;21;16m▀[38;2;254;254;254;48;2;103;91;87m▀[38;2;255;255;255;48;2;206;202;200m▀[48;2;254;254;254m▀[48;2;255;255;255m▀▀▀▀▀▀▀▀[38;2;255;255;251m▀[38;2;254;251;223m▀[38;2;253;247;185;48;2;255;255;250m▀[38;2;251;228;150;48;2;254;252;226m▀[38;2;249;151;67;48;2;253;244;180m▀[38;2;245;98;14;48;2;251;225;155m▀[38;2;253;232;163;48;2;253;245;177m▀[38;2;254;251;220;48;2;251;221;141m▀[38;2;254;251;216;48;2;247;166;78m▀[38;2;253;250;216;48;2;247;170;86m▀[38;2;255;251;227;48;2;250;209;131m▀[38;2;255;254;245;48;2;254;243;173m▀[38;2;255;255;255;48;2;255;250;212m▀[48;2;255;255;252m▀[48;2;255;255;255m▀▀▀▀▀[0m
[38;2;255;255;255;48;2;255;255;255m▀▀▀▀▀▀▀▀▀▀▀▀[38;2;255;255;254;48;2;175;171;170m▀[38;2;224;219;187;48;2;72;58;43m▀[38;2;248;207;130;48;2;252;242;177m▀[38;2;244;110;22;48;2;245;211;128m▀[38;2;250;238;177;48;2;237;226;188m▀[38;2;182;172;234;48;2;134;126;195m▀[38;2;132;125;200;48;2;177;169;244m▀[38;2;164;155;230;48;2;175;167;244m▀[38;2;183;177;246;48;2;122;113;195m▀[38;2;120;113;171;48;2;89;80;162m▀[38;2;40;24;36;48;2;93;84;148m▀[38;2;31;15;15;48;2;135;126;169m▀[38;2;62;48;57;48;2;181;178;241m▀[38;2;137;126;168;48;2;181;178;247m▀[38;2;182;175;242;48;2;181;178;250m▀[38;2;182;181;250;48;2;181;181;248m▀[38;2;181;181;247m▀[38;2;181;180;247;48;2;152;149;224m▀[38;2;174;172;245;48;2;120;118;195m▀[38;2;131;128;205;48;2;162;159;234m▀[38;2;102;100;177;48;2;175;173;248m▀[38;2;178;175;245;48;2;181;178;248m▀[38;2;181;178;247;48;2;181;178;247m▀▀▀▀[38;2;165;162;234;48;2;180;177;248m▀[38;2;129;126;201;48;2;181;178;249m▀[38;2;144;142;215;48;2;144;142;217m▀[38;2;180;178;249;48;2;124;122;197m▀[38;2;181;178;248;48;2;179;176;247m▀[38;2;181;178;247;48;2;182;179;248m▀▀[38;2;182;179;248;48;2;182;180;247m▀[38;2;181;180;246;48;2;181;180;247m▀[38;2;181;180;244;48;2;181;181;246m▀[38;2;159;153;203;48;2;182;182;246m▀[38;2;101;86;110;48;2;181;181;245m▀[38;2;41;24;28;48;2;170;166;225m▀[38;2;34;19;17;48;2;99;87;116m▀[38;2;106;95;91;48;2;37;22;18m▀[38;2;226;223;221;48;2;44;30;23m▀[38;2;255;255;255;48;2;161;153;150m▀[48;2;253;252;252m▀[48;2;255;255;255m▀▀▀[48;2;244;244;243m▀[48;2;182;178;177m▀[48;2;146;141;139m▀[48;2;147;140;139m▀[38;2;255;255;254;48;2;183;176;175m▀[38;2;255;255;255;48;2;238;237;237m▀[38;2;255;255;249;48;2;255;255;255m▀[38;2;255;254;246;48;2;255;255;254m▀[38;2;254;250;215;48;2;255;252;221m▀[38;2;244;171;89;48;2;246;186;105m▀[38;2;254;88;0;48;2;250;100;12m▀[38;2;253;87;0;48;2;248;92;1m▀[38;2;252;90;3;48;2;253;90;2m▀[38;2;246;129;44;48;2;253;89;2m▀[38;2;251;223;144;48;2;243;118;32m▀[38;2;255;248;205;48;2;253;236;164m▀[38;2;255;255;254;48;2;255;253;242m▀[38;2;255;255;255;48;2;255;255;255m▀▀▀▀[0m
[38;2;255;255;255;48;2;255;255;255m▀▀▀▀▀▀▀▀[48;2;252;252;252m▀[48;2;164;159;160m▀[38;2;241;241;240;48;2;51;40;34m▀[38;2;175;170;170;48;2;32;19;10m▀[38;2;43;30;25;48;2;68;54;72m▀[38;2;112;100;125;48;2;185;177;243m▀[38;2;206;198;225;48;2;184;178;250m▀[38;2;212;203;215;48;2;137;130;204m▀[38;2;148;140;190;48;2;174;165;242m▀[38;2;179;171;246;48;2;137;128;209m▀[38;2;158;150;227;48;2;89;79;165m▀[38;2;98;88;174;48;2;109;103;182m▀[38;2;92;82;170;48;2;167;166;237m▀[38;2;138;129;208;48;2;183;180;252m▀[38;2;180;174;248;48;2;181;178;250m▀[38;2;182;178;247;48;2;181;178;248m▀[38;2;181;178;247;48;2;181;178;247m▀▀[38;2;181;178;249;48;2;178;175;248m▀[38;2;180;177;249;48;2;123;119;196m▀[38;2;131;128;205;48;2;156;152;229m▀[38;2;140;138;214;48;2;180;178;249m▀[38;2;179;177;249;48;2;180;179;249m▀[38;2;181;178;247;48;2;181;178;247m▀▀▀▀▀▀▀▀▀[38;2;181;179;251;48;2;182;179;246m▀[38;2;154;152;226;48;2;182;180;249m▀[38;2;118;114;194;48;2;155;151;228m▀[38;2;179;176;247;48;2;120;116;196m▀[38;2;181;178;249;48;2;181;178;249m▀[38;2;182;179;248;48;2;181;178;248m▀▀[38;2;181;180;247;48;2;181;180;248m▀[38;2;181;182;247;48;2;181;181;249m▀[38;2;182;181;247;48;2;182;181;246m▀[38;2;181;180;246;48;2;181;180;247m▀[48;2;181;180;248m▀[38;2;159;152;202;48;2;183;180;251m▀[38;2;66;51;61;48;2;181;176;243m▀[38;2;30;15;9;48;2;106;93;122m▀[38;2;103;94;93;48;2;32;17;16m▀[38;2;242;241;242;48;2;72;61;56m▀[38;2;255;255;255;48;2;210;208;206m▀[38;2;204;200;201;48;2;51;38;33m▀[38;2;58;45;44;48;2;69;55;68m▀[38;2;33;18;16;48;2;160;151;202m▀[38;2;40;25;27;48;2;176;170;233m▀[38;2;36;20;20;48;2;108;100;170m▀[38;2;31;16;10;48;2;144;136;192m▀[38;2;45;31;25;48;2;98;88;111m▀[38;2;132;124;121;48;2;34;21;18m▀[38;2;241;240;239;48;2;63;51;46m▀[38;2;255;253;237;48;2;219;217;216m▀[38;2;254;246;184;48;2;253;254;251m▀[38;2;253;239;166;48;2;254;254;244m▀[38;2;251;231;153;48;2;254;246;180m▀[38;2;248;210;128;48;2;249;207;127m▀[38;2;247;141;52;48;2;247;153;67m▀[38;2;250;91;2;48;2;251;91;3m▀[38;2;247;205;128;48;2;246;200;121m▀[38;2;254;253;236;48;2;254;253;236m▀[38;2;255;255;255;48;2;255;255;255m▀▀▀▀[0m
[38;2;255;255;255;48;2;255;255;255m▀▀▀▀▀▀[48;2;239;238;237m▀[38;2;238;237;237;48;2;76;62;64m▀[38;2;97;86;88;48;2;70;52;68m▀[38;2;40;22;25;48;2;168;157;212m▀[38;2;77;59;86;48;2;116;108;187m▀[38;2;72;61;104;48;2;117;108;190m▀[38;2;164;155;218;48;2;181;177;249m▀[38;2;186;178;248;48;2;180;172;246m▀[38;2;155;146;221;48;2;137;128;207m▀[38;2;157;148;226;48;2;117;107;190m▀[38;2;122;113;194;48;2;91;83;165m▀[38;2;90;80;163;48;2;147;142;220m▀[38;2;134;127;203;48;2;199;198;250m▀[38;2;202;212;248;48;2;213;227;253m▀[38;2;210;224;254;48;2;213;227;254m▀[38;2;206;216;252;48;2;214;226;254m▀[38;2;182;182;247;48;2;193;195;250m▀[38;2;181;178;249;48;2;181;178;249m▀[48;2;180;177;248m▀[38;2;178;175;247;48;2;122;117;195m▀[38;2;120;116;194;48;2;158;154;232m▀[38;2;160;156;232;48;2;182;178;252m▀[38;2;181;177;252;48;2;182;179;250m▀[38;2;182;179;250;48;2;182;179;249m▀[38;2;182;179;248;48;2;161;158;230m▀[48;2;174;171;244m▀[48;2;182;179;249m▀[38;2;181;178;247;48;2;182;179;248m▀[48;2;181;178;249m▀[48;2;181;178;248m▀[48;2;181;178;247m▀▀▀▀[38;2;182;179;248;48;2;182;179;248m▀▀[38;2;182;179;249;48;2;182;179;249m▀[38;2;143;140;216;48;2;182;178;250m▀[38;2;129;126;204;48;2;126;122;200m▀[38;2;181;178;248;48;2;151;147;223m▀[38;2;181;178;247;48;2;181;178;247m▀[38;2;187;183;245;48;2;205;197;250m▀[38;2;214;206;250;48;2;227;212;249m▀[38;2;223;208;249;48;2;229;209;248m▀[38;2;205;194;251;48;2;223;212;251m▀[38;2;182;179;249;48;2;187;182;248m▀[38;2;182;179;248;48;2;182;179;248m▀▀[38;2;183;179;247;48;2;182;178;247m▀[38;2;130;121;159;48;2;183;177;246m▀[38;2;35;21;18;48;2;140;134;175m▀[38;2;38;25;19;48;2;41;32;45m▀[38;2;60;45;58;48;2;98;87;151m▀[38;2;178;173;232;48;2;172;167;242m▀[38;2;181;180;248;48;2;182;180;248m▀[38;2;181;180;249;48;2;182;180;247m▀[38;2;163;162;235;48;2;182;179;248m▀[38;2;111;109;186;48;2;129;122;200m▀[38;2;181;179;249;48;2;156;153;227m▀[38;2;155;149;200;48;2;182;179;248m▀[38;2;51;39;46;48;2;167;161;217m▀[38;2;56;43;42;48;2;47;34;40m▀[38;2;228;225;224;48;2;92;80;78m▀[38;2;255;254;243;48;2;252;251;241m▀[38;2;250;221;150;48;2;250;220;149m▀[38;2;246;96;6;48;2;246;93;6m▀[38;2;254;87;0;48;2;248;119;35m▀[38;2;249;101;15;48;2;249;211;136m▀[38;2;251;226;149;48;2;254;246;191m▀[38;2;254;253;238;48;2;254;254;252m▀[38;2;255;255;255;48;2;255;255;255m▀▀▀▀[0m
[38;2;255;255;255;48;2;255;255;255m▀▀▀▀▀[38;2;252;252;251;48;2;168;161;162m▀[38;2;101;89;86;48;2;55;35;46m▀[38;2;77;57;76;48;2;176;170;230m▀[38;2;177;171;233;48;2;181;180;247m▀[38;2;177;172;243;48;2;152;148;223m▀[38;2;89;82;167;48;2;92;84;171m▀[38;2;156;148;227;48;2;178;174;247m▀[38;2;181;178;249;48;2;174;170;242m▀[38;2;142;136;214;48;2;95;88;170m▀[38;2;107;100;184;48;2;91;87;170m▀[38;2;93;86;169;48;2;162;158;235m▀[38;2;159;153;229;48;2;181;178;248m▀[38;2;181;178;247;48;2;181;180;245m▀[38;2;193;197;249;48;2;179;182;246m▀[38;2;214;226;254;48;2;196;202;251m▀[38;2;213;227;254;48;2;202;212;252m▀[38;2;214;226;254;48;2;189;195;246m▀[38;2;188;190;247;48;2;180;180;246m▀[38;2;181;178;250;48;2;148;144;223m▀[38;2;131;127;205;48;2;133;128;210m▀[38;2;149;144;223;48;2;181;178;248m▀[38;2;181;178;248;48;2;181;178;247m▀[38;2;182;179;249;48;2;182;179;249m▀[48;2;177;174;246m▀[38;2;155;151;225;48;2;94;90;168m▀[38;2;94;89;172;48;2;152;148;222m▀[38;2;173;168;240;48;2;194;185;249m▀[38;2;208;193;248;48;2;231;205;252m▀[38;2;227;203;250;48;2;234;205;248m▀[38;2;207;192;250;48;2;233;204;252m▀[38;2;181;178;248;48;2;188;183;246m▀[38;2;181;178;247;48;2;183;178;247m▀[38;2;190;183;247;48;2;224;202;250m▀[38;2;212;195;248;48;2;231;206;247m▀[38;2;210;194;250;48;2;232;205;248m▀[38;2;184;180;248;48;2;204;190;249m▀[38;2;182;179;248;48;2;182;179;248m▀[48;2;181;178;247m▀[38;2;182;179;249;48;2;182;179;248m▀[38;2;179;176;247m▀[38;2;111;108;187;48;2;164;160;234m▀[38;2;169;166;238;48;2;117;112;192m▀[38;2;199;193;250;48;2;183;178;248m▀[38;2;227;211;250;48;2;204;194;250m▀[38;2;230;209;249;48;2;217;202;251m▀[38;2;223;211;250;48;2;196;191;249m▀[38;2;187;182;248;48;2;181;178;249m▀[38;2;182;179;248;48;2;182;179;248m▀▀[38;2;182;178;248m▀[48;2;181;178;247m▀[38;2;182;179;249;48;2;182;179;248m▀[38;2;152;146;214;48;2;183;177;249m▀[38;2;93;81;168;48;2;143;136;213m▀[38;2;108;97;182;48;2;89;78;165m▀[38;2;178;173;244;48;2;125;115;197m▀[38;2;182;179;247;48;2;183;178;250m▀[38;2;182;179;248;48;2;181;179;249m▀[38;2;172;167;242;48;2;182;179;250m▀[38;2;120;116;193;48;2;121;117;194m▀[38;2;181;178;249;48;2;175;172;245m▀[38;2;182;178;246;48;2;182;178;248m▀[38;2;143;134;183;48;2;182;178;244m▀[38;2;34;15;13;48;2;72;58;73m▀[38;2;190;184;176;48;2;102;87;84m▀[38;2;252;245;179;48;2;254;253;250m▀[38;2;249;222;149;48;2;254;252;244m▀[38;2;253;240;170;48;2;254;253;248m▀[38;2;255;249;207;48;2;255;255;254m▀[38;2;255;254;249;48;2;255;255;255m▀[38;2;255;255;255m▀▀▀▀▀[0m
[38;2;255;255;255;48;2;255;255;255m▀▀▀▀[38;2;242;241;239;48;2;158;152;151m▀[38;2;58;42;41;48;2;89;74;98m▀[38;2;151;137;186;48;2;183;178;244m▀[38;2;180;179;247;48;2;181;178;247m▀[38;2;181;180;249;48;2;181;178;248m▀[38;2;134;129;208;48;2;125;119;199m▀[38;2;115;106;191;48;2;131;123;204m▀[38;2;181;177;250;48;2;154;147;225m▀[38;2;127;122;200;48;2;89;81;165m▀[38;2;91;84;166;48;2;152;148;225m▀[38;2;161;157;232;48;2;182;179;251m▀[38;2;182;178;250;48;2;182;179;248m▀[38;2;182;179;249m▀[38;2;182;180;246m▀[38;2;181;180;247;48;2;183;180;249m▀[38;2;181;180;249;48;2;182;181;247m▀[38;2;180;181;250;48;2;182;181;249m▀[38;2;181;180;252;48;2;180;178;252m▀[38;2;168;165;240;48;2;115;111;189m▀[38;2;118;113;192;48;2;172;169;245m▀[38;2;182;180;250;48;2;182;181;251m▀[38;2;181;178;247;48;2;181;178;247m▀[48;2;181;178;248m▀[38;2;182;179;249;48;2;165;161;234m▀[38;2;136;132;207;48;2;94;89;171m▀[38;2;114;110;187;48;2;160;157;231m▀[38;2;181;178;248;48;2;181;178;247m▀[38;2;193;185;250;48;2;183;178;248m▀[38;2;232;204;251;48;2;205;191;247m▀[38;2;232;205;246;48;2;214;198;249m▀[38;2;230;204;252;48;2;199;188;248m▀[38;2;187;183;246;48;2;182;179;247m▀[38;2;184;181;248;48;2;181;180;248m▀[38;2;224;204;250;48;2;199;188;247m▀[38;2;232;205;246;48;2;219;202;249m▀[38;2;232;206;249;48;2;212;197;247m▀[38;2;204;191;249;48;2;185;180;246m▀[38;2;182;179;248;48;2;181;179;248m▀[38;2;181;178;247;48;2;181;178;247m▀[38;2;182;179;248;48;2;182;179;248m▀▀[38;2;182;179;250;48;2;182;179;250m▀[38;2;134;130;207;48;2;177;173;246m▀[38;2;148;145;219;48;2;109;105;183m▀[38;2;180;179;247;48;2;178;177;246m▀[38;2;181;180;248;48;2;182;181;249m▀[48;2;182;179;248m▀[38;2;181;178;249m▀[38;2;182;179;248m▀▀▀[38;2;181;178;247;48;2;181;178;247m▀[38;2;182;179;248m▀[38;2;183;177;249m▀[38;2;182;177;250m▀[38;2;122;114;196;48;2;176;172;244m▀[38;2;90;79;165;48;2;99;90;174m▀[38;2;152;144;222;48;2;98;86;173m▀[38;2;182;179;250;48;2;175;170;247m▀[38;2;181;178;249;48;2;181;178;249m▀[38;2;151;147;221;48;2;176;173;245m▀[38;2;151;147;223;48;2;131;127;202m▀[38;2;181;179;250;48;2;180;179;247m▀[38;2;181;179;251;48;2;181;179;249m▀[38;2;133;125;169;48;2;169;164;225m▀[38;2;39;22;17;48;2;38;23;28m▀[38;2;149;139;136;48;2;33;15;11m▀[38;2;244;242;242;48;2;62;46;42m▀[38;2;254;254;254;48;2;200;193;195m▀[48;2;254;254;254m▀[38;2;255;255;255m▀▀[48;2;255;255;255m▀▀▀▀[0m
[38;2;255;255;255;48;2;255;255;255m▀▀▀[38;2;252;252;252;48;2;207;204;203m▀[38;2;66;55;55;48;2;78;64;81m▀[38;2;162;157;211;48;2;182;178;246m▀[38;2;180;180;248;48;2;180;181;248m▀[38;2;180;179;247;48;2;182;181;251m▀[38;2;180;179;248;48;2;182;180;254m▀[38;2;119;113;192;48;2;121;115;195m▀[38;2;136;128;209;48;2;95;87;170m▀[38;2;94;87;168;48;2;110;103;184m▀[38;2;135;129;209;48;2;181;178;250m▀[38;2;182;179;250;48;2;180;180;248m▀[38;2;182;179;248;48;2;182;179;248m▀▀▀[38;2;181;178;247;48;2;181;178;247m▀▀[38;2;182;179;248;48;2;182;179;248m▀[48;2;173;169;241m▀[38;2;140;136;212;48;2;116;111;190m▀[38;2;146;142;217;48;2;182;179;249m▀[38;2;182;180;248;48;2;183;179;248m▀[38;2;181;180;248;48;2;183;177;248m▀[38;2;182;178;248;48;2;130;121;200m▀[38;2;143;139;214;48;2;88;80;161m▀[38;2;91;82;166;48;2;90;81;165m▀[38;2;108;100;184;48;2;141;133;215m▀[38;2;183;177;254;48;2;181;179;253m▀[38;2;180;178;249;48;2;180;179;249m▀[38;2;181;178;247;48;2;181;178;247m▀[38;2;183;177;247m▀[38;2;183;178;245m▀[38;2;183;177;247m▀[38;2;182;177;249;48;2;181;178;248m▀[38;2;181;178;249;48;2;181;178;249m▀[38;2;182;179;248m▀[38;2;181;179;251;48;2;182;179;248m▀[38;2;182;178;252;48;2;180;180;247m▀[38;2;181;178;249;48;2;181;179;247m▀[48;2;182;178;248m▀▀[38;2;182;179;248;48;2;182;179;249m▀▀[38;2;181;178;249;48;2;182;179;248m▀▀[38;2;147;143;218;48;2;180;177;247m▀[38;2;137;134;209;48;2;110;105;180m▀[38;2;182;180;251;48;2;179;173;247m▀[38;2;182;179;248;48;2;183;177;247m▀▀[48;2;181;178;247m▀▀▀[38;2;181;178;247m▀▀▀▀▀[38;2;153;146;223;48;2;181;177;248m▀[38;2;90;78;164;48;2;113;106;185m▀[38;2;129;121;203;48;2;92;83;166m▀[38;2;181;178;250;48;2;169;165;239m▀[38;2;181;178;249;48;2;182;179;250m▀[38;2;131;127;202;48;2;134;131;206m▀[38;2;182;179;249;48;2;181;178;248m▀[38;2;182;179;248;48;2;182;179;248m▀[38;2;183;178;248;48;2;182;178;249m▀[38;2;88;79;145;48;2;95;88;168m▀[38;2;57;41;60;48;2;154;146;215m▀[38;2;34;16;9;48;2;100;88;114m▀[38;2;40;23;16;48;2;33;16;8m▀[38;2;162;153;153;48;2;35;18;12m▀[38;2;253;253;253;48;2;147;137;138m▀[38;2;254;254;254;48;2;254;253;254m▀[38;2;255;255;255;48;2;254;254;254m▀▀[48;2;255;255;255m▀▀[0m
[38;2;255;255;255;48;2;255;255;255m▀▀▀[38;2;140;135;132;48;2;89;81;79m▀[38;2;132;122;162;48;2;173;168;226m▀[38;2;181;179;249;48;2;182;179;250m▀[38;2;181;180;247;48;2;181;180;247m▀[38;2;183;181;252;48;2;182;180;251m▀[38;2;182;180;255;48;2;181;179;252m▀[38;2;134;128;208;48;2;105;100;178m▀[38;2;92;85;166;48;2;141;135;208m▀[38;2;172;165;241;48;2;183;178;250m▀[38;2;182;179;249;48;2;182;180;247m▀[38;2;180;180;248;48;2;180;179;247m▀[38;2;181;179;248;48;2;181;178;247m▀[38;2;181;178;248m▀[38;2;181;178;247m▀▀▀[38;2;181;178;248;48;2;167;163;236m▀[38;2;126;121;200;48;2;121;116;195m▀[38;2;163;158;237;48;2;181;177;254m▀[38;2;182;178;252;48;2;178;172;248m▀[38;2;180;175;246;48;2;114;106;184m▀[38;2;121;111;188;48;2;153;145;192m▀[38;2;129;121;176;48;2;250;248;239m▀[38;2;215;213;229;48;2;213;212;196m▀[38;2;119;110;169;48;2;54;45;53m▀[38;2;169;159;233;48;2;74;62;79m▀[38;2;181;178;251;48;2;115;106;146m▀[38;2;181;179;250;48;2;180;177;248m▀[38;2;181;178;247;48;2;181;178;248m▀▀[48;2;181;178;247m▀▀[48;2;182;178;248m▀[48;2;155;149;202m▀[38;2;181;178;248;48;2;91;82;106m▀[38;2;182;179;248;48;2;80;67;92m▀[38;2;181;180;246;48;2;126;119;159m▀[38;2;181;180;248;48;2;181;180;244m▀[48;2;180;182;248m▀[48;2;181;180;251m▀[38;2;144;140;217;48;2;118;110;193m▀[38;2;138;134;213;48;2;112;105;187m▀[38;2;182;179;249;48;2;182;178;251m▀[38;2;182;179;248;48;2;183;178;249m▀▀[38;2;146;141;213;48;2;179;174;247m▀[38;2;143;135;212;48;2;112;104;186m▀[38;2;183;177;247;48;2;182;176;248m▀[48;2;182;178;247m▀[38;2;181;178;247;48;2;181;178;247m▀▀▀▀▀▀▀▀[38;2;181;178;249;48;2;181;178;248m▀[38;2;160;155;230;48;2;181;178;249m▀[38;2;89;80;163;48;2;110;101;183m▀[38;2;128;124;200;48;2;94;87;170m▀[38;2;182;179;250;48;2;177;173;247m▀[38;2;144;140;216;48;2;152;148;224m▀[38;2;174;171;241;48;2;167;164;236m▀[38;2;182;179;248;48;2;182;180;251m▀[38;2;181;178;249;48;2;176;173;246m▀[38;2;91;87;169;48;2;86;81;166m▀[38;2;157;152;230;48;2;169;164;241m▀[38;2;182;178;247;48;2;182;181;248m▀[38;2;106;93;124;48;2;184;179;245m▀[38;2;33;15;12;48;2;97;81;104m▀[38;2;35;18;13;48;2;33;16;9m▀[38;2;158;148;148;48;2;40;23;17m▀[38;2;254;254;254;48;2;198;192;193m▀[48;2;254;254;254m▀[38;2;255;255;255;48;2;255;255;255m▀▀[0m
[38;2;255;255;255;48;2;255;255;255m▀▀[38;2;248;248;248;48;2;223;223;223m▀[38;2;73;64;71;48;2;92;83;103m▀[38;2;183;181;244;48;2;181;179;247m▀[38;2;182;179;249;48;2;182;180;246m▀[38;2;185;184;244;48;2;201;198;245m▀[38;2;231;231;249;48;2;255;254;255m▀[38;2;213;212;235;48;2;255;255;255m▀[38;2;197;196;219;48;2;255;255;254m▀[38;2;246;247;252;48;2;254;255;254m▀[38;2;197;195;246;48;2;205;203;246m▀[38;2;181;179;247;48;2;129;125;201m▀[38;2;180;179;247;48;2;154;150;227m▀[38;2;181;178;247;48;2;181;178;248m▀[48;2;181;178;247m▀▀▀[48;2;173;169;242m▀[38;2;124;119;197;48;2;119;114;193m▀[38;2;166;162;240;48;2;176;172;249m▀[38;2;175;170;248;48;2;108;102;177m▀[38;2;111;103;179;48;2;179;175;201m▀[38;2;170;165;197;48;2;253;252;238m▀[38;2;253;252;241;48;2;255;251;234m▀[38;2;251;248;235;48;2;204;198;185m▀[38;2;73;65;59;48;2;93;76;99m▀[38;2;113;103;164;48;2;133;123;201m▀[38;2;181;178;244;48;2;182;179;249m▀[38;2;111;101;139;48;2;181;180;247m▀[38;2;85;75;104;48;2;156;151;210m▀[38;2;181;178;248;48;2;181;179;249m▀[38;2;181;178;249;48;2;181;178;249m▀[38;2;181;178;247;48;2;181;178;247m▀▀[38;2;175;171;236;48;2;182;179;248m▀[38;2;77;70;94;48;2;183;181;248m▀[38;2;136;131;175;48;2;181;182;247m▀[38;2;148;143;191;48;2;180;181;248m▀[38;2;80;67;92;48;2;183;178;245m▀[38;2;82;72;95;48;2;93;80;106m▀[38;2;178;177;240;48;2;103;91;122m▀[38;2;178;172;247;48;2;148;139;214m▀[38;2;95;82;170;48;2;103;91;168m▀[38;2;91;79;166;48;2;128;117;185m▀[38;2;171;164;240;48;2;137;128;209m▀[38;2;183;177;249;48;2;183;177;248m▀▀[48;2;183;177;249m▀[38;2;129;123;202;48;2;164;159;234m▀[38;2;157;155;229;48;2;124;121;199m▀[38;2;181;178;247;48;2;182;179;248m▀[48;2;181;178;247m▀▀▀▀▀▀▀▀▀▀[38;2;148;141;219;48;2;177;173;246m▀[38;2;88;78;164;48;2;91;82;166m▀[38;2;150;144;222;48;2;122;115;195m▀[38;2;154;150;227;48;2;154;150;226m▀[38;2;162;161;233;48;2;163;161;230m▀[38;2;181;180;253;48;2;180;179;248m▀[38;2;161;157;234;48;2;135;132;210m▀[38;2;92;86;171;48;2;116;110;193m▀[38;2;180;176;249;48;2;181;178;248m▀[38;2;181;181;248;48;2;181;180;247m▀[38;2;182;181;251;48;2;181;181;247m▀[38;2;184;177;245;48;2;182;182;248m▀[38;2;75;61;76;48;2;171;165;223m▀[38;2;33;16;8;48;2;44;28;28m▀[38;2;63;48;43;48;2;33;16;9m▀[38;2;244;242;243;48;2;152;144;143m▀[38;2;255;255;255;48;2;255;255;255m▀▀[0m
[38;2;255;255;255;48;2;255;255;255m▀▀[38;2;198;196;195;48;2;181;177;175m▀[38;2;111;101;137;48;2;127;116;155m▀[38;2;181;178;247;48;2;183;178;248m▀[48;2;181;180;246m▀[38;2;186;180;245;48;2;183;183;246m▀[38;2;235;231;249;48;2;245;244;253m▀[38;2;255;255;255;48;2;255;255;255m▀▀[38;2;251;251;253m▀[38;2;193;189;236;48;2;198;194;220m▀[38;2;164;158;231;48;2;175;166;240m▀[38;2;178;174;247;48;2;183;177;249m▀[38;2;181;178;247;48;2;181;178;248m▀[48;2;181;178;247m▀▀[48;2;181;178;250m▀[38;2;139;135;211;48;2;120;115;194m▀[38;2;155;151;227;48;2;170;166;237m▀[38;2;109;103;180;48;2;179;173;205m▀[38;2;175;172;201;48;2;254;251;235m▀[38;2;253;252;234;48;2;255;251;232m▀[38;2;254;252;231m▀[38;2;255;251;231m▀[38;2;226;222;205;48;2;255;252;233m▀[38;2;162;148;179;48;2;180;172;201m▀[38;2;144;135;214;48;2;151;142;221m▀[38;2;182;178;248;48;2;182;178;248m▀[38;2;181;178;247;48;2;181;178;247m▀▀▀▀▀▀[38;2;181;180;248m▀[38;2;181;182;249;48;2;182;179;248m▀▀▀▀[38;2;178;175;236m▀[38;2;58;44;61;48;2;141;132;199m▀[38;2;100;85;147;48;2;132;120;172m▀[38;2;207;204;221;48;2;253;252;238m▀[38;2;213;208;218;48;2;251;249;238m▀[38;2;105;94;178;48;2;111;101;171m▀[38;2;182;176;248;48;2;164;158;232m▀[38;2;182;178;247;48;2;182;178;247m▀[38;2;181;178;247;48;2;181;178;247m▀[38;2;180;177;247m▀[38;2;110;106;184;48;2;126;122;199m▀[38;2;180;177;248;48;2;163;160;234m▀[38;2;181;178;247;48;2;181;178;247m▀▀▀▀▀▀▀▀▀▀[38;2;181;178;248m▀[38;2;113;104;187;48;2;136;128;208m▀[38;2;98;88;173;48;2;89;79;164m▀[38;2;146;142;218;48;2;129;122;202m▀[38;2;171;167;238;48;2;180;175;249m▀[38;2;180;178;250;48;2;162;158;231m▀[38;2;103;98;183;48;2;90;86;167m▀[38;2;146;141;217;48;2;176;172;246m▀[38;2;181;179;246;48;2;181;178;248m▀[38;2;180;179;247;48;2;180;179;247m▀[38;2;182;181;249m▀[38;2;182;182;249;48;2;181;180;248m▀[38;2;181;181;249;48;2;181;179;248m▀[38;2;126;116;151;48;2;177;177;241m▀[38;2;33;16;11;48;2;54;38;46m▀[38;2;61;46;43;48;2;35;17;13m▀[38;2;251;250;250;48;2;207;203;203m▀[38;2;255;255;255;48;2;255;255;255m▀[0m
[38;2;255;255;255;48;2;255;255;255m▀▀[38;2;176;170;169;48;2;178;173;170m▀[38;2;139;128;169;48;2;139;128;170m▀[38;2;181;180;246;48;2;183;180;246m▀[38;2;182;180;246m▀[38;2;187;186;244;48;2;168;165;236m▀[38;2;250;249;253;48;2;133;126;187m▀[38;2;255;254;255;48;2;201;195;247m▀[38;2;230;227;247;48;2;185;176;250m▀[38;2;229;226;242;48;2;100;88;170m▀[38;2;164;158;206;48;2;155;146;222m▀[38;2;182;176;250;48;2;184;178;251m▀[38;2;183;177;248;48;2;183;177;247m▀[38;2;182;178;247;48;2;182;178;247m▀[38;2;181;178;247;48;2;181;178;247m▀▀[38;2;174;171;242;48;2;158;155;224m▀[38;2;137;133;208;48;2;179;176;233m▀[38;2;213;211;239;48;2;251;247;237m▀[38;2;254;251;232;48;2;255;252;233m▀[38;2;255;251;231;48;2;255;252;231m▀[48;2;255;252;232m▀[48;2;255;252;231m▀[48;2;255;251;231m▀▀[38;2;176;167;198;48;2;181;172;202m▀[38;2;154;144;224;48;2;153;143;223m▀[38;2;182;178;248;48;2;182;178;248m▀[38;2;181;178;247;48;2;181;178;247m▀▀▀▀▀▀▀[38;2;182;178;247m▀▀[38;2;183;177;247;48;2;183;177;247m▀[38;2;181;178;247;48;2;181;178;248m▀[38;2;181;177;246;48;2;148;142;216m▀[38;2;109;99;176;48;2;139;128;181m▀[38;2;213;208;219;48;2;254;251;236m▀[38;2;255;253;233;48;2;255;253;232m▀[38;2;255;252;234m▀[38;2;169;162;199;48;2;229;225;227m▀[38;2;134;125;203;48;2;106;96;173m▀[38;2;182;178;249;48;2;182;177;249m▀[38;2;181;178;247;48;2;182;179;248m▀[48;2;181;179;248m▀[38;2;152;147;222;48;2;171;169;242m▀[38;2;142;138;214;48;2;122;118;196m▀[38;2;181;178;248;48;2;181;178;248m▀[38;2;181;178;247;48;2;181;178;247m▀▀▀▀▀▀▀▀▀▀[38;2;154;147;225;48;2;167;162;236m▀[38;2;89;79;165;48;2;88;78;164m▀[38;2;115;108;188;48;2;134;127;207m▀[38;2;183;177;253;48;2;157;150;227m▀[38;2;116;110;187;48;2;92;86;164m▀[38;2;128;124;201;48;2;173;169;245m▀[38;2;181;178;250;48;2;181;179;249m▀[38;2;181;178;249;48;2;181;178;249m▀[38;2;181;178;247;48;2;181;178;247m▀▀▀▀[38;2;181;179;247m▀[38;2;111;99;135;48;2;152;144;197m▀[38;2;33;16;8;48;2;33;16;7m▀[38;2;164;158;154;48;2;143;136;128m▀[38;2;255;255;253;48;2;255;255;252m▀[0m
[38;2;255;255;255;48;2;255;255;255m▀▀[38;2;188;182;179;48;2;208;204;202m▀[38;2;132;121;159;48;2;119;109;141m▀[38;2;186;179;247;48;2;188;179;247m▀[38;2;185;179;247;48;2;187;180;248m▀[38;2;147;143;216;48;2;128;123;197m▀[38;2;125;117;195;48;2;145;137;211m▀[38;2;184;178;247;48;2;185;178;246m▀[38;2;160;152;228;48;2;135;126;205m▀[38;2;98;86;172;48;2;126;115;199m▀[38;2;183;175;250;48;2;185;178;249m▀[38;2;183;179;248;48;2;180;180;248m▀[38;2;182;178;247m▀[48;2;182;179;248m▀[38;2;181;178;247m▀▀[38;2;182;179;246;48;2;206;201;240m▀[38;2;232;231;242;48;2;254;252;238m▀[38;2;255;251;234;48;2;239;236;219m▀[38;2;254;252;235;48;2;231;227;212m▀[38;2;255;253;231;48;2;255;252;238m▀[38;2;255;253;232;48;2;255;252;236m▀[38;2;255;252;232;48;2;255;252;232m▀[38;2;255;251;231;48;2;255;251;231m▀▀[38;2;192;183;209;48;2;211;204;215m▀[38;2;145;135;215;48;2;133;123;201m▀[38;2;183;178;247;48;2;183;177;247m▀[38;2;182;178;247m▀▀▀[38;2;181;178;247;48;2;180;179;247m▀[48;2;181;178;247m▀▀▀▀▀[38;2;183;177;247;48;2;182;176;248m▀[38;2;173;169;241;48;2;116;108;186m▀[38;2;103;93;168;48;2;182;173;202m▀[38;2;228;222;227;48;2;254;252;235m▀[38;2;254;252;232;48;2;254;252;232m▀[38;2;255;253;232;48;2;255;253;232m▀▀[38;2;254;251;235;48;2;255;251;232m▀[38;2;128;118;179;48;2;187;180;209m▀[38;2;165;161;233;48;2;136;128;205m▀[38;2;182;179;248;48;2;181;180;248m▀[38;2;181;180;248;48;2;180;181;248m▀[38;2;179;179;250;48;2;181;181;248m▀[38;2;114;110;189;48;2;118;115;193m▀[38;2;181;178;249;48;2;180;176;251m▀[38;2;181;178;248;48;2;181;178;250m▀[38;2;181;178;247;48;2;181;178;248m▀[48;2;181;178;247m▀▀▀▀▀▀▀▀[38;2;174;168;242;48;2;176;170;245m▀[38;2;88;78;164;48;2;89;79;165m▀[38;2;132;124;206m▀[38;2;100;93;173;48;2;126;118;194m▀[38;2;142;136;214;48;2;181;178;249m▀[38;2;182;179;252;48;2;181;180;248m▀[38;2;181;181;247m▀[38;2;181;178;248;48;2;180;179;247m▀[38;2;181;178;247;48;2;181;178;247m▀▀▀▀▀[38;2;173;167;229;48;2;179;173;236m▀[38;2;35;17;11;48;2;41;19;15m▀[38;2;144;138;131;48;2;173;166;161m▀[38;2;255;255;252;48;2;255;255;253m▀[0m
[38;2;255;255;255;48;2;255;255;255m▀▀[38;2;238;236;235;48;2;254;254;254m▀[38;2;102;91;116;48;2;99;89;100m▀[38;2;189;180;241;48;2;190;182;238m▀[38;2;188;180;242;48;2;189;181;239m▀[38;2;113;108;183;48;2;109;100;178m▀[38;2;163;155;228;48;2;174;163;235m▀[38;2;185;178;246;48;2;189;180;245m▀[38;2;118;109;189;48;2;102;92;174m▀[38;2;149;138;216;48;2;169;159;233m▀[38;2;188;178;247;48;2;188;179;246m▀[38;2;184;178;248;48;2;187;178;246m▀▀[38;2;183;178;248;48;2;188;178;246m▀[38;2;182;179;248;48;2;187;178;246m▀[38;2;182;179;245;48;2;189;183;241m▀[38;2;237;234;239;48;2;250;248;241m▀[38;2;239;236;224;48;2;141;136;126m▀[38;2;95;85;72;48;2;31;16;7m▀[38;2;43;33;20;48;2;32;18;9m▀[38;2;195;189;176;48;2;41;28;18m▀[38;2;255;251;235;48;2;200;192;179m▀[38;2;255;251;232;48;2;255;250;233m▀[38;2;255;251;231;48;2;255;251;232m▀[48;2;255;251;233m▀[38;2;239;232;228;48;2;254;249;235m▀[38;2;119;107;184;48;2;126;113;178m▀[38;2;183;177;247;48;2;177;171;243m▀[48;2;183;178;249m▀[38;2;182;176;247;48;2;119;111;187m▀[38;2;183;177;247;48;2;155;150;222m▀[38;2;181;178;247;48;2;184;178;249m▀[38;2;178;175;244;48;2;137;131;204m▀[38;2;159;156;227;48;2;104;98;174m▀[38;2;181;178;247;48;2;179;176;246m▀[48;2;181;178;247m▀[38;2;181;178;248;48;2;147;142;219m▀[38;2;136;128;207;48;2;120;111;172m▀[38;2;138;130;184;48;2;244;240;234m▀[38;2;252;249;233;48;2;254;252;232m▀[38;2;254;251;232m▀[38;2;254;252;232;48;2;254;251;232m▀[38;2;255;253;232;48;2;255;251;232m▀[48;2;254;251;232m▀[38;2;255;251;232;48;2;216;213;194m▀[38;2;241;236;234;48;2;237;233;217m▀[38;2;111;102;177;48;2;137;130;182m▀[38;2;179;180;247;48;2;165;164;234m▀[38;2;180;180;248;48;2;182;179;248m▀[38;2;182;179;249;48;2;181;178;248m▀[38;2;126;123;200;48;2;137;132;207m▀[38;2;176;172;246;48;2;170;166;240m▀[38;2;181;178;248;48;2;181;178;249m▀[48;2;181;178;248m▀[38;2;181;178;247;48;2;182;179;248m▀[48;2;181;179;247m▀[48;2;181;180;248m▀▀[48;2;182;180;247m▀[48;2;181;180;246m▀[48;2;183;179;247m▀[38;2;198;198;244;48;2;233;231;250m▀[38;2;225;226;247;48;2;255;255;255m▀[38;2;124;118;178;48;2;247;247;250m▀[38;2;141;137;185;48;2;252;252;253m▀[38;2;246;245;250;48;2;255;255;255m▀[38;2;220;219;243;48;2;233;234;246m▀[38;2;181;180;248;48;2;182;179;247m▀[38;2;180;179;247;48;2;184;179;246m▀[38;2;181;180;248;48;2;181;180;246m▀[38;2;181;178;247;48;2;181;178;247m▀[48;2;182;178;247m▀▀[48;2;182;178;246m▀▀[38;2;169;163;222;48;2;147;139;186m▀[38;2;37;18;13;48;2;57;42;35m▀[38;2;214;210;207;48;2;251;251;250m▀[38;2;255;255;255;48;2;255;255;255m▀[0m
[38;2;255;255;255;48;2;255;255;255m▀▀▀[38;2;122;114;113;48;2;179;174;173m▀[38;2;183;174;221;48;2;145;132;163m▀[38;2;189;180;239;48;2;192;179;239m▀[38;2;106;94;174;48;2;103;91;173m▀[38;2;182;170;237;48;2;185;173;234m▀[38;2;185;176;239;48;2;180;168;231m▀[38;2;94;85;167;48;2;100;91;170m▀[38;2;185;175;242;48;2;187;178;240m▀[38;2;190;179;243;48;2;189;178;238m▀[38;2;189;177;243;48;2;190;178;239m▀▀[48;2;190;178;241m▀[38;2;189;178;244;48;2;169;158;215m▀[38;2;202;196;240;48;2;114;106;117m▀[38;2;254;252;239;48;2;242;239;224m▀[38;2;212;207;196;48;2;255;252;237m▀[38;2;52;38;30;48;2;224;216;205m▀[38;2;31;16;9;48;2;65;52;44m▀[38;2;33;16;9;48;2;33;16;9m▀[38;2;46;30;22;48;2;34;16;10m▀[38;2;176;168;155;48;2;33;16;9m▀[38;2;97;87;75;48;2;164;153;143m▀[38;2;254;250;233;48;2;255;252;233m▀[38;2;255;252;233;48;2;255;252;232m▀[38;2;188;179;206;48;2;251;247;234m▀[38;2;138;125;204;48;2;157;145;187m▀[38;2;160;148;225;48;2;134;122;177m▀[38;2;137;128;182;48;2;238;234;232m▀[38;2;118;110;176;48;2;226;224;222m▀[38;2;144;135;207;48;2;208;203;215m▀[38;2;187;184;208;48;2;254;251;240m▀[38;2;141;135;184;48;2;188;181;202m▀[38;2;170;161;237;48;2;106;95;169m▀[38;2;150;140;217;48;2;139;128;180m▀[38;2;119;109;175;48;2;241;235;233m▀[38;2;236;232;232;48;2;254;251;236m▀[38;2;240;236;223;48;2;175;168;156m▀[38;2;229;225;209;48;2;84;74;62m▀[38;2;255;251;232;48;2;192;186;171m▀[38;2;253;248;230;48;2;81;70;58m▀[38;2;190;184;171;48;2;31;16;8m▀[38;2;81;70;59;48;2;32;16;6m▀[38;2;30;16;7;48;2;32;16;8m▀[38;2;151;142;129;48;2;33;20;10m▀[38;2;197;188;210;48;2;196;188;186m▀[38;2;134;128;204;48;2;119;105;176m▀[38;2;182;176;250;48;2;136;125;203m▀[38;2;115;109;187;48;2;109;101;172m▀[38;2;129;121;202;48;2;91;82;164m▀[38;2;167;161;235;48;2;168;163;236m▀[38;2;181;178;248;48;2;183;177;248m▀[48;2;185;178;248m▀[38;2;182;179;248;48;2;185;178;247m▀[38;2;181;178;247;48;2;185;178;246m▀[38;2;182;179;248;48;2;187;178;245m▀[38;2;182;179;249;48;2;187;177;245m▀[38;2;180;181;247;48;2;185;178;246m▀[38;2;180;181;246;48;2;184;179;245m▀[38;2;182;179;246;48;2;185;178;244m▀[38;2;207;201;244;48;2;214;209;244m▀[38;2;254;254;254;48;2;254;254;254m▀[38;2;255;255;255;48;2;255;255;255m▀▀[38;2;254;254;254m▀[38;2;203;197;240;48;2;224;220;247m▀[38;2;188;178;246;48;2;188;179;246m▀[38;2;189;178;247;48;2;189;178;245m▀[38;2;184;178;246;48;2;188;179;243m▀[38;2;183;178;247;48;2;189;178;245m▀[38;2;183;178;248;48;2;189;178;246m▀▀[38;2;183;178;246m▀[38;2;182;179;245;48;2;188;178;243m▀[38;2;109;98;127;48;2;62;46;55m▀[38;2;115;108;104;48;2;195;193;192m▀[38;2;255;255;255;48;2;255;255;255m▀▀[0m
[38;2;255;255;255;48;2;255;255;255m▀▀▀[38;2;241;239;240m▀[38;2;102;84;99;48;2;121;105;108m▀[38;2;201;178;234;48;2;183;160;201m▀[38;2;113;100;179;48;2;125;111;186m▀[38;2;184;168;227;48;2;178;159;221m▀[38;2;183;168;225;48;2;185;168;224m▀[38;2;109;97;175;48;2;114;101;178m▀[38;2;193;179;238;48;2;196;180;235m▀[38;2;193;178;240;48;2;197;180;233m▀[38;2;192;178;240;48;2;196;179;235m▀[48;2;196;179;234m▀[38;2;192;178;239;48;2;196;179;235m▀[38;2;112;95;123;48;2;85;66;83m▀[38;2;33;14;10;48;2;34;14;10m▀[38;2;200;194;180;48;2;227;222;207m▀[38;2;255;252;235;48;2;255;252;233m▀[38;2;255;250;233;48;2;255;251;232m▀[38;2;236;229;215;48;2;255;250;231m▀[38;2;82;69;60;48;2;245;238;224m▀[38;2;32;17;9;48;2;103;91;82m▀[38;2;34;17;10;48;2;33;18;9m▀[38;2;59;43;34;48;2;34;17;7m▀[38;2;228;220;207;48;2;70;54;46m▀[38;2;255;251;233;48;2;239;234;220m▀[38;2;255;251;232;48;2;255;251;232m▀[38;2;255;251;233m▀[38;2;255;251;234;48;2;255;251;231m▀[38;2;255;251;233;48;2;255;250;230m▀[38;2;255;252;232;48;2;255;251;231m▀[38;2;255;252;233;48;2;255;251;232m▀[48;2;255;252;233m▀[38;2;254;251;234;48;2;255;253;232m▀[38;2;239;233;229;48;2;255;252;232m▀[38;2;254;249;234;48;2;255;251;232m▀[38;2;254;251;230;48;2;231;225;207m▀[38;2;254;251;235;48;2;111;102;91m▀[38;2;198;192;180;48;2;35;18;11m▀[38;2;33;19;10;48;2;33;15;8m▀[38;2;30;16;6;48;2;33;16;8m▀[38;2;33;17;8;48;2;32;17;9m▀[38;2;34;16;9;48;2;33;16;9m▀[38;2;33;16;7;48;2;71;55;47m▀[38;2;33;16;8;48;2;166;156;147m▀[38;2;44;29;20;48;2;243;237;224m▀[38;2;185;178;167;48;2;255;250;233m▀[38;2;217;210;218;48;2;254;251;232m▀[38;2;185;178;204;48;2;254;251;234m▀[38;2;230;229;235;48;2;254;251;238m▀[38;2;92;84;159;48;2;127;120;179m▀[38;2;176;167;237;48;2;178;169;238m▀[38;2;188;177;247;48;2;188;179;240m▀[38;2;188;178;246;48;2;189;178;240m▀[38;2;188;178;244m▀▀[38;2;188;178;242;48;2;190;178;239m▀[48;2;190;178;238m▀[38;2;188;177;240;48;2;193;177;240m▀[38;2;189;178;243;48;2;196;178;240m▀[38;2;189;178;244;48;2;195;178;240m▀[38;2;235;233;250;48;2;210;202;240m▀[38;2;254;254;254;48;2;214;211;229m▀[38;2;252;252;253;48;2;177;171;212m▀[38;2;252;251;253;48;2;197;189;232m▀[38;2;255;255;255;48;2;216;210;241m▀[38;2;241;240;249;48;2;200;192;235m▀[38;2;188;179;240;48;2;191;181;233m▀[38;2;189;179;239;48;2;192;180;235m▀[48;2;191;179;238m▀[38;2;189;179;240;48;2;189;179;238m▀▀[38;2;189;178;242;48;2;189;179;240m▀[38;2;189;178;244;48;2;190;179;239m▀[38;2;155;139;185;48;2;82;66;80m▀[38;2;68;55;54;48;2;170;165;164m▀[38;2;250;250;250;48;2;254;254;254m▀[38;2;255;255;255;48;2;255;255;255m▀▀[0m
[38;2;255;255;255;48;2;255;255;255m▀▀▀▀[38;2;196;191;190;48;2;245;245;245m▀[38;2;107;87;98;48;2;48;35;31m▀[38;2;150;130;191;48;2;159;138;177m▀[38;2;161;139;202;48;2;142;117;180m▀[38;2;192;170;222;48;2;199;176;221m▀[38;2;116;100;174;48;2;124;103;168m▀[38;2;199;179;231;48;2;204;177;225m▀[38;2;201;179;228;48;2;206;177;223m▀[38;2;200;179;230;48;2;205;177;224m▀[48;2;205;177;223m▀[38;2;200;180;231;48;2;200;176;219m▀[38;2;59;42;47;48;2;40;22;24m▀[38;2;45;27;20;48;2;69;53;45m▀[38;2;247;242;226;48;2;255;251;235m▀[38;2;255;253;232;48;2;255;251;231m▀[38;2;255;251;231m▀▀[38;2;255;250;232;48;2;255;251;232m▀[38;2;251;246;232;48;2;249;245;229m▀[38;2;128;116;107;48;2;205;197;185m▀[38;2;32;17;8;48;2;70;57;48m▀[38;2;34;15;8;48;2;33;16;8m▀[38;2;95;82;73;48;2;49;33;25m▀[38;2;254;250;232;48;2;252;247;230m▀[38;2;255;251;232;48;2;255;251;232m▀[38;2;255;251;231;48;2;255;251;231m▀▀▀▀[38;2;255;253;232;48;2;255;253;232m▀▀[38;2;254;251;231;48;2;220;215;197m▀[38;2;156;149;133;48;2;32;17;7m▀[38;2;44;30;19;48;2;33;16;8m▀[38;2;31;17;7m▀[38;2;33;16;8;48;2;42;25;17m▀[38;2;34;15;8;48;2;116;103;94m▀[38;2;34;17;9;48;2;213;205;194m▀[38;2;92;77;69;48;2;254;249;235m▀[38;2;192;183;168;48;2;255;251;232m▀[38;2;252;247;228;48;2;255;251;229m▀[38;2;255;251;233;48;2;255;251;230m▀[38;2;255;251;234;48;2;255;251;231m▀[38;2;255;251;232m▀[38;2;255;251;231m▀▀[38;2;255;250;237;48;2;249;244;234m▀[38;2;122;115;175;48;2;117;106;174m▀[38;2;191;176;240;48;2;196;179;234m▀[38;2;195;178;238;48;2;198;178;231m▀[38;2;194;179;237;48;2;198;178;230m▀[38;2;194;179;236;48;2;198;178;229m▀▀[38;2;194;180;235;48;2;202;178;229m▀▀[38;2;194;179;234;48;2;202;178;228m▀[38;2;197;178;231;48;2;203;178;225m▀[38;2;198;178;231;48;2;200;178;226m▀[38;2;174;159;221;48;2;136;121;191m▀[38;2;90;75;157;48;2;108;93;171m▀[38;2;173;157;218;48;2;200;177;226m▀[38;2;200;179;230;48;2;205;177;224m▀[38;2;200;179;232;48;2;207;179;224m▀[38;2;200;179;230;48;2;207;179;225m▀[38;2;200;178;228;48;2;206;178;226m▀[38;2;201;178;230;48;2;205;179;226m▀[38;2;196;179;230;48;2;201;179;225m▀[38;2;195;179;232;48;2;200;180;223m▀[38;2;195;178;235;48;2;200;179;225m▀[38;2;194;178;238;48;2;194;175;214m▀[38;2;152;139;178;48;2;63;45;49m▀[38;2;72;59;60;48;2;191;185;183m▀[38;2;249;248;248;48;2;255;255;255m▀[38;2;254;254;254;48;2;254;254;254m▀[38;2;255;255;255;48;2;255;255;255m▀▀[0m
[38;2;255;255;255;48;2;255;255;255m▀▀▀[48;2;240;239;238m▀[38;2;254;254;253;48;2;113;102;100m▀[38;2;68;59;53;48;2;35;21;17m▀[38;2;111;89;112;48;2;122;95;107m▀[38;2;131;104;168;48;2;177;144;192m▀[38;2;199;173;217;48;2;168;134;184m▀[38;2;133;106;168;48;2;158;125;182m▀[38;2;204;175;220;48;2;196;161;203m▀[38;2;207;178;220;48;2;214;181;211m▀[38;2;207;178;219;48;2;213;180;211m▀[38;2;207;177;222;48;2;214;179;214m▀[38;2;186;162;199;48;2;174;144;171m▀[38;2;33;15;14;48;2;35;13;9m▀[38;2;100;87;77;48;2;131;117;109m▀[38;2;255;251;236;48;2;250;246;233m▀[38;2;255;251;233;48;2;115;108;96m▀[38;2;240;235;218;48;2;43;27;18m▀[38;2;173;165;150;48;2;33;16;8m▀[38;2;107;97;84;48;2;32;17;5m▀[38;2;50;37;27;48;2;48;35;24m▀[38;2;31;15;7;48;2;122;110;99m▀[38;2;31;16;7;48;2;202;195;181m▀[38;2;63;47;39;48;2;252;248;234m▀[38;2;153;142;131;48;2;255;252;234m▀[38;2;255;251;232;48;2;255;251;232m▀▀[38;2;255;251;231;48;2;255;251;231m▀▀▀▀▀▀[38;2;196;191;173m▀[38;2;34;21;10;48;2;212;205;188m▀[38;2;33;16;8;48;2;89;76;65m▀[38;2;48;32;23;48;2;34;17;8m▀[38;2;197;189;179;48;2;35;19;8m▀[38;2;254;250;238;48;2;98;87;75m▀[38;2;255;250;236;48;2;206;198;186m▀[38;2;255;250;233;48;2;254;249;234m▀[38;2;255;251;231;48;2;255;251;232m▀▀[48;2;255;251;231m▀▀▀▀▀[38;2;224;218;221;48;2;181;172;200m▀[38;2;136;122;184;48;2;169;148;203m▀[38;2;202;178;225;48;2;206;179;221m▀[38;2;204;177;223;48;2;208;179;217m▀[38;2;204;177;222;48;2;210;179;216m▀[38;2;204;178;222;48;2;210;179;217m▀[48;2;211;179;217m▀[48;2;212;179;217m▀[38;2;205;180;220;48;2;211;180;213m▀[38;2;206;180;222;48;2;212;179;213m▀[38;2;207;180;222;48;2;211;179;215m▀[38;2;195;173;219;48;2;151;127;188m▀[38;2;100;84;164;48;2;111;91;169m▀[38;2;157;139;199;48;2;206;176;216m▀[38;2;206;178;219;48;2;214;180;211m▀▀[38;2;208;178;219;48;2;215;179;214m▀[38;2;209;178;220m▀[38;2;208;178;222m▀[38;2;206;179;218;48;2;214;180;214m▀[38;2;204;179;218;48;2;212;181;214m▀[38;2;204;180;218;48;2;210;182;214m▀[38;2;204;179;221;48;2;156;133;156m▀[38;2;111;91;109;48;2;63;48;49m▀[38;2;117;104;100;48;2;239;237;233m▀[38;2;254;254;251;48;2;255;255;254m▀[38;2;255;255;255;48;2;255;255;255m▀▀▀▀[0m
[38;2;255;255;255;48;2;255;255;255m▀[48;2;249;249;249m▀[38;2;236;235;235;48;2;87;73;70m▀[38;2;73;62;58;48;2;97;69;66m▀[38;2;78;50;48;48;2;224;183;185m▀[38;2;188;153;156;48;2;230;186;193m▀[38;2;227;183;203;48;2;230;185;197m▀[38;2;225;180;206;48;2;229;186;198m▀[38;2;161;118;171;48;2;220;179;203m▀[38;2;169;128;183;48;2;169;126;171m▀[38;2;173;132;183;48;2;151;104;162m▀[38;2;216;182;208;48;2;210;167;198m▀[38;2;218;183;207;48;2;222;183;207m▀[38;2;217;182;207;48;2;221;183;205m▀[38;2;156;127;147;48;2;140;112;124m▀[38;2;35;14;8;48;2;35;14;4m▀[38;2;164;150;140;48;2;194;174;161m▀[38;2;253;245;230;48;2;254;231;215m▀[38;2;74;59;49;48;2;230;210;195m▀[38;2;41;23;14;48;2;238;218;203m▀[38;2;103;87;79;48;2;253;239;222m▀[38;2;185;175;161;48;2;255;252;231m▀[38;2;246;241;223;48;2;255;251;231m▀[38;2;255;251;232m▀[38;2;254;252;232m▀[38;2;255;252;234m▀[38;2;254;252;233;48;2;203;161;148m▀[38;2;255;249;232;48;2;155;79;77m▀[38;2;255;250;232;48;2;160;89;84m▀[48;2;163;90;82m▀[48;2;168;99;90m▀[48;2;170;107;98m▀[38;2;255;250;231;48;2;176;120;109m▀[38;2;255;251;231;48;2;175;120;109m▀[48;2;174;117;107m▀[48;2;234;215;199m▀[48;2;255;250;231m▀[38;2;253;249;230;48;2;254;251;232m▀[38;2;184;177;161;48;2;255;252;233m▀[38;2;66;52;41;48;2;249;246;229m▀[38;2;33;17;5;48;2;165;156;145m▀[38;2;35;19;8;48;2;53;40;30m▀[38;2;97;84;74;48;2;32;16;7m▀[38;2;209;201;187;48;2;35;19;8m▀[38;2;255;250;233;48;2;104;90;81m▀[38;2;255;251;231;48;2;215;208;194m▀[38;2;255;251;232;48;2;255;250;232m▀[48;2;255;251;232m▀▀[38;2;255;251;233;48;2;234;227;228m▀[38;2;141;127;177;48;2;142;119;168m▀[38;2;200;174;213;48;2;217;178;206m▀[38;2;211;181;216;48;2;218;179;206m▀[38;2;214;180;212;48;2;220;181;204m▀[38;2;214;180;209;48;2;219;182;205m▀[38;2;215;180;210;48;2;218;181;207m▀[38;2;215;180;213;48;2;190;153;195m▀[38;2;209;177;210;48;2;127;96;159m▀[38;2;215;178;208;48;2;219;181;203m▀[38;2;217;178;206;48;2;217;178;205m▀[38;2;195;162;202;48;2;131;102;170m▀[38;2;107;84;163;48;2;125;98;165m▀[38;2;170;142;193;48;2;219;180;203m▀[38;2;219;182;208;48;2;223;183;200m▀[38;2;222;181;204;48;2;225;182;203m▀[48;2;225;182;202m▀[38;2;221;182;207;48;2;226;182;202m▀[38;2;220;183;207;48;2;227;182;204m▀[38;2;220;182;206;48;2;226;182;203m▀[38;2;221;181;210;48;2;217;179;199m▀[38;2;219;182;211;48;2;147;114;122m▀[38;2;177;146;166;48;2;48;20;22m▀[38;2;50;29;31;48;2;152;140;139m▀[38;2;201;195;193;48;2;255;255;253m▀[38;2;255;255;253;48;2;255;255;255m▀[38;2;255;255;255m▀▀▀▀▀[0m
[38;2;255;255;255;48;2;255;255;255m▀[38;2;164;156;156;48;2;98;85;80m▀[38;2;82;51;49;48;2;172;134;130m▀[38;2;230;186;185;48;2;238;192;192m▀[38;2;238;189;191;48;2;240;199;200m▀[38;2;234;188;191;48;2;250;241;239m▀[38;2;231;189;198;48;2;249;243;242m▀[38;2;249;236;238;48;2;255;255;253m▀[38;2;252;247;248;48;2;255;254;254m▀[38;2;207;166;196;48;2;191;151;188m▀[38;2;164;103;165;48;2;199;142;179m▀[38;2;183;133;172;48;2;226;179;188m▀[38;2;227;184;202;48;2;142;107;108m▀[38;2;212;171;187;48;2;102;80;78m▀[38;2;107;81;79;48;2;210;201;191m▀[38;2;109;90;78;48;2;254;242;228m▀[38;2;245;224;208;48;2;255;231;213m▀[38;2;246;215;197;48;2;243;209;188m▀[38;2;254;229;212;48;2;254;231;213m▀[38;2;251;225;207;48;2;239;201;183m▀[38;2;252;229;212;48;2;252;226;208m▀[38;2;254;246;227;48;2;254;246;226m▀[38;2;255;251;231;48;2;255;251;231m▀▀▀[48;2;254;248;228m▀[38;2;158;87;81;48;2;155;76;71m▀[38;2;245;188;176;48;2;254;200;186m▀[38;2;254;202;188;48;2;255;200;187m▀[38;2;255;200;184;48;2;255;198;189m▀[38;2;254;197;182m▀[38;2;253;196;183m▀[38;2;250;196;181m▀[38;2;248;193;178;48;2;255;198;190m▀[38;2;221;158;145;48;2;255;198;189m▀[38;2;141;63;56;48;2;230;167;157m▀[38;2;231;211;196;48;2;145;70;63m▀[38;2;255;250;231;48;2;247;237;220m▀[38;2;255;251;232;48;2;255;251;232m▀[38;2;255;253;232m▀[38;2;255;252;234;48;2;255;251;231m▀[38;2;242;238;222;48;2;255;250;231m▀[38;2;144;133;121;48;2;254;238;223m▀[38;2;42;27;16;48;2;229;208;194m▀[38;2;33;16;6;48;2;124;104;93m▀[38;2;36;20;10;48;2;100;81;70m▀[38;2;230;223;208;48;2;248;241;222m▀[38;2;255;250;231;48;2;255;251;231m▀[38;2;255;250;235;48;2;245;236;230m▀[38;2;181;165;198;48;2;156;120;169m▀[38;2;195;156;196;48;2;230;180;201m▀[38;2;225;180;204;48;2;229;183;196m▀[38;2;225;179;202m▀[38;2;225;182;201m▀[38;2;227;183;201;48;2;229;184;196m▀[38;2;225;181;202;48;2;229;184;195m▀[38;2;182;142;189;48;2;160;116;168m▀[38;2;143;108;168;48;2;195;151;188m▀[38;2;223;183;204;48;2;178;132;174m▀[38;2;160;121;176;48;2;136;99;164m▀[38;2;119;88;166;48;2;150;120;178m▀[38;2;177;139;186;48;2;157;115;165m▀[38;2;228;184;195;48;2;232;189;198m▀[38;2;233;201;209;48;2;254;248;248m▀[38;2;237;205;213;48;2;255;253;254m▀[38;2;230;185;196;48;2;241;222;226m▀[38;2;230;185;197;48;2;243;225;229m▀[38;2;229;185;198;48;2;233;194;198m▀[48;2;234;188;192m▀[38;2;128;96;99;48;2;184;145;145m▀[38;2;37;12;8;48;2;53;31;25m▀[38;2;97;80;76;48;2;49;30;26m▀[38;2;252;252;249;48;2;220;216;212m▀[38;2;255;255;254;48;2;255;255;254m▀[38;2;255;255;255;48;2;254;254;254m▀▀[48;2;255;255;255m▀▀▀▀[0m
[38;2;255;255;255;48;2;255;255;255m▀[38;2;98;86;78;48;2;133;121;114m▀[38;2;175;142;131;48;2;105;80;68m▀[38;2;240;196;188;48;2;244;200;184m▀[38;2;241;213;203;48;2;244;203;184m▀[38;2;254;254;253;48;2;245;221;211m▀[38;2;255;255;255;48;2;253;251;250m▀[38;2;254;254;254;48;2;254;254;254m▀[38;2;253;252;253m▀[38;2;212;181;197;48;2;254;253;252m▀[38;2;237;190;193;48;2;242;204;198m▀[38;2;102;72;67;48;2;107;75;67m▀[38;2;51;33;27;48;2;35;15;8m▀[38;2;249;245;235;48;2;196;187;178m▀[38;2;254;251;232;48;2;255;250;235m▀[38;2;254;249;230;48;2;255;251;232m▀[38;2;254;234;217;48;2;255;248;230m▀[38;2;254;232;213;48;2;254;243;225m▀[38;2;255;232;214;48;2;254;241;223m▀[38;2;254;231;213;48;2;253;245;226m▀[38;2;254;236;215;48;2;254;250;229m▀[38;2;254;250;229;48;2;255;252;231m▀[38;2;255;251;231;48;2;255;251;231m▀▀▀[38;2;251;242;224;48;2;247;237;218m▀[38;2;165;84;79;48;2;172;92;87m▀[38;2;254;201;188;48;2;253;200;188m▀[38;2;255;200;189;48;2;254;199;189m▀[38;2;255;199;190;48;2;255;198;189m▀[38;2;255;198;189m▀▀▀[38;2;255;198;191m▀[48;2;255;198;190m▀[48;2;254;198;190m▀[38;2;216;148;140;48;2;254;198;189m▀[38;2;177;122;112;48;2;169;92;84m▀[38;2;255;251;232;48;2;239;221;206m▀[48;2;255;251;232m▀[48;2;255;251;231m▀[38;2;254;246;229;48;2;254;248;229m▀[38;2;246;215;196;48;2;254;232;213m▀[38;2;244;212;189;48;2;254;231;210m▀[38;2;255;230;208;48;2;255;230;209m▀[38;2;246;216;197;48;2;244;213;193m▀[38;2;254;245;227;48;2;254;244;228m▀[38;2;254;251;234;48;2;224;204;215m▀[38;2;187;158;191;48;2;185;138;167m▀[38;2;208;161;186;48;2;240;190;191m▀[38;2;236;187;194;48;2;239;191;188m▀[38;2;236;187;196;48;2;239;191;187m▀[38;2;237;187;196;48;2;240;191;188m▀[38;2;238;188;193;48;2;239;191;187m▀[38;2;237;188;192;48;2;225;175;185m▀[38;2;207;158;182;48;2;174;119;166m▀[38;2;171;123;165;48;2;230;186;186m▀[38;2;190;144;181;48;2;187;136;171m▀[38;2;151;104;161;48;2;181;142;181m▀[38;2;217;200;216;48;2;254;250;239m▀[38;2;233;222;228;48;2;244;231;233m▀[38;2;141;99;156;48;2;153;112;157m▀[38;2;224;181;190;48;2;242;223;230m▀[38;2;250;244;242;48;2;254;254;253m▀[38;2;254;254;254;48;2;254;254;254m▀[38;2;255;255;255m▀[38;2;254;254;254;48;2;250;242;239m▀[38;2;243;217;213;48;2;242;201;191m▀[38;2;238;194;189;48;2;244;197;184m▀[38;2;238;193;189;48;2;245;196;186m▀[38;2;213;173;169;48;2;244;197;186m▀[38;2;77;53;47;48;2;231;188;178m▀[38;2;84;66;61;48;2;67;41;35m▀[38;2;247;246;245;48;2;151;141;138m▀[38;2;254;254;254;48;2;254;254;254m▀[48;2;255;255;255m▀[38;2;255;255;255m▀▀▀▀[0m
[38;2;255;255;255;48;2;255;255;255m▀[38;2;201;196;193;48;2;254;254;253m▀[38;2;39;20;9;48;2;105;92;85m▀[38;2;180;144;130;48;2;42;24;13m▀[38;2;247;202;183;48;2;193;160;145m▀[38;2;245;205;189;48;2;249;208;190m▀[38;2;254;251;248;48;2;251;239;227m▀[38;2;254;254;254;48;2;252;239;233m▀[38;2;236;223;227;48;2;207;134;160m▀[38;2;248;229;224;48;2;240;185;182m▀[38;2;245;203;186;48;2;249;203;181m▀[38;2;218;177;165;48;2;248;202;186m▀[38;2;55;33;25;48;2;220;177;162m▀[38;2;40;25;18;48;2;80;54;45m▀[38;2;158;151;138;48;2;32;15;7m▀[38;2;249;244;226;48;2;67;52;42m▀[38;2;255;251;233;48;2;164;156;143m▀[38;2;255;252;234;48;2;242;238;223m▀[38;2;255;253;232;48;2;255;253;233m▀[38;2;255;252;232;48;2;255;251;233m▀[38;2;255;252;231;48;2;255;251;232m▀[38;2;255;251;231;48;2;255;251;230m▀[48;2;255;251;231m▀[48;2;255;251;232m▀[48;2;255;251;231m▀[38;2;247;237;218;48;2;252;242;224m▀[38;2;175;95;90;48;2;168;88;83m▀[38;2;253;200;187;48;2;253;200;186m▀[38;2;254;199;188;48;2;254;199;188m▀[38;2;255;198;189;48;2;255;198;190m▀▀[48;2;255;198;189m▀▀▀▀▀[38;2;254;199;189;48;2;255;198;188m▀[38;2;231;167;159;48;2;255;197;187m▀[38;2;186;140;128;48;2;168;101;92m▀[38;2;255;251;232;48;2;255;251;232m▀[38;2;255;251;231;48;2;255;251;231m▀▀[38;2;254;243;224m▀[38;2;254;235;215;48;2;255;250;231m▀[38;2;254;233;214;48;2;254;250;233m▀[38;2;254;239;221;48;2;219;189;201m▀[38;2;232;211;214;48;2;196;137;168m▀[38;2;187;134;167;48;2;242;193;190m▀[38;2;239;191;184;48;2;246;200;184m▀[38;2;243;196;183;48;2;248;201;184m▀[38;2;242;195;183;48;2;248;202;183m▀[38;2;242;195;187;48;2;243;193;186m▀[38;2;245;193;188;48;2;210;152;169m▀[38;2;223;169;178;48;2;199;138;164m▀[38;2;175;118;159;48;2;198;140;168m▀[38;2;212;162;173;48;2;238;192;182m▀[38;2;243;199;183;48;2;247;203;182m▀[38;2;212;154;175;48;2;216;158;174m▀[38;2;183;125;172;48;2;181;116;162m▀[38;2;232;215;218;48;2;200;140;166m▀[38;2;187;141;172;48;2;235;186;181m▀[38;2;214;173;188;48;2;247;208;187m▀[38;2;255;253;249;48;2;249;229;212m▀[38;2;255;255;254;48;2;250;228;215m▀[38;2;254;254;250;48;2;247;220;201m▀[38;2;254;254;254;48;2;253;244;235m▀[38;2;252;244;241;48;2;250;229;215m▀[38;2;246;203;186;48;2;247;207;184m▀[38;2;248;202;183;48;2;248;207;183m▀[38;2;247;202;183;48;2;247;208;179m▀▀[38;2;247;201;184;48;2;247;207;182m▀[38;2;163;131;118;48;2;171;136;123m▀[38;2;74;60;56;48;2;82;68;64m▀[38;2;255;255;255;48;2;255;255;255m▀▀▀▀▀▀[0m
[38;2;255;255;255;48;2;255;255;255m▀▀[38;2;238;236;235;48;2;255;254;254m▀[38;2;75;59;56;48;2;237;235;235m▀[38;2;40;22;14;48;2;99;86;84m▀[38;2;151;121;106;48;2;35;15;8m▀[38;2;247;207;186;48;2;76;51;41m▀[38;2;252;208;184;48;2;167;138;121m▀[38;2;224;155;166;48;2;210;173;156m▀[38;2;227;158;169;48;2;211;140;155m▀[38;2;252;206;184;48;2;240;184;178m▀[38;2;249;205;182;48;2;249;212;181m▀[38;2;248;205;181;48;2;248;212;180m▀[38;2;244;200;178m▀[38;2;161;127;112;48;2;249;212;181m▀[38;2;61;41;33;48;2;242;210;181m▀[38;2;33;14;7;48;2;104;82;66m▀[38;2;44;27;20;48;2;32;16;5m▀[38;2;106;94;85;48;2;38;22;14m▀[38;2;174;164;154;48;2;31;17;8m▀[38;2;229;223;209;48;2;32;18;9m▀[38;2;254;249;233;48;2;61;48;38m▀[38;2;255;250;234;48;2;106;94;84m▀[38;2;255;251;232;48;2;149;139;128m▀[48;2;187;177;165m▀[38;2;254;249;229;48;2;221;215;200m▀[38;2;159;83;78;48;2;157;99;91m▀[38;2;254;200;186;48;2;230;171;159m▀[38;2;255;199;188;48;2;255;199;186m▀[38;2;255;198;188m▀[48;2;255;198;186m▀[38;2;255;198;189;48;2;255;198;189m▀▀[48;2;255;199;189m▀[48;2;255;198;188m▀[38;2;255;198;188;48;2;254;200;189m▀[38;2;255;198;187;48;2;255;198;187m▀[48;2;254;199;188m▀[38;2;174;98;91;48;2;186;112;105m▀[38;2;249;239;222;48;2;233;214;204m▀[38;2;255;251;232;48;2;245;239;225m▀[48;2;219;213;198m▀[48;2;182;173;162m▀[48;2;141;132;122m▀[38;2;254;251;234;48;2;92;80;71m▀[38;2;210;187;190;48;2;48;31;23m▀[38;2;118;74;87;48;2;34;16;6m▀[38;2;121;88;81;48;2;75;50;42m▀[38;2;183;142;136;48;2;204;161;153m▀[38;2;223;165;175;48;2;226;173;170m▀[38;2;211;150;169;48;2;237;190;175m▀[38;2;196;134;159;48;2;250;210;183m▀[38;2;225;171;178;48;2;250;212;187m▀[38;2;243;193;184;48;2;219;168;163m▀[38;2;218;162;173;48;2;248;210;182m▀[38;2;250;209;182;48;2;250;215;181m▀[38;2;250;208;184;48;2;238;187;179m▀[38;2;205;140;166;48;2;203;126;155m▀[38;2;219;163;177;48;2;246;206;182m▀[38;2;251;211;185;48;2;249;217;182m▀[38;2;251;212;182;48;2;252;217;181m▀[38;2;252;212;182;48;2;252;217;180m▀[38;2;249;213;180;48;2;253;218;180m▀[38;2;250;214;182;48;2;254;219;181m▀[38;2;250;213;181m▀[38;2;252;214;182;48;2;253;219;181m▀[38;2;250;213;182;48;2;253;218;180m▀[48;2;253;218;179m▀[48;2;253;218;180m▀[38;2;250;213;180;48;2;250;214;179m▀[38;2;249;214;182;48;2;185;156;136m▀[38;2;228;195;170;48;2;89;69;62m▀[38;2;71;48;39;48;2;193;188;188m▀[38;2;188;183;181;48;2;254;254;254m▀[38;2;254;254;254m▀[38;2;255;255;255m▀[48;2;255;255;255m▀▀▀▀[0m
[38;2;255;255;255;48;2;110;98;96m▀[48;2;131;121;118m▀[38;2;254;254;254;48;2;169;158;159m▀[48;2;179;169;169m▀[38;2;252;250;251;48;2;155;144;141m▀[38;2;171;162;162;48;2;116;101;95m▀[38;2;60;40;37;48;2;98;75;63m▀[38;2;37;13;8;48;2;158;131;107m▀[38;2;56;32;20;48;2;232;204;169m▀[38;2;236;193;180;48;2;253;218;182m▀[38;2;213;141;160;48;2;251;211;180m▀[38;2;231;173;170;48;2;231;170;168m▀[38;2;250;208;181;48;2;217;145;157m▀[38;2;251;214;182;48;2;226;160;167m▀[38;2;249;215;183;48;2;230;172;171m▀[38;2;250;216;182;48;2;160;126;112m▀[38;2;229;198;170;48;2;114;89;72m▀[38;2;48;29;20;48;2;52;32;27m▀[38;2;156;145;140;48;2;212;207;204m▀[38;2;202;198;195;48;2;254;254;254m▀[38;2;145;140;134m▀[38;2;95;85;77m▀[38;2;55;43;34;48;2;251;250;250m▀[38;2;35;20;12;48;2;230;228;228m▀[38;2;31;17;8;48;2;197;193;192m▀[48;2;165;159;157m▀[38;2;38;16;7;48;2;138;129;126m▀[38;2;52;27;18;48;2;113;103;99m▀[38;2;73;50;40;48;2;78;67;62m▀[38;2;91;67;57;48;2;31;17;10m▀[38;2;110;79;71;48;2;39;25;13m▀[38;2;116;83;75;48;2;47;29;16m▀[38;2;126;89;82;48;2;51;28;17m▀[38;2;129;93;86;48;2;51;27;17m▀[38;2;128;92;85;48;2;50;27;17m▀[38;2;121;86;79;48;2;50;27;16m▀[38;2;112;80;72;48;2;61;38;23m▀[38;2;103;73;64;48;2;74;50;35m▀[38;2;72;38;30;48;2;94;72;51m▀[38;2;56;37;27;48;2;115;94;66m▀[38;2;41;26;17;48;2;143;122;87m▀[38;2;32;16;7;48;2;131;109;82m▀[38;2;32;16;9;48;2;34;15;6m▀[38;2;32;17;10;48;2;34;15;9m▀[38;2;33;17;10;48;2;33;16;8m▀[38;2;135;117;94;48;2;82;64;47m▀[38;2;204;181;145;48;2;215;186;152m▀[38;2;248;218;179;48;2;253;221;184m▀[38;2;253;219;181;48;2;252;221;181m▀[38;2;254;218;182;48;2;254;221;182m▀[38;2;252;218;181;48;2;246;207;181m▀[38;2;252;216;184;48;2;229;181;163m▀[38;2;228;179;168;48;2;248;212;179m▀[38;2;247;208;179;48;2;250;219;179m▀[38;2;250;220;180;48;2;183;155;129m▀[38;2;246;203;183;48;2;179;115;128m▀[38;2;210;135;157;48;2;229;166;174m▀[38;2;238;189;174;48;2;255;223;181m▀[38;2;253;221;180;48;2;254;222;181m▀[38;2;251;218;182;48;2;254;223;178m▀[38;2;253;221;180;48;2;255;223;182m▀[38;2;254;222;182;48;2;255;223;181m▀[38;2;254;221;183;48;2;255;223;182m▀[38;2;254;221;182;48;2;149;122;95m▀[38;2;252;221;182;48;2;102;81;63m▀[38;2;254;223;181;48;2;94;72;57m▀[38;2;252;220;181;48;2;79;59;49m▀[38;2;224;193;160;48;2;112;100;94m▀[38;2;161;134;110;48;2;185;180;175m▀[38;2;101;81;69;48;2;246;246;243m▀[38;2;153;144;139;48;2;254;254;252m▀[38;2;242;241;239m▀[38;2;255;255;254;48;2;255;255;254m▀[38;2;255;255;255;48;2;255;255;255m▀▀▀▀▀▀▀[0m
[38;2;85;72;69;48;2;184;181;178m▀[38;2;165;145;124;48;2;76;59;45m▀[38;2;199;171;141;48;2;240;210;177m▀[38;2;194;166;135;48;2;255;224;180m▀[38;2;209;182;150;48;2;254;224;179m▀[38;2;239;209;173;48;2;253;224;183m▀[38;2;253;222;181;48;2;255;223;182m▀[38;2;254;223;181m▀[48;2;254;224;184m▀[38;2;254;220;182;48;2;225;198;164m▀[38;2;246;212;177;48;2;86;58;43m▀[38;2;242;210;175;48;2;161;135;112m▀[38;2;251;219;182;48;2;252;225;180m▀[38;2;242;201;176;48;2;255;224;178m▀[38;2;233;187;171;48;2;255;223;180m▀[38;2;51;25;20;48;2;130;103;87m▀[38;2;87;73;67;48;2;43;23;17m▀[38;2;216;212;208;48;2;134;124;119m▀[38;2;255;254;252;48;2;201;197;194m▀[38;2;254;254;254;48;2;239;237;236m▀[38;2;253;253;253;48;2;162;156;156m▀[38;2;250;248;250;48;2;111;103;105m▀[38;2;254;254;254;48;2;254;254;254m▀▀[38;2;255;255;255;48;2;255;255;255m▀▀[38;2;254;254;254;48;2;254;254;254m▀[48;2;255;255;255m▀[38;2;180;175;173;48;2;157;147;146m▀[38;2;31;18;10;48;2;38;21;12m▀[38;2;187;171;122;48;2;232;214;147m▀[38;2;239;220;154;48;2;240;223;147m▀[38;2;240;220;153;48;2;240;223;146m▀[48;2;240;223;145m▀[38;2;240;219;153;48;2;209;189;132m▀[38;2;241;219;153;48;2;115;94;64m▀[38;2;242;222;153;48;2;224;207;141m▀[38;2;242;223;151;48;2;239;224;147m▀[38;2;241;222;150;48;2;240;222;148m▀[38;2;240;222;151;48;2;240;222;150m▀[38;2;241;223;152;48;2;225;206;142m▀[38;2;117;96;64;48;2;47;24;10m▀[38;2;35;15;7;48;2;99;85;78m▀[38;2;120;108;103;48;2;253;253;250m▀[38;2;151;141;136;48;2;255;255;253m▀[38;2;141;131;127m▀[38;2;74;58;51;48;2;249;249;246m▀[38;2;86;61;47;48;2;187;181;178m▀[38;2;143;117;94;48;2;121;109;106m▀[38;2;171;132;116;48;2;82;69;65m▀[38;2;169;126;119;48;2;65;52;46m▀[38;2;163;137;115;48;2;79;65;59m▀[38;2;127;102;83;48;2;115;102;97m▀[38;2;67;42;30;48;2;95;78;74m▀[38;2;38;12;10;48;2;42;21;15m▀[38;2;118;66;79;48;2;208;166;159m▀[38;2;225;159;169;48;2;212;134;154m▀[38;2;255;224;180;48;2;248;213;177m▀[38;2;255;225;180;48;2;254;226;179m▀[38;2;255;226;178;48;2;255;227;180m▀[38;2;255;226;181m▀[38;2;255;225;181;48;2;255;226;181m▀[38;2;255;224;181m▀[38;2;129;99;79;48;2;251;221;177m▀[38;2;34;13;7;48;2;153;126;102m▀[38;2;51;33;28;48;2;52;31;22m▀[38;2;214;208;203;48;2;40;20;14m▀[38;2;254;254;252;48;2;92;77;73m▀[48;2;130;117;113m▀[38;2;255;255;253;48;2;135;121;115m▀[38;2;252;252;250;48;2;132;116;103m▀[38;2;213;212;210;48;2;63;51;43m▀[38;2;253;253;252;48;2;250;249;249m▀[38;2;255;255;255;48;2;255;255;255m▀▀▀▀▀▀▀[0m
[38;2;254;254;254;48;2;255;255;255m▀[38;2;154;150;145m▀[38;2;72;55;43;48;2;225;224;223m▀[38;2;169;141;114;48;2;145;139;132m▀[38;2;229;202;163;48;2;99;89;81m▀[38;2;243;215;175;48;2;87;72;65m▀[38;2;237;210;172;48;2;103;88;83m▀[38;2;195;171;137;48;2;141;130;127m▀[38;2;122;102;82;48;2;210;205;205m▀[38;2;84;68;59;48;2;253;253;253m▀[38;2;64;46;38;48;2;211;207;204m▀[38;2;50;33;20;48;2;44;30;23m▀[38;2;222;197;160;48;2;53;36;24m▀[38;2;255;224;180;48;2;163;140;112m▀[48;2;224;199;164m▀[38;2;253;223;179;48;2;234;209;173m▀[38;2;177;152;121;48;2;210;186;151m▀[38;2;99;76;60;48;2;148;127;101m▀[38;2;76;56;46;48;2;65;47;32m▀[38;2;42;23;16;48;2;100;90;85m▀[38;2;79;66;64;48;2;238;236;232m▀[38;2;235;232;230;48;2;255;255;254m▀[38;2;254;254;254;48;2;255;255;255m▀▀[38;2;255;255;255m▀▀[38;2;254;254;254;48;2;254;254;254m▀[38;2;255;255;255;48;2;255;255;255m▀[38;2;150;143;138;48;2;156;149;145m▀[38;2;58;41;24;48;2;79;61;44m▀[38;2;240;222;152;48;2;195;175;125m▀[38;2;241;223;149;48;2;112;92;62m▀[38;2;218;199;136;48;2;49;28;19m▀[38;2;122;98;68;48;2;112;95;93m▀[38;2;42;21;12;48;2;200;195;193m▀[38;2;34;16;7;48;2;79;65;58m▀[38;2;145;126;87;48;2;61;41;26m▀[38;2;240;224;149;48;2;234;216;148m▀[38;2;240;222;148;48;2;240;222;147m▀[38;2;241;222;151;48;2;201;181;126m▀[38;2;127;106;71;48;2;40;20;12m▀[38;2;49;29;21;48;2;169;162;161m▀[38;2;226;223;222;48;2;255;255;254m▀[38;2;255;255;255;48;2;255;255;255m▀▀▀[38;2;255;255;254m▀[38;2;254;254;253;48;2;116;113;111m▀[38;2;255;255;253;48;2;104;96;95m▀[48;2;148;141;141m▀[48;2;128;118;117m▀[38;2;250;249;246;48;2;66;50;45m▀[38;2;165;156;154;48;2;91;69;56m▀[38;2;51;33;30;48;2;212;187;153m▀[38;2;182;159;129;48;2;254;228;181m▀[38;2;253;225;185;48;2;253;226;184m▀[38;2;204;160;153;48;2;126;102;82m▀[38;2;100;72;55;48;2;36;15;8m▀[38;2;242;218;174;48;2;76;56;42m▀[38;2;255;227;180;48;2;212;187;148m▀[48;2;254;226;182m▀[38;2;255;226;181;48;2;255;226;182m▀▀[38;2;254;226;179;48;2;254;226;179m▀[38;2;254;227;180;48;2;254;227;180m▀[38;2;248;221;180m▀[38;2;204;178;147m▀[38;2;183;158;128;48;2;254;227;181m▀[38;2;200;174;145;48;2;228;201;163m▀[38;2;240;213;177;48;2;113;92;72m▀[38;2;117;95;76;48;2;158;152;145m▀[38;2;181;175;172;48;2;254;254;254m▀[38;2;254;254;254m▀[38;2;255;255;255;48;2;255;255;255m▀▀▀▀▀▀▀[0m
[38;2;255;255;255;48;2;255;255;255m▀▀▀▀▀▀▀▀▀▀[38;2;254;254;254m▀[38;2;214;210;209m▀[38;2;92;80;75;48;2;254;254;254m▀[38;2;39;22;12;48;2;235;233;233m▀[38;2;34;16;5;48;2;208;206;205m▀[38;2;35;16;6;48;2;208;205;203m▀[38;2;37;19;10;48;2;231;229;228m▀[38;2;82;67;62;48;2;254;253;252m▀[38;2;178;171;169;48;2;254;254;254m▀[38;2;253;252;248;48;2;255;255;255m▀[38;2;255;255;253m▀[38;2;255;255;255m▀▀▀▀▀[38;2;254;254;254m▀[38;2;255;255;255m▀[38;2;179;174;171;48;2;246;246;246m▀[38;2;35;18;8;48;2;213;210;209m▀[38;2;62;46;37;48;2;249;249;247m▀[38;2;143;135;133;48;2;255;255;255m▀[38;2;230;228;228m▀[38;2;253;255;255m▀[38;2;253;254;255m▀[38;2;194;189;186;48;2;254;254;254m▀[38;2;37;19;12;48;2;137;129;125m▀[38;2;148;127;89;48;2;44;25;13m▀[38;2;223;204;142;48;2;80;58;40m▀[38;2;68;44;27;48;2;89;69;61m▀[38;2;113;101;97;48;2;244;243;241m▀[38;2;253;253;251;48;2;255;255;255m▀[38;2;255;255;254m▀[38;2;255;255;255m▀▀▀▀[38;2;161;153;152;48;2;252;252;251m▀[38;2;36;18;16;48;2;143;135;133m▀[38;2;125;105;92;48;2;52;29;22m▀[38;2;170;150;124;48;2;102;77;59m▀[38;2;221;196;161;48;2;147;123;98m▀[38;2;253;229;184;48;2;149;127;103m▀[38;2;253;229;183;48;2;114;92;75m▀[38;2;241;214;175;48;2;49;30;19m▀[38;2;130;104;84;48;2;76;60;53m▀[38;2;42;20;10;48;2;197;190;188m▀[38;2;86;70;65;48;2;254;252;253m▀[38;2;37;16;9;48;2;209;203;203m▀[38;2;39;18;10;48;2;131;118;116m▀[38;2;103;81;65;48;2;78;64;61m▀[38;2;176;152;123;48;2;56;40;35m▀[38;2;221;195;158;48;2;48;31;25m▀[38;2;241;214;176;48;2;62;45;38m▀[38;2;238;212;172;48;2;86;69;61m▀[38;2;216;190;153;48;2;109;94;89m▀[38;2;170;144;114;48;2;154;142;139m▀[38;2;107;86;65;48;2;216;213;212m▀[38;2;101;88;81;48;2;253;253;250m▀[38;2;211;206;204;48;2;255;255;255m▀[38;2;254;254;252m▀[38;2;255;255;254m▀[38;2;254;254;254m▀[38;2;255;255;255m▀▀▀▀▀▀▀[0m
[38;2;255;255;255;48;2;255;255;255m▀▀▀▀▀▀▀▀▀▀▀▀▀▀▀▀▀▀[38;2;254;254;254m▀[38;2;255;255;255m▀▀▀▀▀▀▀▀▀▀▀▀▀▀▀▀▀[38;2;253;252;252m▀[38;2;147;138;133;48;2;255;254;254m▀[38;2;115;101;95;48;2;255;255;254m▀[38;2;241;240;238m▀[38;2;255;255;254;48;2;255;255;255m▀[38;2;255;255;255m▀▀▀▀▀▀▀▀[38;2;233;231;231m▀[38;2;176;169;169m▀[38;2;155;146;145m▀[38;2;158;149;146m▀[38;2;167;158;155m▀[38;2;210;207;205m▀[38;2;252;252;251m▀[38;2;255;255;255m▀▀[38;2;254;254;254m▀▀▀[38;2;251;251;251m▀[38;2;248;248;248m▀[38;2;253;252;252m▀[38;2;254;254;254m▀▀▀▀▀[38;2;255;255;255m▀▀▀▀▀▀▀▀▀▀▀[0m
[38;2;255;255;255;48;2;255;255;255m▀▀▀▀▀▀▀▀▀▀▀▀▀▀▀▀▀▀▀▀▀▀▀▀▀▀▀▀▀▀▀▀▀▀▀▀▀▀▀▀▀▀▀▀▀▀▀▀▀▀▀▀▀▀▀▀▀▀▀▀▀▀▀▀▀▀▀▀▀▀▀▀▀▀▀▀▀▀▀▀[0m
[38;2;255;255;255;48;2;255;255;255m▀▀▀▀▀▀▀▀▀▀▀▀▀▀▀▀▀▀▀▀▀▀▀▀▀▀▀▀▀▀▀▀▀▀▀▀▀▀▀▀▀▀▀▀▀▀▀▀▀▀▀▀▀▀▀▀▀▀▀▀▀▀▀▀▀▀▀▀▀▀▀▀▀▀▀▀▀▀▀▀[0m
[38;2;255;255;255;48;2;255;255;255m▀▀▀▀▀▀▀▀▀▀▀▀▀▀▀▀▀▀▀▀▀▀▀▀▀▀▀▀▀▀▀▀▀▀▀▀▀▀▀▀▀▀▀▀▀▀▀▀▀▀▀▀▀▀▀▀▀▀▀▀▀▀▀▀▀▀▀▀▀▀▀▀▀▀▀▀▀▀▀▀[0m
[?25h