[?25l[0m[38;2;255;255;255;48;2;255;255;255m▀▀▀▀▀▀▀▀▀▀▀▀▀▀▀▀▀▀▀▀▀▀▀▀▀▀▀▀▀▀▀▀▀▀▀▀▀▀▀▀▀▀▀▀▀▀▀▀▀▀▀▀▀▀▀▀▀▀▀▀▀▀▀▀▀▀▀▀▀▀▀▀▀▀▀▀▀▀▀▀[0m
[38;2;255;255;255;48;2;255;255;255m▀▀▀▀▀▀[38;2;254;251;252;48;2;254;232;237m▀[38;2;255;247;251;48;2;214;174;197m▀[38;2;255;248;252;48;2;246;210;229m▀[38;2;255;255;255;48;2;254;245;250m▀[48;2;255;255;255m▀▀▀▀[48;2;254;254;255m▀[48;2;254;255;255m▀[48;2;255;255;255m▀▀[48;2;254;237;245m▀[38;2;255;254;254;48;2;251;220;236m▀[38;2;254;253;253;48;2;243;208;227m▀[38;2;255;253;253;48;2;242;205;226m▀[38;2;254;253;254;48;2;245;210;230m▀[38;2;255;254;254;48;2;249;216;232m▀[38;2;255;255;255;48;2;254;225;238m▀[48;2;254;231;240m▀[48;2;254;243;247m▀[48;2;255;255;255m▀▀▀▀▀[48;2;254;244;247m▀[38;2;255;253;254;48;2;249;219;232m▀[38;2;254;253;254;48;2;247;217;229m▀[38;2;255;255;255;48;2;254;243;246m▀[48;2;255;255;255m▀▀▀▀▀▀▀▀▀▀▀▀[48;2;254;244;248m▀[38;2;255;254;255;48;2;253;226;235m▀[38;2;254;252;253;48;2;240;207;219m▀[48;2;234;197;215m▀[38;2;255;254;254;48;2;254;229;240m▀[38;2;255;255;255;48;2;255;255;255m▀▀▀▀▀▀[48;2;254;254;254m▀[48;2;254;252;253m▀[48;2;255;254;254m▀[48;2;255;255;255m▀▀▀▀▀▀▀▀▀▀▀▀▀▀▀▀▀▀[0m
[38;2;255;255;255;48;2;255;255;255m▀▀▀▀▀[38;2;255;255;254;48;2;255;255;254m▀[38;2;253;231;241;48;2;253;230;241m▀[38;2;119;56;109;48;2;128;62;117m▀[38;2;163;106;150;48;2;94;18;81m▀[38;2;253;227;240;48;2;221;178;207m▀[38;2;253;241;247;48;2;200;155;186m▀[38;2;253;235;244;48;2;165;110;149m▀[38;2;253;232;239;48;2;134;71;118m▀[38;2;253;227;237;48;2;115;49;99m▀[38;2;250;220;233;48;2;100;31;85m▀[38;2;251;222;234;48;2;113;49;96m▀[38;2;254;235;243;48;2;249;214;231m▀[38;2;255;255;255;48;2;254;252;253m▀[38;2;254;223;239;48;2;252;222;237m▀[38;2;118;57;105;48;2;100;31;85m▀[38;2;85;16;73;48;2;85;13;75m▀[38;2;86;14;72;48;2;87;11;74m▀[38;2;90;15;73;48;2;89;12;74m▀[38;2;94;22;77;48;2;90;12;74m▀[38;2;116;48;99m▀[38;2;158;104;140;48;2;89;10;72m▀[38;2;244;210;226;48;2;214;174;199m▀[38;2;254;250;252;48;2;254;249;252m▀[38;2;255;255;255;48;2;255;255;255m▀▀▀[48;2;255;254;254m▀[38;2;254;230;239;48;2;250;217;231m▀[38;2;151;98;134;48;2;96;26;81m▀[38;2;168;118;151;48;2;170;117;157m▀[38;2;254;240;245;48;2;254;240;248m▀[38;2;255;255;255;48;2;255;255;255m▀▀▀▀▀▀▀▀[48;2;254;253;253m▀[48;2;252;237;243m▀[38;2;255;248;250;48;2;250;218;233m▀[38;2;254;230;239;48;2;181;132;165m▀[38;2;239;204;222;48;2;101;28;86m▀[38;2;153;102;139;48;2;91;10;75m▀[38;2;92;24;76;48;2;89;14;73m▀[38;2;107;40;89;48;2;101;33;84m▀[38;2;253;222;240;48;2;252;222;239m▀[38;2;255;255;255;48;2;255;255;255m▀▀▀▀▀[38;2;255;254;255;48;2;255;254;254m▀[38;2;254;227;240;48;2;248;216;231m▀[38;2;241;206;226;48;2;99;42;83m▀[38;2;253;229;242;48;2;249;220;236m▀[38;2;255;254;255;48;2;254;254;254m▀[38;2;255;255;255;48;2;255;255;255m▀▀▀▀▀▀▀▀▀▀▀▀▀▀▀▀▀[0m
[38;2;255;255;255;48;2;255;255;255m▀▀▀▀▀▀[38;2;254;233;245;48;2;254;248;252m▀[38;2;189;139;176;48;2;249;214;233m▀[38;2;89;11;73;48;2;108;40;92m▀[38;2;90;14;72;48;2;88;13;71m▀[38;2;89;12;72;48;2;88;13;73m▀[38;2;89;13;75;48;2;89;13;75m▀▀▀▀[38;2;88;14;72;48;2;89;15;73m▀[38;2;231;190;212;48;2;235;196;216m▀[38;2;255;251;253;48;2;255;252;253m▀[38;2;253;228;237;48;2;254;250;252m▀[38;2;198;151;180;48;2;254;237;245m▀[38;2;148;90;137;48;2;254;233;243m▀[38;2;132;72;120;48;2;254;227;238m▀[38;2;112;45;99;48;2;254;219;236m▀[38;2;102;29;88;48;2;164;109;153m▀[38;2;89;12;74;48;2;88;12;73m▀[38;2;89;11;72;48;2;96;21;76m▀[38;2;216;175;202;48;2;233;196;219m▀[38;2;254;249;252;48;2;254;249;252m▀[38;2;255;255;255;48;2;255;255;255m▀▀▀[38;2;255;251;252;48;2;254;248;250m▀[38;2;247;210;229;48;2;220;181;201m▀[38;2;90;15;72;48;2;88;13;69m▀[38;2;184;134;171;48;2;214;168;200m▀[38;2;254;240;247;48;2;254;244;248m▀[38;2;255;255;255;48;2;255;255;255m▀▀▀▀▀▀▀[38;2;254;251;252;48;2;254;238;245m▀[38;2;252;226;239;48;2;199;156;184m▀[38;2;214;174;199;48;2;89;16;72m▀[38;2;118;55;106;48;2;88;12;75m▀[38;2;87;12;73;48;2;89;13;75m▀[38;2;89;12;73;48;2;90;15;76m▀[38;2;91;11;74;48;2;140;79;127m▀[38;2;96;21;79;48;2;229;187;214m▀[38;2;168;112;151;48;2;254;226;237m▀[38;2;253;228;237;48;2;254;246;249m▀[38;2;255;255;255;48;2;255;255;255m▀▀[38;2;254;241;247;48;2;253;229;239m▀[38;2;254;231;240;48;2;158;100;140m▀[38;2;253;230;241;48;2;127;66;114m▀[38;2;254;231;242;48;2;154;97;140m▀[38;2;240;206;222;48;2;174;120;162m▀[38;2;91;27;75;48;2;91;24;76m▀[38;2;248;220;236;48;2;249;219;236m▀[38;2;254;254;254;48;2;255;254;255m▀[38;2;255;255;255;48;2;255;255;255m▀▀▀▀▀▀▀▀▀▀▀▀▀▀▀▀▀[0m
[38;2;255;255;255;48;2;255;255;255m▀▀▀▀▀▀[38;2;254;254;254m▀[38;2;253;229;241;48;2;253;239;246m▀[38;2;138;78;121;48;2;244;207;230m▀[38;2;88;13;72;48;2;122;60;107m▀[38;2;89;13;74;48;2;89;13;74m▀[38;2;89;13;73;48;2;207;158;197m▀[38;2;92;18;75;48;2;244;210;223m▀[38;2;108;39;93;48;2;253;222;234m▀[38;2;131;69;117;48;2;254;227;240m▀[38;2;176;122;159;48;2;254;233;243m▀[38;2;253;223;236;48;2;254;244;249m▀[38;2;255;253;254;48;2;255;255;255m▀[38;2;255;255;255m▀▀[38;2;254;253;253;48;2;253;247;249m▀[38;2;254;228;237;48;2;226;187;208m▀[38;2;187;136;171;48;2;91;20;75m▀[38;2;88;15;71;48;2;90;12;74m▀[38;2;90;17;77;48;2;116;46;103m▀[38;2;194;147;179;48;2;201;156;185m▀[38;2;253;226;237;48;2;248;215;229m▀[38;2;254;252;254;48;2;254;234;241m▀[38;2;255;255;255;48;2;254;253;254m▀[48;2;255;255;255m▀▀[38;2;254;247;249;48;2;254;247;249m▀[38;2;209;168;190;48;2;209;168;190m▀[38;2;91;18;72;48;2;92;22;76m▀[38;2;241;201;225;48;2;248;213;233m▀[38;2;254;249;251;48;2;254;250;252m▀[38;2;255;255;255;48;2;255;255;255m▀▀▀[48;2;254;251;252m▀[48;2;253;245;248m▀▀[48;2;254;252;253m▀[38;2;255;237;246;48;2;255;236;248m▀[38;2;149;93;130;48;2;151;93;136m▀[38;2;89;13;73;48;2;89;12;75m▀[38;2;89;14;75;48;2;91;15;77m▀[38;2;116;51;102;48;2;207;153;193m▀[38;2;210;162;197;48;2;254;218;234m▀[38;2;253;221;238;48;2;254;245;250m▀[38;2;254;236;246;48;2;254;255;255m▀[38;2;255;252;254;48;2;255;254;255m▀[38;2;254;254;254;48;2;254;254;254m▀▀▀[38;2;253;228;239;48;2;252;241;247m▀[38;2;148;88;130;48;2;254;220;241m▀[38;2;101;33;84;48;2;233;190;219m▀[38;2;88;14;72;48;2;107;38;90m▀[38;2;89;12;72;48;2;88;12;73m▀[38;2;93;24;77;48;2;92;22;79m▀[38;2;249;219;233;48;2;219;179;208m▀[38;2;254;246;247;48;2;211;169;199m▀[38;2;254;247;249;48;2;206;164;194m▀[38;2;254;248;250;48;2;208;167;195m▀[38;2;254;249;250;48;2;235;198;217m▀[38;2;255;253;254;48;2;254;225;235m▀[38;2;255;255;255;48;2;254;247;251m▀[48;2;255;255;255m▀▀▀▀▀▀▀▀▀▀▀▀[0m
[38;2;255;255;255;48;2;255;255;255m▀▀▀▀▀▀[48;2;255;254;254m▀[38;2;255;254;255;48;2;254;248;250m▀[38;2;255;237;244;48;2;254;237;244m▀[38;2;207;163;191;48;2;253;218;235m▀[38;2;86;12;71;48;2;119;56;104m▀[38;2;166;115;152;48;2;111;45;99m▀[38;2;253;231;236;48;2;252;222;232m▀[38;2;255;254;254;48;2;254;247;250m▀[38;2;255;255;255;48;2;254;252;253m▀[48;2;254;254;254m▀▀[48;2;255;255;255m▀▀▀[38;2;254;246;249;48;2;254;246;249m▀[38;2;205;165;190;48;2;223;185;206m▀[38;2;85;12;72;48;2;134;75;118m▀[38;2;90;12;75;48;2;147;85;130m▀[38;2;88;13;76;48;2;137;76;118m▀[38;2;87;14;77;48;2;102;32;86m▀[38;2;115;48;98;48;2;89;12;74m▀[38;2;224;178;203;48;2;110;38;92m▀[38;2;253;234;241;48;2;248;214;227m▀[38;2;254;254;254;48;2;254;250;252m▀[38;2;255;255;255;48;2;255;255;255m▀[38;2;254;247;249;48;2;255;249;251m▀[38;2;210;168;191;48;2;233;193;215m▀[38;2;85;14;71;48;2;87;13;72m▀[38;2;210;169;193;48;2;123;60;109m▀[38;2;253;238;243;48;2;242;208;225m▀[38;2;255;255;255;48;2;253;231;240m▀[48;2;254;230;240m▀[38;2;254;245;249;48;2;244;210;228m▀[38;2;252;226;239;48;2;164;106;148m▀[38;2;201;158;183;48;2;89;15;73m▀[38;2;222;180;202;48;2;172;119;153m▀[38;2;253;242;246;48;2;253;241;245m▀[38;2;254;238;245;48;2;254;252;253m▀[38;2;208;159;191;48;2;253;228;240m▀[38;2;97;22;82;48;2;212;169;194m▀[38;2;90;12;76;48;2;99;27;84m▀[38;2;95;22;78;48;2;90;13;73m▀[38;2;194;141;175;48;2;88;16;74m▀[38;2;254;225;238;48;2;155;95;139m▀[38;2;253;244;249;48;2;240;203;223m▀[38;2;255;255;255;48;2;253;231;241m▀[48;2;255;252;254m▀[38;2;254;254;254;48;2;255;255;255m▀[48;2;254;255;254m▀[38;2;254;238;246;48;2;253;232;244m▀[38;2;229;189;214;48;2;141;78;119m▀[38;2;111;48;95;48;2;91;11;73m▀[38;2;86;12;72;48;2;88;12;74m▀[38;2;88;12;75;48;2;88;12;75m▀[38;2;87;13;76;48;2;91;15;78m▀[38;2;90;15;75;48;2;157;100;143m▀[38;2;87;12;71;48;2;187;135;171m▀[48;2;196;148;182m▀[48;2;185;135;171m▀[38;2;92;19;75;48;2;127;57;111m▀[38;2;168;113;150;48;2;89;15;72m▀[38;2;252;224;239;48;2;205;160;189m▀[38;2;254;250;253;48;2;253;235;245m▀[38;2;255;255;255;48;2;255;254;253m▀[48;2;255;255;255m▀▀▀▀▀▀▀▀▀▀[0m
[38;2;255;255;255;48;2;255;255;255m▀▀▀▀[48;2;254;252;253m▀[38;2;254;249;252;48;2;254;225;235m▀[38;2;253;229;241;48;2;180;129;164m▀[38;2;239;205;222;48;2;97;26;82m▀[38;2;195;150;178;48;2;88;12;73m▀[38;2;168;115;150m▀[38;2;125;60;108m▀[38;2;91;15;73;48;2;88;13;72m▀[38;2;192;143;176;48;2;87;11;74m▀[38;2;232;195;214;48;2;89;13;76m▀[38;2;251;222;231;48;2;117;51;104m▀[38;2;253;234;240;48;2;178;130;161m▀[38;2;254;247;249;48;2;247;213;228m▀[38;2;255;255;255;48;2;253;246;248m▀[48;2;255;255;255m▀▀[38;2;254;253;253m▀[38;2;254;234;242m▀[38;2;255;232;243m▀[38;2;254;232;246;48;2;254;255;255m▀[38;2;252;230;244;48;2;254;254;255m▀[38;2;246;212;233;48;2;253;235;244m▀[38;2;173;116;154;48;2;244;205;228m▀[38;2;89;15;72;48;2;95;23;76m▀[38;2;215;178;197;48;2;212;174;195m▀[38;2;254;249;252;48;2;255;249;252m▀[38;2;255;255;255;48;2;255;255;255m▀[38;2;254;252;254m▀[38;2;251;218;232;48;2;254;230;239m▀[38;2;103;35;88;48;2;166;111;150m▀[38;2;88;12;74;48;2;88;12;74m▀[38;2;112;42;97m▀[38;2;158;97;144m▀[38;2;151;89;137m▀[38;2;101;33;85;48;2;90;13;73m▀[38;2;88;13;74;48;2;91;19;77m▀[38;2;89;13;74;48;2;166;105;150m▀[38;2;181;129;162;48;2;249;213;227m▀[38;2;254;242;245;48;2;254;246;247m▀[38;2;255;255;255;48;2;255;255;255m▀[38;2;254;253;254m▀[38;2;253;230;241;48;2;255;253;254m▀[38;2;216;172;198;48;2;253;232;241m▀[38;2;104;31;88;48;2;227;185;207m▀[38;2;89;14;73;48;2;113;43;96m▀[38;2;88;13;73;48;2;88;13;74m▀[38;2;102;32;88;48;2;89;13;76m▀[38;2;210;167;195;48;2;122;60;108m▀[38;2;253;236;242;48;2;254;232;240m▀[38;2;255;255;255;48;2;254;254;254m▀[48;2;254;255;255m▀[38;2;253;232;241;48;2;253;235;242m▀[38;2;139;71;115;48;2;225;183;208m▀[38;2;101;26;79;48;2;231;195;215m▀[38;2;169;117;158;48;2;255;222;239m▀[38;2;154;93;139;48;2;168;110;149m▀[38;2;113;45;96;48;2;132;69;117m▀[38;2;253;221;239;48;2;252;230;241m▀[38;2;254;227;240;48;2;253;225;235m▀[38;2;246;213;227;48;2;132;76;117m▀[38;2;184;135;165;48;2;97;28;81m▀[38;2;145;80;131;48;2;111;43;96m▀[38;2;88;17;75;48;2;96;25;82m▀[38;2;128;66;113;48;2;89;13;73m▀[38;2;230;192;214;48;2;90;18;75m▀[38;2;252;224;235;48;2;119;57;103m▀[38;2;253;233;244;48;2;202;161;187m▀[38;2;254;251;253;48;2;253;241;246m▀[38;2;255;255;255;48;2;255;255;255m▀▀▀▀▀▀▀▀[0m
[38;2;255;255;255;48;2;255;255;255m▀▀▀▀[38;2;253;242;246;48;2;254;239;244m▀[38;2;213;170;193;48;2;167;117;152m▀[38;2;86;13;72;48;2;93;24;78m▀[38;2;90;12;76;48;2;196;149;178m▀[38;2;113;42;99;48;2;252;219;234m▀[38;2;143;83;130;48;2;253;228;236m▀[38;2;147;86;133;48;2;251;218;233m▀[38;2;100;28;83;48;2;103;32;86m▀[38;2;95;24;78;48;2;211;169;202m▀[38;2;86;13;72;48;2;212;168;196m▀[38;2;88;14;75;48;2;136;74;120m▀[38;2;89;13;75;48;2;89;14;75m▀[38;2;176;124;160;48;2;169;114;155m▀[38;2;253;240;246;48;2;253;240;248m▀[38;2;255;255;255;48;2;255;255;255m▀▀▀▀[38;2;253;245;248;48;2;254;230;240m▀[38;2;252;231;239;48;2;170;118;151m▀[38;2;253;226;237;48;2;121;54;105m▀[38;2;233;192;214;48;2;92;18;76m▀[38;2;130;66;114;48;2;87;12;74m▀[38;2;87;12;71;48;2;127;63;112m▀[38;2;223;185;206;48;2;252;220;235m▀[38;2;255;249;252;48;2;254;252;253m▀[38;2;255;255;255;48;2;255;255;255m▀▀[38;2;254;244;248m▀[38;2;245;212;228;48;2;253;241;246m▀[38;2;140;77;124;48;2;252;222;235m▀[38;2;87;13;73;48;2;232;195;215m▀[38;2;86;12;71;48;2;225;190;208m▀[38;2;91;20;76;48;2;239;205;222m▀[38;2;134;73;118;48;2;252;223;237m▀[38;2;216;172;199;48;2;254;238;243m▀[38;2;253;225;233;48;2;255;252;252m▀[38;2;254;244;247;48;2;255;255;254m▀[38;2;255;255;255;48;2;255;255;255m▀▀▀▀[38;2;255;254;254m▀[38;2;253;234;238m▀[38;2;240;203;220;48;2;254;242;245m▀[38;2;148;84;130;48;2;254;223;238m▀[38;2;89;14;76;48;2;204;160;189m▀[38;2;118;55;104;48;2;196;148;179m▀[38;2;254;231;240;48;2;254;230;239m▀[38;2;255;255;255;48;2;255;255;255m▀▀[38;2;254;253;253m▀[38;2;255;247;251m▀[38;2;254;246;249;48;2;254;254;254m▀[38;2;254;237;245;48;2;253;239;245m▀[38;2;170;110;149;48;2;197;147;178m▀[38;2;131;70;118;48;2;172;120;156m▀[38;2;253;232;244;48;2;253;233;242m▀[38;2;247;216;230;48;2;250;220;233m▀[38;2;101;39;89;48;2;105;38;88m▀[38;2;243;201;228;48;2;148;86;132m▀[38;2;254;219;235;48;2;161;106;148m▀[38;2;169;111;154;48;2;90;18;76m▀[38;2;109;39;96;48;2;148;91;135m▀[38;2;112;46;98;48;2;246;211;229m▀[38;2;87;12;71;48;2;141;78;123m▀[38;2;161;108;146;48;2;176;125;157m▀[38;2;255;240;244;48;2;255;240;244m▀[38;2;255;255;255;48;2;255;255;255m▀▀▀▀▀▀▀▀[0m
[38;2;255;255;255;48;2;255;255;255m▀▀▀▀[38;2;254;240;245;48;2;255;242;246m▀[38;2;168;116;152;48;2;203;157;188m▀[38;2;104;36;87;48;2;87;13;69m▀[38;2;247;210;229;48;2;141;84;123m▀[38;2;255;236;246;48;2;235;197;219m▀[38;2;254;239;242;48;2;228;190;215m▀[38;2;222;180;204;48;2;125;63;108m▀[38;2;88;14;73;48;2;93;21;79m▀[38;2;216;180;203;48;2;247;212;232m▀[38;2;254;234;243;48;2;254;250;252m▀[38;2;251;222;236;48;2;254;247;250m▀[38;2;181;133;165;48;2;254;239;246m▀[38;2;208;162;194m▀[38;2;253;240;249;48;2;254;248;251m▀[38;2;255;255;254;48;2;254;254;254m▀[38;2;255;255;255;48;2;255;255;255m▀▀▀[38;2;253;231;243;48;2;252;231;241m▀[38;2;125;56;108;48;2;150;90;134m▀[38;2;91;12;74;48;2;123;55;106m▀[38;2;89;13;74;48;2;186;136;171m▀[38;2;121;58;107;48;2;248;215;231m▀[38;2;235;197;218;48;2;254;239;246m▀[38;2;253;237;244;48;2;255;254;255m▀[38;2;255;255;255;48;2;255;255;255m▀▀▀▀▀[38;2;254;253;254m▀[38;2;255;251;253;48;2;255;254;255m▀[38;2;254;251;253;48;2;246;245;245m▀[38;2;255;251;253;48;2;226;224;224m▀[38;2;255;254;255;48;2;198;193;192m▀[38;2;255;255;255;48;2;180;174;172m▀[48;2;170;163;162m▀[48;2;164;157;155m▀[48;2;163;153;152m▀[48;2;168;160;159m▀[48;2;173;167;166m▀[48;2;192;186;184m▀[48;2;216;211;210m▀[48;2;242;240;240m▀[48;2;254;253;253m▀[38;2;254;251;253;48;2;255;255;254m▀[38;2;254;240;247;48;2;255;255;255m▀▀[38;2;254;249;251;48;2;254;254;254m▀[38;2;255;254;254m▀[38;2;255;255;255;48;2;255;255;255m▀▀▀[38;2;254;254;254;48;2;254;254;254m▀[38;2;253;248;251m▀[38;2;254;231;243m▀[38;2;254;231;242m▀[38;2;254;244;247m▀[38;2;254;231;239;48;2;254;248;250m▀[38;2;183;131;163;48;2;253;222;236m▀[38;2;89;15;75;48;2;194;144;179m▀[38;2;87;13;74;48;2;155;97;141m▀[38;2;95;22;81;48;2;217;173;202m▀[38;2;222;183;206;48;2;254;229;240m▀[38;2;254;228;239;48;2;254;239;244m▀[38;2;252;225;238;48;2;254;235;244m▀[38;2;252;225;234;48;2;255;236;243m▀[38;2;255;245;247;48;2;254;244;248m▀[38;2;255;255;255;48;2;254;252;253m▀[48;2;253;250;252m▀[48;2;254;250;252m▀[48;2;255;255;255m▀▀▀▀▀[0m
[38;2;255;255;255;48;2;255;255;255m▀▀▀▀[38;2;254;249;251m▀[38;2;249;215;232;48;2;254;235;242m▀[38;2;117;48;101;48;2;230;187;214m▀[38;2;89;12;73;48;2;123;58;105m▀[38;2;91;14;75;48;2;91;18;74m▀[48;2;93;23;76m▀[38;2;91;12;75;48;2;141;81;125m▀[38;2;155;94;140;48;2;243;206;228m▀[38;2;254;227;241;48;2;254;243;249m▀[38;2;254;254;255;48;2;255;255;255m▀[38;2;255;255;255m▀▀▀▀[38;2;254;254;254m▀[38;2;255;255;255m▀▀▀[38;2;253;241;245m▀[38;2;252;228;237m▀[38;2;252;228;238m▀[38;2;253;234;241m▀[38;2;255;247;250m▀[38;2;255;255;255m▀[48;2;244;244;243m▀[48;2;184;178;176m▀[48;2;114;104;100m▀[38;2;250;249;249;48;2;55;41;37m▀[38;2;212;209;208;48;2;34;17;9m▀[38;2;160;154;152;48;2;32;15;8m▀[38;2;115;105;103;48;2;39;21;13m▀[38;2;74;62;57;48;2;67;47;40m▀[38;2;41;27;21;48;2;105;82;78m▀[38;2;33;17;10;48;2;137;109;105m▀[38;2;33;15;8;48;2;164;133;131m▀[38;2;31;15;8;48;2;182;151;148m▀[38;2;32;15;7;48;2;201;168;167m▀[38;2;33;15;7;48;2;211;176;177m▀[38;2;34;16;8;48;2;213;175;177m▀[38;2;32;15;7;48;2;210;172;174m▀[48;2;195;157;159m▀[38;2;33;15;7;48;2;179;141;143m▀[38;2;34;17;9;48;2;148;117;115m▀[38;2;40;23;15;48;2;113;87;83m▀[38;2;69;55;49;48;2;76;52;46m▀[38;2;112;103;100;48;2;41;20;14m▀[38;2;167;160;159;48;2;37;15;9m▀[38;2;227;224;225;48;2;38;18;14m▀[38;2;253;253;253;48;2;81;66;65m▀[38;2;254;254;254;48;2;158;149;149m▀[38;2;255;255;255;48;2;234;232;233m▀[48;2;254;254;254m▀[48;2;255;255;255m▀[38;2;254;254;254;48;2;254;254;254m▀▀[48;2;255;255;255m▀▀▀▀[38;2;254;249;251m▀[38;2;254;237;245m▀[38;2;254;236;244m▀[38;2;253;238;245m▀[38;2;253;240;245;48;2;254;238;246m▀[38;2;238;202;216;48;2;168;120;153m▀[38;2;157;98;141;48;2;131;70;116m▀[38;2;170;121;158;48;2;135;78;120m▀[38;2;244;212;230;48;2;124;66;113m▀[38;2;250;219;238;48;2;145;87;131m▀[38;2;214;178;199;48;2;93;26;74m▀[38;2;247;214;231;48;2;143;85;124m▀[38;2;254;241;248;48;2;253;225;239m▀[38;2;255;255;255;48;2;255;255;255m▀▀▀▀[0m
[38;2;255;255;255;48;2;255;255;255m▀▀▀▀▀[38;2;255;254;254m▀[38;2;254;237;247m▀[38;2;253;223;239;48;2;255;254;254m▀[38;2;240;206;224;48;2;254;253;254m▀[38;2;243;211;228;48;2;255;253;254m▀[38;2;253;225;238;48;2;255;254;255m▀[38;2;254;241;245;48;2;255;255;255m▀[38;2;255;254;255m▀[38;2;255;255;255m▀▀▀▀▀▀▀▀▀▀[48;2;254;253;253m▀[48;2;196;191;192m▀[38;2;254;254;253;48;2;89;76;75m▀[38;2;211;208;206;48;2;33;17;12m▀[38;2;121;114;112;48;2;36;17;12m▀[38;2;47;33;27;48;2;90;61;58m▀[38;2;33;16;8;48;2;165;131;130m▀[38;2;38;19;14;48;2;233;191;193m▀[38;2;84;59;56;48;2;253;208;210m▀[38;2;145;112;111;48;2;253;205;209m▀[38;2;197;159;160;48;2;254;206;209m▀[38;2;240;198;200m▀[38;2;253;208;208;48;2;255;206;208m▀[38;2;255;207;207m▀[48;2;255;207;208m▀[48;2;255;207;207m▀▀[38;2;255;207;208m▀▀▀▀▀[38;2;254;208;210;48;2;254;207;208m▀[38;2;253;208;209;48;2;255;207;207m▀[38;2;254;209;210;48;2;255;207;208m▀[38;2;253;210;211m▀[38;2;239;199;199m▀[38;2;187;150;149m▀[38;2;121;91;88m▀[38;2;53;32;28;48;2;246;204;204m▀[38;2;33;14;10;48;2;183;149;147m▀[38;2;42;26;20;48;2;92;66;61m▀[38;2;120;109;106;48;2;36;16;9m▀[38;2;221;218;218;48;2;39;21;14m▀[38;2;254;254;254;48;2;123;111;108m▀[48;2;234;231;231m▀[38;2;255;255;255;48;2;254;254;254m▀▀[48;2;255;255;255m▀▀▀▀▀▀[38;2;254;238;248;48;2;254;241;247m▀[38;2;165;115;149;48;2;205;162;187m▀[38;2;148;88;129;48;2;86;15;69m▀[38;2;252;214;235;48;2;163;105;145m▀[38;2;159;104;144;48;2;222;180;206m▀[38;2;117;54;100;48;2;194;146;179m▀[38;2;243;201;227;48;2;197;148;183m▀[38;2;115;52;101;48;2;110;43;95m▀[38;2;253;221;236;48;2;254;222;235m▀[38;2;255;255;255;48;2;255;255;255m▀▀▀▀[0m
[38;2;255;255;255;48;2;255;255;255m▀▀▀▀▀▀▀▀▀▀▀▀▀▀▀▀▀▀▀▀[48;2;248;248;246m▀[38;2;254;255;255;48;2;137;129;129m▀[38;2;215;213;210;48;2;40;22;18m▀[38;2;93;83;81;48;2;40;20;14m▀[38;2;37;16;12;48;2;128;100;96m▀[38;2;46;24;18;48;2;230;186;188m▀[38;2;128;98;95;48;2;253;201;204m▀[38;2;219;173;175;48;2;255;201;204m▀[38;2;252;203;206;48;2;255;200;203m▀[38;2;254;203;207;48;2;255;200;202m▀[38;2;255;202;206;48;2;254;199;199m▀[38;2;255;203;205;48;2;255;200;199m▀[38;2;254;203;205;48;2;255;200;200m▀[38;2;253;202;205;48;2;255;200;202m▀[38;2;254;202;206;48;2;255;200;204m▀[38;2;255;203;207;48;2;255;200;205m▀[38;2;254;203;207;48;2;255;201;206m▀[38;2;254;204;207m▀[38;2;255;205;208m▀[38;2;254;205;207;48;2;254;202;206m▀▀[38;2;255;205;207m▀[38;2;255;206;207;48;2;253;203;205m▀[38;2;255;207;207;48;2;252;204;204m▀[48;2;253;204;204m▀[48;2;255;205;206m▀▀[48;2;255;206;207m▀▀▀[48;2;255;207;207m▀▀[48;2;255;207;208m▀[38;2;254;208;209;48;2;254;207;208m▀[38;2;254;208;210;48;2;254;207;209m▀[38;2;207;167;167;48;2;255;206;209m▀[38;2;97;70;66;48;2;253;207;209m▀[38;2;36;16;9;48;2;192;153;153m▀[38;2;51;33;27;48;2;66;41;36m▀[38;2;168;160;158;48;2;35;14;9m▀[38;2;252;251;251;48;2;103;90;88m▀[38;2;254;254;254;48;2;237;236;237m▀[38;2;255;255;255;48;2;255;255;255m▀▀▀▀▀[38;2;253;237;244;48;2;252;230;240m▀[38;2;226;186;208;48;2;134;76;119m▀[38;2;93;22;80;48;2;137;71;122m▀[38;2;129;66;114;48;2;202;153;187m▀[38;2;254;218;237;48;2;237;202;216m▀[38;2;203;159;189;48;2;221;180;200m▀[38;2;89;19;76;48;2;102;34;88m▀[38;2;192;140;175;48;2;212;165;195m▀[38;2;254;230;238;48;2;254;237;243m▀[38;2;255;254;254;48;2;255;254;254m▀[38;2;255;255;255;48;2;254;254;254m▀[48;2;255;255;255m▀▀[0m
[38;2;255;255;255;48;2;255;255;255m▀▀▀▀▀▀▀▀▀▀▀▀▀▀▀▀▀▀[48;2;206;204;203m▀[38;2;227;226;226;48;2;54;41;35m▀[38;2;80;68;67;48;2;42;21;16m▀[38;2;36;17;12;48;2;164;121;121m▀[38;2;95;66;60;48;2;252;194;197m▀[38;2;219;171;173;48;2;255;193;197m▀[38;2;254;197;202;48;2;255;195;197m▀[38;2;254;199;198;48;2;254;196;196m▀[38;2;254;198;197;48;2;255;197;196m▀[38;2;254;198;198;48;2;252;206;206m▀[38;2;254;200;200;48;2;254;247;237m▀[38;2;253;206;205;48;2;254;252;243m▀[38;2;253;199;201;48;2;253;239;231m▀[38;2;254;199;196;48;2;253;200;200m▀[38;2;254;198;197;48;2;254;198;197m▀▀[38;2;255;199;198m▀[38;2;254;199;199;48;2;255;198;197m▀[38;2;254;199;200m▀[48;2;255;197;197m▀[48;2;255;197;196m▀[38;2;255;200;201;48;2;255;198;197m▀[38;2;254;202;203;48;2;255;199;198m▀[38;2;254;202;204m▀[38;2;254;203;203;48;2;254;199;198m▀[38;2;253;203;204;48;2;253;200;200m▀[38;2;254;202;205;48;2;253;199;201m▀[38;2;254;202;206;48;2;253;201;201m▀[48;2;253;202;201m▀[38;2;255;202;207;48;2;254;202;204m▀[38;2;255;203;207;48;2;255;203;207m▀▀[38;2;254;202;206;48;2;254;202;206m▀▀[38;2;255;205;208m▀[48;2;255;202;206m▀▀▀▀[38;2;254;206;208;48;2;254;204;207m▀[38;2;242;198;199;48;2;255;203;207m▀[38;2;121;91;88;48;2;253;205;208m▀[38;2;35;14;9;48;2;172;137;136m▀[38;2;66;49;47;48;2;42;20;16m▀[38;2;217;214;215;48;2;52;33;29m▀[38;2;255;255;255;48;2;205;200;200m▀[48;2;255;255;255m▀▀▀[38;2;252;231;240;48;2;252;235;242m▀[38;2;125;65;111;48;2;193;146;178m▀[38;2;186;134;174;48;2;91;18;76m▀[38;2;170;114;154;48;2;102;33;84m▀[38;2;91;25;74;48;2;179;123;160m▀[38;2;171;118;152;48;2;101;33;85m▀[38;2;154;98;137;48;2;85;14;71m▀[38;2;148;90;133;48;2;167;115;151m▀[38;2;253;235;242;48;2;253;236;242m▀[38;2;255;255;255;48;2;255;255;255m▀▀▀▀[0m
[38;2;255;255;255;48;2;255;255;255m▀▀▀▀▀▀▀▀▀▀▀▀▀▀▀▀[48;2;229;226;225m▀[38;2;203;199;197;48;2;54;36;31m▀[38;2;45;30;24;48;2;75;45;43m▀[38;2;61;36;29;48;2;229;170;171m▀[38;2;206;157;158;48;2;254;188;191m▀[38;2;254;193;195m▀[38;2;255;194;195;48;2;254;189;190m▀[38;2;255;193;196m▀[38;2;255;193;199;48;2;254;189;191m▀▀[38;2;254;193;196;48;2;254;190;191m▀[38;2;251;228;222;48;2;251;225;218m▀[38;2;254;255;246;48;2;255;254;244m▀[38;2;255;255;246;48;2;255;253;244m▀[38;2;254;254;244;48;2;254;253;243m▀[38;2;252;216;212;48;2;251;211;209m▀[38;2;255;197;196;48;2;255;195;198m▀[48;2;255;195;197m▀▀[48;2;252;202;201m▀[38;2;255;197;197;48;2;252;221;217m▀[48;2;251;212;210m▀[38;2;255;196;198;48;2;253;195;197m▀[38;2;255;195;197;48;2;255;195;197m▀[38;2;255;196;197m▀[38;2;255;196;198m▀[38;2;255;197;197;48;2;255;196;198m▀[38;2;255;198;197;48;2;255;197;198m▀[48;2;254;197;198m▀[48;2;255;198;197m▀▀[38;2;255;199;198;48;2;255;198;198m▀[38;2;255;200;199;48;2;255;197;197m▀[38;2;254;200;201;48;2;249;201;210m▀[38;2;255;200;203;48;2;252;205;218m▀[38;2;255;200;205;48;2;253;200;210m▀[38;2;255;200;204;48;2;255;198;200m▀[48;2;255;198;199m▀[38;2;255;201;204;48;2;255;199;199m▀[38;2;254;202;205;48;2;255;200;199m▀▀[48;2;255;201;200m▀▀[38;2;254;204;207;48;2;255;201;201m▀[48;2;254;202;201m▀[38;2;200;158;160;48;2;254;202;202m▀[38;2;52;26;23;48;2;208;164;165m▀[38;2;50;29;26;48;2;48;23;19m▀[38;2;207;202;203;48;2;56;36;35m▀[38;2;255;255;255;48;2;226;221;221m▀[48;2;255;255;255m▀[38;2;255;250;252m▀[38;2;253;227;239;48;2;254;252;253m▀[38;2;234;200;216;48;2;254;250;252m▀[38;2;244;209;227;48;2;254;251;253m▀[38;2;255;225;236;48;2;255;253;254m▀[38;2;243;207;224;48;2;255;251;252m▀[38;2;216;176;198;48;2;254;250;251m▀[38;2;249;217;231;48;2;254;251;252m▀[38;2;254;245;248;48;2;255;255;255m▀[38;2;255;255;255m▀▀▀▀[0m
[38;2;255;255;255;48;2;255;255;255m▀▀▀▀▀▀▀▀▀▀▀▀▀▀▀[38;2;254;254;254;48;2;214;200;201m▀[38;2;100;91;88;48;2;63;35;31m▀[38;2;72;45;42;48;2;228;166;173m▀[38;2;236;174;181;48;2;255;182;191m▀[38;2;254;187;188;48;2;255;184;190m▀[38;2;253;187;189m▀[38;2;254;187;189;48;2;255;185;187m▀[38;2;255;187;190m▀[38;2;255;186;191;48;2;255;184;189m▀[38;2;255;187;190;48;2;255;185;188m▀[48;2;255;185;189m▀[38;2;254;188;190;48;2;255;187;190m▀[38;2;252;194;194;48;2;254;186;189m▀[38;2;252;230;225;48;2;254;187;189m▀[38;2;253;241;234;48;2;253;187;189m▀[38;2;251;221;218;48;2;254;187;190m▀[38;2;252;190;193;48;2;216;147;161m▀[38;2;232;163;172;48;2;183;104;124m▀[38;2;254;190;193;48;2;254;187;192m▀[38;2;250;197;198;48;2;250;210;208m▀[38;2;253;247;237;48;2;255;253;246m▀[38;2;254;254;247;48;2;254;254;246m▀[38;2;254;253;247m▀[38;2;251;211;210;48;2;251;225;220m▀[38;2;255;194;197;48;2;253;191;194m▀[38;2;255;195;197;48;2;254;191;193m▀[38;2;254;195;197;48;2;254;198;200m▀[38;2;254;202;204;48;2;254;212;217m▀[38;2;254;206;208;48;2;255;210;219m▀[38;2;252;202;204;48;2;255;211;219m▀[38;2;255;197;197;48;2;255;199;202m▀[48;2;255;194;196m▀[38;2;255;197;198;48;2;253;195;197m▀[38;2;253;199;206;48;2;252;203;214m▀[38;2;245;215;243;48;2;246;215;247m▀[38;2;243;216;249;48;2;246;215;248m▀[38;2;248;214;244;48;2;243;216;247m▀[38;2;253;200;207;48;2;251;203;216m▀[38;2;255;197;196;48;2;255;195;196m▀[38;2;255;197;197;48;2;255;196;197m▀[38;2;255;198;198;48;2;255;196;198m▀[38;2;255;197;197m▀[48;2;255;195;197m▀▀[38;2;254;198;197;48;2;255;197;197m▀[48;2;255;198;197m▀[38;2;255;199;198m▀[38;2;254;200;202;48;2;255;198;199m▀[38;2;197;156;157;48;2;253;198;200m▀[38;2;42;19;16;48;2;168;127;127m▀[38;2;78;59;57;48;2;35;12;9m▀[38;2;246;244;243;48;2;128;113;111m▀[38;2;255;255;255;48;2;254;254;254m▀[38;2;254;254;254m▀[38;2;255;255;255;48;2;255;255;255m▀▀▀▀▀▀▀▀▀▀▀[0m
[38;2;255;255;255;48;2;255;255;255m▀▀▀▀▀▀▀▀▀▀▀▀▀[48;2;254;253;253m▀[38;2;251;239;238;48;2;180;139;141m▀[38;2;231;169;173;48;2;242;172;175m▀[38;2;221;156;161;48;2;254;178;182m▀[38;2;254;182;188;48;2;254;179;182m▀[38;2;255;183;184;48;2;253;181;182m▀[38;2;255;181;184;48;2;252;180;182m▀[38;2;255;181;185;48;2;253;181;182m▀[38;2;255;182;181;48;2;254;180;181m▀[38;2;255;182;182;48;2;255;180;181m▀[38;2;255;182;184;48;2;254;180;180m▀[38;2;254;182;186;48;2;255;181;180m▀[38;2;255;183;187;48;2;255;181;184m▀[38;2;254;183;187;48;2;252;181;185m▀[38;2;253;184;187;48;2;224;147;160m▀[38;2;252;186;188;48;2;221;146;158m▀[38;2;254;186;189;48;2;254;183;190m▀[38;2;253;182;188;48;2;231;154;167m▀[38;2;166;81;110;48;2;170;83;112m▀[38;2;233;158;172;48;2;254;182;189m▀[38;2;255;186;191;48;2;254;185;188m▀[38;2;252;196;198;48;2;254;183;188m▀[38;2;254;250;242;48;2;250;196;197m▀[38;2;254;254;246;48;2;251;213;211m▀[38;2;254;253;245;48;2;251;200;201m▀[38;2;250;205;205;48;2;251;186;190m▀[38;2;254;188;191;48;2;254;187;188m▀[48;2;255;187;189m▀[38;2;254;199;201;48;2;255;190;193m▀[38;2;255;212;218;48;2;255;207;212m▀[38;2;255;210;220;48;2;254;211;219m▀[38;2;255;210;219;48;2;254;208;216m▀[38;2;254;198;201;48;2;252;191;193m▀[38;2;255;189;191;48;2;254;188;190m▀[38;2;254;191;193;48;2;254;188;189m▀[38;2;252;195;202;48;2;254;189;190m▀[38;2;247;214;241;48;2;251;194;198m▀[38;2;244;216;248;48;2;252;197;208m▀[38;2;245;213;241;48;2;252;193;197m▀[38;2;251;197;204;48;2;254;190;191m▀[38;2;254;194;197;48;2;254;190;192m▀[38;2;255;194;196;48;2;254;191;193m▀[38;2;254;194;196;48;2;254;192;195m▀[48;2;254;193;196m▀[38;2;255;195;198;48;2;255;193;196m▀▀[38;2;255;196;197;48;2;255;193;195m▀[38;2;255;197;196m▀[38;2;255;196;197;48;2;254;193;196m▀[38;2;254;195;197;48;2;254;194;196m▀[48;2;255;195;197m▀[38;2;252;196;198;48;2;254;195;197m▀[38;2;111;76;73;48;2;233;180;182m▀[38;2;40;17;10;48;2;56;28;24m▀[38;2;200;193;192;48;2;77;59;56m▀[38;2;254;254;254;48;2;249;248;249m▀[38;2;255;255;255;48;2;254;254;254m▀▀[48;2;255;255;255m▀▀▀▀▀▀▀▀▀[0m
[38;2;255;255;255;48;2;255;255;255m▀▀▀▀▀▀▀▀▀▀▀▀[48;2;217;211;212m▀[38;2;248;215;219;48;2;189;134;138m▀[38;2;135;79;80;48;2;254;174;179m▀[38;2;242;168;173m▀[38;2;254;177;183;48;2;253;175;180m▀[38;2;253;177;182;48;2;249;175;180m▀[38;2;249;177;182;48;2;250;173;179m▀[38;2;249;177;181;48;2;250;174;179m▀[38;2;250;178;182;48;2;251;175;180m▀[38;2;253;178;182;48;2;253;176;182m▀[38;2;254;178;182;48;2;254;177;182m▀▀[38;2;253;179;181;48;2;254;178;181m▀[38;2;254;181;180;48;2;252;176;179m▀[38;2;237;161;170;48;2;173;89;110m▀[38;2;166;81;106;48;2;231;151;165m▀[38;2;244;165;178;48;2;255;178;183m▀[38;2;255;180;187;48;2;243;165;176m▀[38;2;199;116;138;48;2;164;77;104m▀[38;2;203;122;142;48;2;228;152;162m▀[38;2;254;182;185;48;2;254;180;186m▀[38;2;235;163;171;48;2;173;93;114m▀[38;2;252;180;185;48;2;247;170;178m▀[38;2;254;181;185;48;2;254;180;183m▀[38;2;254;183;187;48;2;253;182;183m▀[38;2;254;183;189m▀[38;2;255;184;186;48;2;254;182;182m▀[48;2;255;181;181m▀[38;2;255;185;187;48;2;255;182;181m▀[38;2;255;186;187m▀[38;2;254;187;189;48;2;254;182;181m▀[38;2;254;192;196;48;2;255;183;183m▀[38;2;254;188;191;48;2;255;182;186m▀[38;2;252;186;188;48;2;254;183;187m▀[38;2;253;187;189;48;2;254;184;187m▀[38;2;255;186;189;48;2;253;181;186m▀[38;2;255;186;188;48;2;248;176;181m▀[38;2;255;187;188;48;2;255;185;188m▀[38;2;253;187;189;48;2;254;186;189m▀[38;2;254;188;190;48;2;254;187;189m▀[38;2;255;187;189;48;2;255;184;188m▀▀[38;2;254;188;191;48;2;255;185;189m▀[38;2;244;176;183;48;2;243;172;180m▀[38;2;233;164;172;48;2;176;93;117m▀[38;2;255;189;190;48;2;254;186;191m▀[48;2;255;187;188m▀[38;2;255;189;191;48;2;255;187;189m▀[38;2;255;189;192;48;2;255;187;190m▀[38;2;255;189;193m▀[38;2;255;191;195;48;2;255;188;191m▀[38;2;254;193;195m▀[38;2;255;194;196;48;2;254;189;190m▀[38;2;253;192;197m▀[38;2;162;117;119;48;2;249;186;189m▀[38;2;36;15;9;48;2;66;38;35m▀[38;2;171;162;162;48;2;65;52;47m▀[38;2;254;254;254;48;2;249;248;249m▀[48;2;254;254;254m▀[38;2;255;255;255;48;2;255;255;255m▀▀▀▀▀▀▀▀▀[0m
[38;2;255;255;255;48;2;255;255;255m▀▀▀▀▀▀▀▀▀▀▀[38;2;236;236;236;48;2;141;134;132m▀[38;2;56;40;37;48;2;38;17;12m▀[38;2;121;72;69;48;2;210;144;145m▀[38;2;252;173;176;48;2;249;171;175m▀[38;2;252;174;175;48;2;250;172;175m▀[38;2;252;174;174;48;2;251;171;174m▀[38;2;253;173;173;48;2;253;172;174m▀[38;2;254;172;174;48;2;255;171;174m▀[38;2;253;174;176;48;2;254;172;174m▀[38;2;254;174;177;48;2;253;173;175m▀[48;2;252;173;175m▀[38;2;254;175;177;48;2;252;173;174m▀[48;2;253;173;175m▀[38;2;253;175;179;48;2;242;162;169m▀[38;2;206;123;141;48;2;167;81;111m▀[38;2;198;115;132;48;2;250;167;176m▀[38;2;255;175;182;48;2;238;156;169m▀[38;2;241;160;171;48;2;161;74;104m▀[38;2;166;78;107;48;2;153;61;97m▀[38;2;153;64;96;48;2;162;76;106m▀[38;2;246;172;179;48;2;252;176;184m▀[38;2;250;174;182;48;2;237;159;171m▀[38;2;194;113;129;48;2;218;137;150m▀[38;2;255;178;183;48;2;254;176;182m▀[38;2;254;178;182;48;2;253;175;181m▀[38;2;252;179;182;48;2;252;176;182m▀▀[38;2;254;179;182;48;2;252;177;181m▀[38;2;254;179;181;48;2;252;177;182m▀[38;2;254;179;182;48;2;251;177;182m▀[38;2;254;180;182;48;2;251;177;181m▀[38;2;255;180;182;48;2;252;178;182m▀[38;2;255;181;183;48;2;254;179;183m▀[38;2;254;182;182;48;2;254;179;180m▀[38;2;255;181;185;48;2;255;179;181m▀[38;2;255;182;186;48;2;255;179;183m▀[38;2;205;128;144;48;2;207;125;142m▀[38;2;159;79;100;48;2;184;100;122m▀[38;2;254;181;187;48;2;254;180;185m▀[38;2;255;183;187;48;2;255;181;184m▀[48;2;255;181;185m▀[38;2;255;184;188;48;2;255;183;185m▀[38;2;254;183;187;48;2;253;182;184m▀[38;2;254;183;188;48;2;253;181;184m▀[38;2;254;184;189;48;2;254;182;185m▀[38;2;199;118;138;48;2;238;163;173m▀[38;2;235;163;172;48;2;200;121;138m▀[38;2;255;186;189;48;2;255;183;189m▀[48;2;254;184;188m▀[48;2;253;184;188m▀[48;2;254;185;189m▀[48;2;255;185;189m▀[48;2;255;186;190m▀[38;2;255;187;188;48;2;255;186;189m▀▀[38;2;255;187;189m▀[38;2;166;119;121;48;2;243;180;184m▀[38;2;33;14;8;48;2;52;25;22m▀[38;2;185;179;177;48;2;94;82;78m▀[38;2;254;254;254;48;2;254;254;254m▀[38;2;255;255;255;48;2;255;255;255m▀▀▀▀▀▀▀▀▀[0m
[38;2;255;255;255;48;2;255;255;255m▀▀▀▀▀▀▀▀▀▀[38;2;246;246;245;48;2;185;182;181m▀[38;2;51;38;35;48;2;34;14;11m▀[38;2;105;67;63;48;2;199;131;139m▀[38;2;252;171;177;48;2;254;169;173m▀[38;2;248;170;174m▀[38;2;249;170;174;48;2;251;167;171m▀[38;2;250;169;173;48;2;248;168;172m▀[38;2;251;170;173;48;2;248;169;175m▀[38;2;252;170;173;48;2;249;170;175m▀[38;2;252;171;173;48;2;251;171;173m▀[38;2;247;170;173;48;2;247;169;173m▀[38;2;246;170;174;48;2;247;169;174m▀[38;2;248;170;172;48;2;251;169;175m▀[38;2;251;172;173;48;2;242;158;165m▀[38;2;190;107;125;48;2;169;84;108m▀[38;2;216;131;152;48;2;237;152;168m▀[38;2;237;154;165;48;2;166;87;113m▀[38;2;158;74;99;48;2;216;181;187m▀[38;2;177;111;133;48;2;252;247;234m▀[38;2;208;165;176;48;2;229;203;202m▀[38;2;175;87;116;48;2;182;92;123m▀[38;2;254;173;181;48;2;252;171;174m▀[38;2;223;142;155;48;2;216;135;146m▀[38;2;240;160;169;48;2;252;167;176m▀[38;2;254;174;180;48;2;254;171;177m▀[38;2;254;174;179;48;2;251;174;175m▀[38;2;254;174;178;48;2;254;174;175m▀▀[38;2;251;174;179;48;2;254;174;173m▀[48;2;255;174;174m▀[38;2;250;176;179;48;2;255;173;174m▀[38;2;250;177;179;48;2;255;173;175m▀[38;2;252;176;180m▀[38;2;254;176;183;48;2;255;174;176m▀▀[38;2;254;177;182;48;2;254;174;180m▀[48;2;254;175;182m▀[38;2;197;113;133;48;2;168;80;110m▀[38;2;222;138;155;48;2;211;126;146m▀[38;2;254;179;182;48;2;253;176;182m▀[38;2;253;178;180;48;2;254;177;181m▀[38;2;254;179;183m▀[38;2;254;180;181;48;2;252;178;181m▀[48;2;251;178;182m▀[38;2;255;180;182;48;2;253;177;182m▀[48;2;254;177;182m▀[38;2;255;180;185;48;2;255;179;182m▀[38;2;187;109;124;48;2;198;120;133m▀[38;2;254;180;188;48;2;247;170;180m▀[38;2;254;182;186;48;2;254;180;182m▀[38;2;252;181;184;48;2;255;181;182m▀[38;2;253;181;184m▀[38;2;254;182;186;48;2;254;179;181m▀[38;2;255;183;186;48;2;254;180;181m▀[38;2;255;183;187;48;2;254;181;182m▀▀[38;2;255;184;187;48;2;254;182;181m▀[38;2;254;185;189;48;2;254;183;184m▀[38;2;129;85;87;48;2;202;143;147m▀[38;2;41;21;16;48;2;37;14;10m▀[38;2;231;228;228;48;2;168;160;159m▀[38;2;255;255;255;48;2;255;255;255m▀▀▀▀▀▀▀▀▀[0m
[38;2;255;255;255;48;2;255;255;255m▀▀▀▀▀▀▀▀▀[48;2;251;250;250m▀[38;2;117;107;104;48;2;54;40;35m▀[38;2;73;40;37;48;2;148;96;95m▀[38;2;249;165;172;48;2;251;164;172m▀[38;2;253;168;173;48;2;247;166;172m▀[38;2;251;168;172;48;2;248;167;170m▀[38;2;249;166;173;48;2;248;166;172m▀[38;2;247;165;173;48;2;248;165;174m▀[38;2;246;165;172;48;2;247;166;173m▀▀[38;2;247;166;172;48;2;247;166;172m▀[38;2;246;168;173;48;2;249;166;173m▀[38;2;247;167;173;48;2;251;165;173m▀[38;2;251;168;173;48;2;245;160;167m▀[38;2;193;108;127;48;2;164;78;103m▀[38;2;207;122;139;48;2;180;99;122m▀[38;2;177;97;119;48;2;233;211;211m▀[38;2;237;215;212;48;2;255;249;235m▀[38;2;254;249;231;48;2;254;248;230m▀[38;2;254;249;234;48;2;254;249;231m▀[38;2;230;203;203;48;2;237;217;213m▀[38;2;182;92;121;48;2;178;91;117m▀[38;2;252;171;174;48;2;252;170;175m▀[38;2;215;134;143;48;2;215;133;142m▀[38;2;254;171;178;48;2;253;169;176m▀[38;2;254;170;175;48;2;254;169;174m▀[38;2;249;171;174;48;2;247;170;173m▀[38;2;249;172;176;48;2;246;170;174m▀[38;2;249;172;175;48;2;247;170;174m▀[38;2;250;173;173;48;2;250;169;174m▀[38;2;250;173;174;48;2;251;171;175m▀[38;2;253;174;175;48;2;249;170;174m▀[38;2;254;174;175;48;2;248;170;174m▀[38;2;254;174;174;48;2;248;171;174m▀[38;2;255;174;173;48;2;250;174;175m▀[48;2;254;171;175m▀[38;2;254;174;174;48;2;255;172;175m▀[38;2;239;159;169;48;2;202;120;137m▀[38;2;153;59;96;48;2;171;95;124m▀[38;2;178;90;118;48;2;156;64;98m▀[38;2;252;174;177;48;2;244;165;168m▀[38;2;253;174;174;48;2;249;174;173m▀[38;2;253;174;175m▀[38;2;252;175;179;48;2;253;174;176m▀[38;2;252;176;180;48;2;254;174;177m▀[38;2;252;175;180;48;2;254;174;176m▀[38;2;254;176;181m▀[38;2;254;177;182;48;2;255;174;177m▀[38;2;217;138;151;48;2;236;157;169m▀[38;2;226;148;159;48;2;207;127;143m▀[38;2;254;178;182;48;2;254;175;180m▀[38;2;255;178;182;48;2;255;174;180m▀[38;2;254;178;182;48;2;254;175;180m▀[38;2;253;178;182;48;2;253;175;180m▀[38;2;253;178;181m▀[38;2;254;178;182;48;2;253;177;181m▀[48;2;254;177;181m▀[38;2;254;179;181;48;2;254;178;182m▀[38;2;253;180;181;48;2;253;178;181m▀[38;2;247;177;179;48;2;252;177;181m▀[38;2;54;26;23;48;2;108;67;67m▀[38;2;104;90;87;48;2;55;36;31m▀[38;2;254;254;254;48;2;250;248;249m▀[48;2;254;254;254m▀[38;2;255;255;255;48;2;255;255;255m▀▀▀▀▀▀▀[0m
[38;2;255;255;255;48;2;255;255;255m▀▀▀▀▀▀▀▀▀[38;2;215;210;210;48;2;166;157;156m▀[38;2;38;16;12;48;2;81;45;44m▀[38;2;219;147;150;48;2;249;166;170m▀[38;2;250;164;166;48;2;249;163;164m▀[38;2;247;166;167;48;2;246;165;164m▀[38;2;248;165;167;48;2;247;164;166m▀[38;2;247;165;169;48;2;246;164;166m▀[48;2;246;165;165m▀[38;2;247;166;168;48;2;247;166;165m▀[38;2;247;165;168;48;2;247;165;165m▀[38;2;249;166;168;48;2;251;164;165m▀[38;2;252;166;171;48;2;249;166;170m▀[38;2;253;165;173;48;2;250;164;171m▀[38;2;207;121;137;48;2;170;84;109m▀[38;2;153;69;97;48;2;191;146;157m▀[38;2;219;186;190;48;2;254;249;237m▀[38;2;254;250;238;48;2;254;251;238m▀[38;2;254;249;232;48;2;254;249;231m▀[38;2;254;249;231;48;2;252;246;230m▀[38;2;255;249;234;48;2;176;169;156m▀[38;2;241;228;219;48;2;72;57;49m▀[38;2;132;66;78;48;2;84;40;44m▀[38;2;234;155;163;48;2;226;150;158m▀[38;2;214;131;141;48;2;212;128;139m▀[38;2;251;167;175;48;2;252;166;174m▀[38;2;249;168;173;48;2;248;166;172m▀[38;2;247;169;173;48;2;248;168;174m▀[38;2;247;168;173;48;2;247;167;172m▀[38;2;249;168;174;48;2;250;167;173m▀[38;2;250;170;174;48;2;249;168;172m▀[38;2;247;169;174;48;2;249;168;174m▀[38;2;151;94;93;48;2;200;135;136m▀[38;2;154;102;100;48;2;129;81;77m▀[38;2;212;148;149;48;2;63;29;21m▀[38;2;248;170;176;48;2;88;49;43m▀[38;2;254;169;176;48;2;177;121;121m▀[38;2;253;169;175;48;2;220;140;152m▀[38;2;172;95;117;48;2;197;147;158m▀[38;2;245;230;229;48;2;254;250;235m▀[38;2;161;84;110;48;2;215;185;187m▀[38;2;215;131;148;48;2;181;96;119m▀[38;2;251;172;175;48;2;253;171;175m▀▀[38;2;253;173;175;48;2;251;170;174m▀[38;2;251;174;174;48;2;246;170;172m▀[38;2;254;172;175;48;2;252;170;174m▀[38;2;252;173;174;48;2;250;170;174m▀[38;2;251;174;174;48;2;249;171;174m▀[38;2;247;168;176;48;2;251;169;176m▀[38;2;196;114;131;48;2;193;107;125m▀[38;2;253;174;176;48;2;252;172;173m▀[38;2;254;173;174;48;2;254;173;173m▀[38;2;255;174;175m▀[38;2;255;173;176m▀[48;2;255;173;173m▀[38;2;254;173;177;48;2;254;173;172m▀[38;2;255;175;179;48;2;255;174;173m▀[38;2;255;176;180;48;2;255;174;174m▀[38;2;254;175;179;48;2;254;174;174m▀[38;2;253;174;179;48;2;253;173;176m▀[38;2;157;101;104;48;2;198;133;138m▀[38;2;35;17;11;48;2;32;13;7m▀[38;2;221;219;218;48;2;184;180;179m▀[38;2;254;254;254;48;2;254;254;254m▀[38;2;255;255;255;48;2;255;255;255m▀▀▀▀▀▀▀[0m
[38;2;255;255;255;48;2;255;255;255m▀▀▀▀▀▀▀▀[48;2;255;254;254m▀[38;2;117;107;105;48;2;78;57;56m▀[38;2;143;88;89;48;2;202;130;133m▀[38;2;250;163;168;48;2;248;163;166m▀[38;2;249;163;165m▀[38;2;246;164;164m▀[38;2;246;163;165;48;2;247;162;165m▀▀▀[38;2;247;164;165;48;2;248;163;166m▀▀[38;2;250;162;165;48;2;248;162;165m▀[38;2;253;162;167;48;2;251;162;164m▀[38;2;238;147;160;48;2;207;116;135m▀[38;2;166;90;111;48;2;201;156;163m▀[38;2;250;240;232;48;2;255;251;238m▀[38;2;254;250;238;48;2;255;251;237m▀[38;2;254;251;237;48;2;254;248;232m▀[38;2;254;250;231;48;2;255;250;230m▀[38;2;146;139;124;48;2;251;246;227m▀[38;2;116;108;94;48;2;254;248;231m▀[38;2;229;220;211;48;2;254;247;234m▀[38;2;170;108;123;48;2;196;146;155m▀[38;2;242;155;167;48;2;225;136;150m▀[38;2;210;125;137;48;2;211;126;137m▀[38;2;251;164;172;48;2;245;161;168m▀[38;2;251;166;173;48;2;249;165;171m▀[38;2;247;166;173;48;2;248;166;172m▀[38;2;246;166;172;48;2;248;166;173m▀[38;2;249;166;173m▀[48;2;248;166;171m▀▀[38;2;252;165;173;48;2;251;165;172m▀[38;2;253;165;173;48;2;252;165;173m▀[38;2;243;164;169;48;2;251;165;173m▀[38;2;176;118;116;48;2;249;167;173m▀[38;2;77;40;35;48;2;222;140;151m▀[38;2;95;46;50;48;2;179;129;138m▀[38;2;242;220;214;48;2;254;248;233m▀[38;2;255;248;233;48;2;255;248;231m▀[38;2;254;246;233m▀[38;2;171;102;122;48;2;202;161;165m▀[38;2;246;164;170;48;2;217;132;145m▀[38;2;252;170;174;48;2;251;167;173m▀[38;2;249;169;173;48;2;248;167;173m▀[38;2;246;170;172m▀[38;2;249;169;173;48;2;247;167;173m▀[38;2;249;169;174;48;2;246;166;173m▀[38;2;249;169;173m▀[38;2;250;169;175;48;2;250;169;171m▀[38;2;193;106;123;48;2;194;106;122m▀[38;2;251;171;173;48;2;252;167;172m▀[38;2;252;171;174;48;2;249;169;174m▀[38;2;253;171;174;48;2;247;170;174m▀[38;2;253;171;173;48;2;249;170;174m▀▀[38;2;249;171;173;48;2;249;169;173m▀[38;2;251;172;174;48;2;254;170;173m▀[38;2;252;172;176;48;2;244;162;170m▀[38;2;253;173;178;48;2;215;135;145m▀[38;2;253;172;179;48;2;251;171;177m▀[38;2;227;156;161;48;2;244;166;171m▀[38;2;35;14;9;48;2;41;21;15m▀[38;2;151;144;142;48;2;127;117;115m▀[38;2;254;254;254;48;2;254;254;254m▀[38;2;255;255;255;48;2;255;255;255m▀▀▀▀▀▀▀[0m
[38;2;255;255;255;48;2;255;255;255m▀▀▀▀▀▀▀▀[38;2;243;243;241;48;2;207;204;202m▀[38;2;60;33;31;48;2;102;61;61m▀[38;2;240;161;165;48;2;247;163;169m▀[38;2;248;163;166;48;2;247;162;167m▀[48;2;247;162;165m▀▀[38;2;247;162;165m▀▀▀[38;2;248;163;166m▀▀[38;2;248;162;165;48;2;248;162;165m▀[38;2;250;162;165;48;2;245;158;163m▀[38;2;175;85;108;48;2;163;86;106m▀[38;2;232;210;204;48;2;253;244;230m▀[38;2;255;250;233;48;2;255;249;230m▀[38;2;254;249;230;48;2;255;248;230m▀[38;2;254;248;232m▀[38;2;254;249;230;48;2;254;247;229m▀[38;2;254;248;229m▀[38;2;254;247;230;48;2;254;247;230m▀[38;2;254;247;232;48;2;254;247;231m▀[38;2;222;193;192;48;2;250;237;231m▀[38;2;198;110;128;48;2;172;93;112m▀[38;2;219;132;146;48;2;231;144;158m▀[38;2;239;151;160;48;2;223;133;146m▀[38;2;250;164;165;48;2;252;163;167m▀[38;2;250;164;167;48;2;249;162;165m▀[38;2;249;164;168;48;2;248;163;166m▀▀[38;2;248;166;169m▀[48;2;249;164;167m▀[38;2;248;165;167;48;2;248;163;165m▀[38;2;247;165;167;48;2;248;163;164m▀[38;2;247;165;166;48;2;248;164;164m▀[38;2;246;164;171;48;2;214;127;140m▀[38;2;174;91;116;48;2;195;141;154m▀[38;2;241;218;216;48;2;255;247;235m▀[38;2;254;248;230;48;2;255;248;231m▀[38;2;255;249;230;48;2;254;248;230m▀[38;2;255;250;231;48;2;255;249;230m▀[38;2;238;219;211;48;2;254;246;231m▀[38;2;182;99;120;48;2;175;104;125m▀[38;2;248;167;174;48;2;243;161;171m▀[38;2;249;166;172;48;2;247;165;172m▀▀[38;2;249;165;173;48;2;247;166;172m▀[38;2;250;165;174;48;2;247;166;173m▀[38;2;249;166;174m▀[38;2;252;167;171;48;2;249;165;172m▀[38;2;194;105;124;48;2;192;103;123m▀[38;2;250;166;173;48;2;248;166;173m▀[38;2;247;167;173;48;2;247;166;173m▀[38;2;246;167;173m▀[38;2;248;166;174;48;2;247;166;174m▀[38;2;247;166;174m▀[38;2;247;167;173;48;2;247;166;173m▀[38;2;254;170;173;48;2;250;168;174m▀[38;2;235;150;162;48;2;245;162;169m▀[38;2;184;102;119;48;2;233;150;162m▀[38;2;249;169;176;48;2;249;168;174m▀[38;2;248;169;173;48;2;248;168;173m▀[38;2;51;25;21;48;2;61;32;28m▀[38;2;115;103;100;48;2;110;98;94m▀[38;2;254;254;254;48;2;254;254;254m▀[38;2;255;255;255;48;2;255;255;255m▀▀▀▀▀▀▀[0m
[38;2;255;255;255;48;2;255;255;255m▀▀▀▀▀▀▀▀[38;2;168;162;159;48;2;131;120;117m▀[38;2;150;97;97;48;2;196;130;131m▀[38;2;247;162;166;48;2;247;162;165m▀[38;2;247;162;165m▀▀▀▀▀▀▀▀[38;2;248;162;165;48;2;246;162;165m▀[38;2;230;141;150;48;2;212;133;142m▀[38;2;188;133;146;48;2;227;200;199m▀[38;2;254;249;233;48;2;255;249;232m▀[38;2;254;249;230;48;2;255;248;230m▀[38;2;255;249;231;48;2;254;247;229m▀[38;2;254;247;229m▀▀▀[38;2;254;247;230m▀[38;2;254;247;231;48;2;254;247;230m▀[38;2;255;248;233;48;2;254;247;229m▀[38;2;185;127;140;48;2;224;196;194m▀[38;2;231;143;158;48;2;197;110;128m▀[38;2;207;117;133;48;2;200;110;129m▀[38;2;249;162;168;48;2;249;162;168m▀[38;2;249;162;167;48;2;248;162;166m▀[38;2;248;163;166;48;2;248;162;165m▀▀[38;2;247;162;165;48;2;243;158;162m▀[38;2;239;153;162;48;2;170;82;107m▀[38;2;245;158;164;48;2;216;129;141m▀[38;2;249;162;166;48;2;248;161;169m▀[38;2;240;154;161;48;2;183;94;116m▀[38;2;168;89;107;48;2;215;183;187m▀[38;2;246;235;226;48;2;254;247;237m▀[38;2;255;250;237;48;2;254;247;232m▀[38;2;255;248;231;48;2;254;247;229m▀[38;2;255;248;230m▀▀▀[38;2;198;151;160;48;2;234;212;208m▀[38;2;217;133;148;48;2;182;98;120m▀[38;2;248;166;171;48;2;252;164;166m▀[38;2;249;166;171;48;2;253;164;165m▀[38;2;248;166;172;48;2;222;135;147m▀[38;2;247;166;173;48;2;243;161;168m▀[48;2;248;165;169m▀[38;2;246;164;173;48;2;244;159;167m▀[38;2;192;103;123;48;2;197;109;126m▀[38;2;247;166;172;48;2;248;166;166m▀[48;2;247;166;165m▀[38;2;247;166;171;48;2;247;165;166m▀[38;2;247;167;171;48;2;248;165;168m▀▀[38;2;247;166;172;48;2;247;166;168m▀[38;2;251;165;173;48;2;249;166;172m▀[38;2;218;131;144;48;2;223;134;151m▀[38;2;175;88;111;48;2;181;93;116m▀[38;2;248;167;174;48;2;248;166;173m▀[38;2;248;168;174;48;2;245;165;172m▀[38;2;60;31;27;48;2;49;21;17m▀[38;2;111;99;96;48;2;118;106;102m▀[38;2;254;254;254;48;2;254;254;254m▀[38;2;255;255;255;48;2;255;255;255m▀▀▀▀▀▀▀[0m
[38;2;255;255;255;48;2;255;255;255m▀▀▀▀▀▀▀▀[38;2;104;88;85;48;2;99;74;71m▀[38;2;231;151;155;48;2;247;160;166m▀[38;2;247;162;165;48;2;247;162;166m▀[48;2;248;162;166m▀[48;2;171;109;109m▀[38;2;247;163;165;48;2;134;83;79m▀[38;2;247;162;165;48;2;247;162;165m▀▀▀▀▀[38;2;167;101;102;48;2;99;59;55m▀[38;2;52;31;25;48;2;31;16;7m▀[38;2;237;227;217;48;2;233;222;213m▀[38;2;254;247;230;48;2;255;248;231m▀[38;2;254;247;228;48;2;255;249;230m▀[38;2;254;247;229;48;2;254;250;231m▀[38;2;253;246;228;48;2;255;248;230m▀[38;2;254;247;229;48;2;254;247;229m▀▀▀▀▀[38;2;254;246;230m▀[38;2;173;105;126;48;2;217;188;189m▀[38;2;198;107;133;48;2;173;84;111m▀[38;2;245;158;166;48;2;222;134;146m▀[38;2;248;162;165;48;2;248;162;165m▀[48;2;248;161;167m▀[38;2;248;161;165;48;2;196;109;124m▀[38;2;187;101;123;48;2;181;120;136m▀[38;2;161;79;108;48;2;189;127;146m▀[38;2;225;136;153;48;2;209;121;139m▀[38;2;205;118;134;48;2;165;97;121m▀[38;2;183;130;142;48;2;249;239;227m▀[38;2;253;246;236;48;2;255;249;231m▀[38;2;255;249;238;48;2;255;248;233m▀[38;2;255;250;232;48;2;255;247;230m▀[38;2;255;248;230;48;2;254;247;229m▀[38;2;254;247;229m▀▀[48;2;255;248;230m▀[38;2;253;245;230m▀[38;2;165;90;112;48;2;192;136;149m▀[38;2;248;158;170;48;2;186;94;118m▀[38;2;206;113;137;48;2;154;70;100m▀[38;2;151;60;94;48;2;194;137;161m▀[38;2;204;118;134;48;2;182;94;115m▀[38;2;249;164;164;48;2;249;162;164m▀[38;2;236;150;158;48;2;223;137;147m▀[38;2;205;117;133;48;2;218;129;145m▀[38;2;249;165;166;48;2;249;162;166m▀[38;2;248;164;164;48;2;249;162;164m▀[38;2;248;163;164;48;2;248;162;164m▀[38;2;248;163;166;48;2;247;162;165m▀▀[38;2;248;165;166;48;2;248;163;166m▀[38;2;247;165;171;48;2;250;163;169m▀[38;2;216;127;145;48;2;198;107;128m▀[38;2;195;108;129;48;2;215;128;144m▀[38;2;247;165;171;48;2;248;164;168m▀[38;2;233;158;163;48;2;212;138;142m▀[38;2;38;16;10;48;2;34;14;7m▀[38;2;141;129;126;48;2;167;157;155m▀[38;2;254;254;254;48;2;254;254;254m▀[38;2;255;255;255;48;2;255;255;255m▀▀▀▀▀▀▀[0m
[38;2;255;255;255;48;2;255;255;255m▀▀▀▀▀▀▀[38;2;251;251;251;48;2;243;243;243m▀[38;2;97;65;63;48;2;104;70;67m▀[38;2;250;162;169;48;2;251;161;167m▀[38;2;247;162;167;48;2;247;163;168m▀[38;2;228;149;153;48;2;113;66;62m▀[38;2;55;24;18;48;2;34;15;7m▀[38;2;73;39;31;48;2;47;23;15m▀[38;2;247;163;165;48;2;242;163;165m▀[38;2;248;163;166;48;2;247;162;165m▀[38;2;247;162;165m▀▀[38;2;246;162;165;48;2;238;158;162m▀[38;2;65;35;28;48;2;45;19;11m▀[38;2;48;32;22;48;2;69;52;42m▀[38;2;251;242;232;48;2;227;217;208m▀[38;2;255;250;238;48;2;225;216;206m▀[38;2;205;199;184;48;2;219;210;199m▀[38;2;98;91;78;48;2;35;26;13m▀[38;2;254;248;230;48;2;224;217;204m▀[38;2;255;248;231;48;2;255;249;236m▀[38;2;254;248;230;48;2;254;250;237m▀[38;2;254;247;230;48;2;254;249;236m▀[48;2;255;248;235m▀[48;2;255;248;234m▀[38;2;255;249;231;48;2;255;249;230m▀[38;2;254;247;231;48;2;255;250;231m▀[38;2;178;116;135;48;2;244;230;220m▀[38;2;187;98;120;48;2;165;93;114m▀[38;2;245;159;164;48;2;167;80;103m▀[38;2;190;102;119;48;2;188;137;151m▀[38;2;176;116;135;48;2;251;240;234m▀[38;2;250;239;234;48;2;253;246;237m▀[38;2;168;96;120;48;2;197;155;163m▀[38;2;169;93;118;48;2;246;233;228m▀[38;2;243;227;222;48;2;255;248;234m▀[38;2;255;249;232;48;2;255;248;230m▀[38;2;255;248;230;48;2;254;248;230m▀[38;2;254;247;229m▀[38;2;254;247;230;48;2;253;248;234m▀[48;2;254;251;236m▀[48;2;254;250;236m▀▀[38;2;254;248;230;48;2;255;251;235m▀[38;2;254;247;229;48;2;154;146;131m▀[38;2;232;215;206;48;2;158;151;137m▀[38;2;188;133;144;48;2;254;249;236m▀[38;2;233;211;209;48;2;255;249;234m▀[38;2;228;204;207;48;2;237;220;214m▀[38;2;168;81;105;48;2;157;71;96m▀[38;2;249;162;165;48;2;249;162;165m▀[38;2;210;123;139;48;2;199;110;130m▀[38;2;234;147;159;48;2;245;158;168m▀[38;2;248;162;166;48;2;247;162;166m▀[38;2;247;162;165;48;2;247;162;165m▀▀▀▀▀[38;2;248;162;167;48;2;231;144;154m▀[38;2;171;81;108;48;2;179;90;112m▀[38;2;241;156;163;48;2;248;162;167m▀[38;2;249;163;166;48;2;247;163;166m▀[38;2;170;111;110;48;2;120;75;70m▀[38;2;34;15;8;48;2;44;26;18m▀[38;2;206;200;197;48;2;243;242;240m▀[38;2;254;254;254;48;2;254;254;254m▀[38;2;255;255;255;48;2;255;255;255m▀▀▀▀▀▀▀[0m
[38;2;255;255;255;48;2;255;255;255m▀▀▀▀▀▀▀[38;2;238;238;238;48;2;237;236;236m▀[38;2;116;78;75;48;2;127;81;80m▀[38;2;249;162;167;48;2;246;162;165m▀[38;2;196;127;130;48;2;89;45;44m▀[38;2;51;28;24;48;2;165;159;154m▀[38;2;105;93;88;48;2;229;226;224m▀[38;2;33;15;7;48;2;41;24;17m▀[38;2;218;145;146;48;2;172;112;111m▀[38;2;247;162;165;48;2;246;163;165m▀[48;2;246;162;165m▀[48;2;247;162;165m▀[38;2;217;143;147;48;2;195;125;127m▀[38;2;36;15;6;48;2;34;15;5m▀[38;2;33;16;6;48;2;45;30;20m▀[38;2;32;17;8;48;2;50;37;27m▀[38;2;31;17;8;48;2;39;25;15m▀[38;2;34;19;10;48;2;32;18;7m▀[38;2;32;17;8;48;2;30;16;6m▀[38;2;60;46;37;48;2;32;16;8m▀[38;2;108;94;85;48;2;33;16;8m▀[38;2;160;148;138m▀[38;2;217;212;200;48;2;32;15;6m▀[38;2;252;249;237;48;2;65;52;40m▀[38;2;254;250;239;48;2;140;131;119m▀[38;2;255;251;238;48;2;224;218;207m▀[38;2;254;249;234;48;2;254;249;236m▀[38;2;253;249;232;48;2;254;250;232m▀[38;2;244;233;221;48;2;254;249;232m▀[38;2;229;208;204;48;2;254;249;234m▀[38;2;254;247;233;48;2;255;251;237m▀[38;2;255;249;234;48;2;255;249;234m▀[38;2;255;250;234;48;2;254;247;230m▀[48;2;254;248;231m▀[38;2;254;248;232;48;2;255;250;233m▀[38;2;255;248;232;48;2;221;216;200m▀[38;2;255;249;232;48;2;151;144;130m▀[38;2;255;251;233;48;2;96;86;73m▀[38;2;253;247;234;48;2;57;44;34m▀[38;2;244;238;226;48;2;38;23;12m▀[38;2;232;227;215;48;2;34;16;6m▀[38;2;220;214;202;48;2;33;16;5m▀[38;2;216;209;197;48;2;33;15;5m▀[38;2;193;186;173m▀[38;2;56;44;31;48;2;33;16;5m▀[38;2;228;223;206;48;2;35;19;10m▀[38;2;250;246;231;48;2;49;34;25m▀[38;2;254;250;234;48;2;75;60;50m▀[38;2;245;232;224;48;2;110;92;86m▀[38;2;155;69;97;48;2;102;44;59m▀[38;2;248;160;168;48;2;197;125;133m▀[38;2;195;105;130;48;2;189;104;126m▀[38;2;249;162;169;48;2;249;162;167m▀[38;2;248;162;166;48;2;248;162;165m▀[38;2;247;162;165;48;2;247;162;165m▀▀▀▀[38;2;247;162;166;48;2;240;153;162m▀[38;2;193;104;125;48;2;169;79;104m▀[38;2;218;128;145;48;2;247;157;169m▀[38;2;249;159;167;48;2;249;160;167m▀[38;2;244;161;166;48;2;199;129;131m▀[38;2;63;34;27;48;2;36;16;7m▀[38;2;93;77;70;48;2;158;151;148m▀[38;2;255;255;254;48;2;255;255;255m▀[38;2;255;255;255m▀▀▀▀▀▀▀▀[0m
[38;2;255;255;255;48;2;255;255;255m▀▀▀▀▀▀▀[38;2;240;238;238;48;2;247;246;246m▀[38;2;125;79;78;48;2;113;75;72m▀[38;2;190;123;124;48;2;99;58;54m▀[38;2;89;72;66;48;2;205;201;196m▀[38;2;252;251;248;48;2;255;254;253m▀[38;2;254;254;254;48;2;254;254;254m▀[38;2;103;90;87;48;2;179;173;172m▀[38;2;109;67;64;48;2;49;22;17m▀[38;2;245;164;166;48;2;234;156;158m▀[38;2;246;163;166;48;2;247;164;166m▀[38;2;248;163;166;48;2;248;163;166m▀[38;2;168;105;105;48;2;144;88;86m▀[38;2;33;15;5;48;2;31;15;5m▀[38;2;165;158;146;48;2;199;192;180m▀[38;2;251;245;233;48;2;255;248;235m▀[38;2;248;241;227;48;2;255;248;231m▀[38;2;242;234;220;48;2;255;248;230m▀[38;2;221;213;201;48;2;254;248;233m▀[38;2;193;186;174;48;2;254;249;234m▀[38;2;161;153;143;48;2;254;250;232m▀[38;2;122;112;102;48;2;253;251;232m▀[38;2;81;69;58;48;2;254;251;233m▀[38;2;43;30;18;48;2;247;243;226m▀[38;2;30;15;5;48;2;208;201;190m▀[38;2;34;20;10;48;2;146;135;127m▀[38;2;105;93;83;48;2;68;54;46m▀[38;2;233;227;211;48;2;185;175;162m▀[38;2;254;248;231;48;2;255;247;231m▀[38;2;254;247;232;48;2;254;247;230m▀[38;2;254;248;233;48;2;254;247;229m▀[38;2;254;247;231m▀[38;2;254;247;230m▀[38;2;254;247;233;48;2;253;247;231m▀[38;2;143;137;123;48;2;99;90;76m▀[38;2;31;20;7;48;2;101;89;77m▀[38;2;31;17;4;48;2;132;119;109m▀[48;2;163;152;143m▀[38;2;31;16;5;48;2;188;177;166m▀[38;2;33;15;5;48;2;213;204;194m▀[38;2;34;16;6;48;2;230;222;211m▀[38;2;39;22;12;48;2;244;238;226m▀[38;2;41;25;15;48;2;249;243;228m▀[38;2;48;32;23;48;2;252;245;230m▀[38;2;58;41;33;48;2;254;248;233m▀[38;2;61;44;37;48;2;254;246;233m▀[38;2;51;34;27;48;2;252;245;232m▀[38;2;41;24;17;48;2;247;240;227m▀[38;2;37;18;13;48;2;239;227;218m▀[38;2;35;12;10;48;2;134;71;83m▀[38;2;35;12;9;48;2;181;106;121m▀[38;2;62;24;25;48;2;185;113;124m▀[38;2;233;151;156;48;2;245;160;166m▀[38;2;248;162;165;48;2;247;162;165m▀[38;2;247;162;165m▀▀[48;2;247;162;166m▀[48;2;231;145;154m▀[38;2;194;106;124;48;2;168;77;105m▀[38;2;209;120;138;48;2;245;158;168m▀[38;2;248;160;168;48;2;248;161;169m▀[38;2;248;161;168;48;2;222;149;151m▀[38;2;115;72;66;48;2;44;20;11m▀[38;2;41;24;16;48;2;110;98;94m▀[38;2;232;230;230;48;2;254;254;254m▀[38;2;255;255;255;48;2;255;255;255m▀▀▀▀▀▀▀▀▀[0m
[38;2;255;255;255;48;2;255;255;255m▀▀▀▀▀▀▀[38;2;254;254;254m▀[38;2;92;71;68;48;2;119;108;105m▀[38;2;99;81;79;48;2;179;172;171m▀[38;2;254;254;251;48;2;255;254;252m▀[38;2;255;255;253;48;2;255;255;253m▀[38;2;254;254;254;48;2;254;254;254m▀[38;2;247;245;245m▀[38;2;60;41;37;48;2;157;146;145m▀[38;2;157;99;98;48;2;59;29;25m▀[38;2;247;163;167;48;2;226;151;155m▀[38;2;248;163;167;48;2;149;91;93m▀[38;2;141;85;84;48;2;111;92;82m▀[38;2;39;21;11;48;2;207;198;185m▀[38;2;235;226;212;48;2;254;240;225m▀[38;2;254;233;216;48;2;247;210;193m▀[38;2;255;232;212;48;2;254;225;209m▀[38;2;255;232;213;48;2;255;227;212m▀[38;2;253;239;223;48;2;251;220;206m▀[38;2;255;250;231;48;2;254;246;227m▀[38;2;254;251;232;48;2;255;250;231m▀[48;2;255;248;230m▀[38;2;254;251;231m▀▀[38;2;254;250;234;48;2;254;247;229m▀[38;2;255;249;236;48;2;255;248;230m▀[38;2;253;247;234m▀[38;2;254;247;230;48;2;254;247;229m▀[38;2;255;248;229m▀▀[38;2;254;247;229m▀▀▀[38;2;255;249;231m▀[38;2;255;250;233m▀[38;2;255;249;233m▀[38;2;255;248;233m▀▀[38;2;255;247;236;48;2;255;248;230m▀[38;2;254;250;234;48;2;254;249;230m▀[38;2;255;250;231;48;2;254;247;229m▀[38;2;255;248;229;48;2;254;234;218m▀[38;2;255;242;225;48;2;255;230;216m▀[38;2;254;240;222;48;2;254;231;215m▀[38;2;255;244;226;48;2;254;231;213m▀[38;2;254;247;229;48;2;254;243;226m▀[38;2;254;249;230;48;2;255;249;230m▀[38;2;255;250;230;48;2;254;251;230m▀[38;2;245;229;224;48;2;234;216;213m▀[38;2;155;72;98;48;2;166;78;106m▀[38;2;201;109;129;48;2;198;107;128m▀[38;2;243;157;166;48;2;247;160;168m▀[38;2;248;161;167;48;2;248;161;167m▀[38;2;247;162;166m▀[38;2;247;162;165m▀[48;2;248;162;166m▀[38;2;245;159;169;48;2;200;113;130m▀[38;2;174;86;111;48;2;181;92;118m▀[38;2;218;130;147;48;2;249;162;169m▀[38;2;248;161;167;48;2;248;161;167m▀[38;2;248;161;168;48;2;204;130;135m▀[38;2;125;74;74;48;2;44;16;9m▀[38;2;39;19;12;48;2;116;104;99m▀[38;2;212;209;208;48;2;255;255;255m▀[38;2;255;255;255m▀▀▀▀▀▀▀▀▀▀[0m
[38;2;255;255;255;48;2;255;255;255m▀▀▀▀▀▀▀▀[38;2;240;239;238m▀[38;2;250;250;249m▀[38;2;254;254;254m▀▀▀▀[38;2;245;244;244;48;2;254;254;254m▀[38;2;62;43;40;48;2;75;59;56m▀[38;2;60;33;27;48;2;63;47;40m▀[38;2;188;179;167;48;2;252;248;234m▀[38;2;252;249;234;48;2;254;251;236m▀[38;2;254;250;236;48;2;255;249;232m▀[38;2;254;243;227;48;2;253;247;229m▀[38;2;252;222;203;48;2;254;241;224m▀[38;2;254;229;211;48;2;254;234;218m▀[38;2;252;223;205;48;2;253;232;218m▀[38;2;249;211;193;48;2;254;241;225m▀[38;2;254;245;226;48;2;255;246;229m▀[38;2;254;248;229;48;2;254;247;229m▀[38;2;254;247;229m▀[38;2;255;248;230m▀[38;2;255;250;231;48;2;255;248;230m▀[38;2;255;248;230;48;2;254;247;229m▀▀▀[38;2;254;247;229;48;2;254;246;228m▀[48;2;254;247;229m▀▀▀▀▀▀▀▀▀▀[38;2;255;248;230m▀[48;2;255;248;230m▀[38;2;254;241;225;48;2;254;242;226m▀[38;2;243;192;170;48;2;254;226;208m▀[38;2;255;228;211;48;2;254;231;212m▀[38;2;254;227;209;48;2;254;230;212m▀[38;2;249;203;185;48;2;254;228;210m▀[38;2;255;236;221;48;2;255;238;221m▀[38;2;255;249;230;48;2;255;249;230m▀[38;2;254;248;230;48;2;255;248;232m▀[38;2;220;192;193;48;2;201;156;168m▀[38;2;169;78;109;48;2;159;67;100m▀[38;2;211;122;141;48;2;239;152;161m▀[38;2;247;160;166;48;2;247;160;166m▀[38;2;248;161;167;48;2;248;161;167m▀▀[48;2;233;146;156m▀[38;2;221;133;151;48;2;159;69;100m▀[38;2;158;69;96;48;2;216;128;145m▀[38;2;238;150;162;48;2;247;160;166m▀[38;2;248;162;166;48;2;246;161;167m▀[38;2;240;159;162;48;2;121;73;71m▀[38;2;80;41;37;48;2;35;15;7m▀[38;2;49;34;25;48;2;171;167;162m▀[38;2;233;230;226;48;2;255;254;252m▀[38;2;255;255;253;48;2;255;255;255m▀[38;2;254;254;254m▀[38;2;255;255;255m▀▀▀▀▀▀▀▀▀[0m
[38;2;255;255;255;48;2;255;255;255m▀▀▀▀▀▀▀▀▀▀▀▀▀▀[38;2;255;254;254m▀[38;2;137;128;127;48;2;249;248;249m▀[38;2;33;15;12;48;2;108;96;94m▀[38;2;142;134;122;48;2;32;16;9m▀[38;2;251;248;233;48;2;85;74;63m▀[38;2;255;249;232;48;2;206;199;185m▀[38;2;254;250;230;48;2;254;249;236m▀[38;2;254;250;232;48;2;255;251;237m▀[38;2;254;248;232;48;2;255;250;235m▀[38;2;255;248;232;48;2;255;248;233m▀[38;2;254;247;231;48;2;255;248;231m▀[38;2;255;246;230;48;2;254;247;230m▀[38;2;254;247;229;48;2;254;247;229m▀▀▀▀▀▀▀[48;2;255;248;230m▀[38;2;255;248;230;48;2;251;242;225m▀[38;2;255;249;231;48;2;229;204;185m▀[38;2;255;248;230;48;2;221;189;172m▀[38;2;254;248;230;48;2;222;190;177m▀[38;2;254;247;229;48;2;234;211;197m▀[48;2;253;245;227m▀[48;2;254;247;229m▀[48;2;255;247;229m▀▀[48;2;255;248;230m▀▀[48;2;254;247;230m▀[38;2;255;247;229m▀[38;2;254;238;221;48;2;255;248;231m▀[38;2;254;233;217;48;2;255;249;231m▀[48;2;255;248;230m▀[38;2;254;239;221;48;2;254;248;231m▀[38;2;255;247;229;48;2;255;251;233m▀[38;2;255;249;230;48;2;255;251;234m▀[38;2;255;248;233;48;2;251;243;232m▀[38;2;175;118;135;48;2;134;69;88m▀[38;2;185;96;120;48;2;226;141;150m▀[38;2;247;161;165;48;2;247;161;165m▀[38;2;248;161;167;48;2;248;161;167m▀[48;2;238;151;161m▀[38;2;237;150;158;48;2;165;74;106m▀[38;2;165;75;103;48;2;184;94;122m▀[38;2;196;107;127;48;2;248;161;171m▀[38;2;248;160;168;48;2;249;161;171m▀[38;2;247;161;168;48;2;166;105;105m▀[38;2;159;98;99;48;2;38;15;10m▀[38;2;35;14;8;48;2;92;81;76m▀[38;2;124;116;109;48;2;248;247;244m▀[38;2;254;254;250;48;2;255;255;253m▀[38;2;255;255;254;48;2;254;254;254m▀[38;2;255;255;255;48;2;255;255;255m▀▀▀▀▀▀▀▀▀▀▀[0m
[38;2;255;255;255;48;2;255;255;255m▀▀▀▀▀▀▀▀▀▀▀▀▀[48;2;250;250;250m▀[48;2;150;147;146m▀[38;2;235;234;235;48;2;50;32;28m▀[38;2;147;139;137;48;2;93;52;53m▀[38;2;39;22;13;48;2;168;108;111m▀[38;2;34;15;5;48;2;199;133;137m▀[38;2;36;17;7;48;2;113;64;65m▀[38;2;89;74;64;48;2;43;17;10m▀[38;2;171;162;150;48;2;31;14;4m▀[38;2;239;233;221;48;2;39;23;13m▀[38;2;255;249;236;48;2;89;75;64m▀[38;2;255;250;231;48;2;148;137;127m▀[38;2;253;248;230;48;2;198;189;177m▀[38;2;254;247;229;48;2;242;235;221m▀[48;2;255;249;232m▀[38;2;254;248;230;48;2;255;248;233m▀[38;2;255;248;231;48;2;255;248;236m▀[48;2;255;250;237m▀[38;2;254;247;229;48;2;255;248;230m▀▀[38;2;255;248;229;48;2;254;250;233m▀[38;2;232;213;197;48;2;252;245;228m▀[38;2;165;67;56;48;2;163;66;62m▀[38;2;213;113;96;48;2;255;154;128m▀[38;2;203;102;85;48;2;254;155;124m▀[38;2;166;66;54;48;2;223;124;99m▀[38;2;210;178;164;48;2;188;139;128m▀[38;2;255;248;231;48;2;254;250;235m▀[38;2;254;248;231;48;2;254;251;237m▀[48;2;254;250;235m▀[38;2;255;248;232;48;2;255;248;232m▀▀[48;2;255;249;233m▀[38;2;255;247;232;48;2;255;248;236m▀[38;2;255;248;232;48;2;251;244;233m▀[38;2;255;249;233;48;2;220;212;201m▀[38;2;255;250;234;48;2;166;156;145m▀[38;2;254;251;236;48;2;108;95;86m▀[38;2;248;242;230;48;2;48;34;26m▀[38;2;189;180;170;48;2;30;16;7m▀[38;2;87;72;64;48;2;34;15;8m▀[38;2;104;60;60;48;2;199;131;135m▀[38;2;247;162;166;48;2;249;162;167m▀[38;2;248;162;165;48;2;221;133;146m▀[38;2;235;147;159;48;2;160;69;100m▀[38;2;165;74;106;48;2;187;97;124m▀[38;2;180;89;117;48;2;225;137;152m▀[38;2;245;157;170;48;2;165;94;103m▀[38;2;226;146;157;48;2;69;34;30m▀[38;2;122;73;74;48;2;36;14;6m▀[38;2;38;14;7;48;2;34;14;6m▀[38;2;82;68;61;48;2;51;34;29m▀[38;2;241;238;234;48;2;109;96;93m▀[38;2;255;254;253;48;2;196;189;187m▀[38;2;254;254;254;48;2;253;252;252m▀[48;2;254;254;254m▀[38;2;255;255;255;48;2;255;255;255m▀▀▀▀▀▀▀▀▀▀▀[0m
[38;2;255;255;255;48;2;255;255;255m▀▀▀▀▀▀▀▀▀▀▀[48;2;232;230;231m▀[38;2;233;232;232;48;2;70;50;52m▀[38;2;88;79;73;48;2;107;59;59m▀[38;2;66;36;31;48;2;233;156;160m▀[38;2;194;123;131;48;2;249;162;169m▀[38;2;248;160;170;48;2;249;161;168m▀[38;2;250;162;169;48;2;249;162;168m▀[38;2;244;153;164;48;2;214;123;138m▀[38;2;162;71;97;48;2;194;102;125m▀[38;2;194;114;129;48;2;248;161;169m▀[38;2;183;116;124;48;2;247;162;167m▀[38;2;109;66;67;48;2;227;151;155m▀[38;2;34;16;7;48;2;36;14;4m▀[38;2;33;16;6;48;2;151;141;134m▀[38;2;32;15;7;48;2;181;174;173m▀[38;2;37;21;12;48;2;138;127;124m▀[38;2;65;50;40;48;2;94;83;79m▀[38;2;102;89;79;48;2;60;48;42m▀[38;2;133;122;112;48;2;41;26;18m▀[38;2;161;152;141;48;2;32;16;6m▀[38;2;187;177;163;48;2;32;15;5m▀[38;2;209;200;187;48;2;29;15;6m▀[38;2;227;220;208;48;2;31;15;6m▀[38;2;237;229;217;48;2;34;17;7m▀[38;2;145;85;81;48;2;36;17;7m▀[38;2;229;140;118;48;2;45;20;9m▀[38;2;245;154;127;48;2;46;21;14m▀[38;2;223;131;108;48;2;47;21;14m▀[38;2;173;118;108;48;2;42;19;10m▀[38;2;236;233;217;48;2;33;17;6m▀[38;2;229;225;211;48;2;33;16;6m▀[38;2;207;203;190;48;2;32;14;5m▀[38;2;183;178;165;48;2;32;13;4m▀[38;2;156;147;135;48;2;32;16;6m▀[38;2;123;114;102m▀[38;2;87;74;65;48;2;46;33;25m▀[38;2;48;34;26;48;2;148;139;133m▀[38;2;31;17;7;48;2;202;200;196m▀[38;2;34;20;11;48;2;235;232;231m▀[38;2;34;21;11;48;2;234;233;232m▀[38;2;33;18;9;48;2;225;222;221m▀[38;2;32;16;8;48;2;66;51;45m▀[38;2;86;51;50;48;2;79;49;46m▀[38;2;225;150;160;48;2;51;21;19m▀[38;2;145;84;87;48;2;71;55;49m▀[38;2;106;44;59;48;2;75;59;52m▀[38;2;115;49;70;48;2;51;31;27m▀[38;2;173;91;111;48;2;77;33;37m▀[38;2;224;133;151;48;2;174;90;112m▀[38;2;247;160;168;48;2;218;132;145m▀[38;2;245;162;166;48;2;250;162;167m▀[38;2;230;154;158;48;2;249;162;169m▀[38;2;201;132;136;48;2;247;163;167m▀[38;2;153;97;98;48;2;248;162;168m▀[38;2;80;44;42;48;2;246;162;167m▀[38;2;37;14;11;48;2;185;123;125m▀[38;2;97;82;80;48;2;64;32;29m▀[38;2;231;230;230;48;2;64;48;46m▀[38;2;254;254;254;48;2;233;231;231m▀[48;2;254;254;254m▀[38;2;255;255;255;48;2;255;255;255m▀▀▀▀▀▀▀▀▀[0m
[38;2;255;255;255;48;2;255;255;255m▀▀▀▀▀▀▀▀▀▀[38;2;252;252;252;48;2;186;182;183m▀[38;2;91;78;78;48;2;62;29;25m▀[38;2;109;63;60;48;2;237;155;161m▀[38;2;245;162;165;48;2;249;163;166m▀[38;2;247;162;165;48;2;247;162;165m▀[38;2;247;162;166m▀[38;2;248;162;167;48;2;248;162;166m▀[38;2;249;162;168;48;2;249;162;168m▀[38;2;205;113;132;48;2;226;137;148m▀[38;2;219;128;146;48;2;206;114;134m▀[38;2;248;161;167;48;2;248;162;166m▀[38;2;247;162;165;48;2;248;162;165m▀[38;2;242;161;164;48;2;247;162;165m▀[38;2;61;30;22;48;2;145;89;87m▀[38;2;137;127;121;48;2;57;39;31m▀[38;2;254;254;254;48;2;244;243;243m▀[38;2;255;255;255;48;2;255;255;255m▀▀[38;2;253;253;253m▀[38;2;243;242;243m▀[38;2;222;220;220m▀[38;2;201;199;198m▀[38;2;177;173;169m▀[38;2;167;161;158m▀[38;2;150;142;138m▀[38;2;145;137;133m▀[38;2;127;119;114m▀[38;2;44;33;25;48;2;226;224;222m▀[38;2;32;17;9;48;2;68;54;46m▀[38;2;31;16;9;48;2;43;26;19m▀[38;2;100;87;79;48;2;182;174;169m▀[38;2;127;117;109;48;2;189;186;184m▀[38;2;146;133;130;48;2;189;186;187m▀[38;2;103;87;80;48;2;89;79;72m▀[38;2;35;18;9;48;2;63;47;39m▀[38;2;50;34;25;48;2;82;67;61m▀[38;2;212;207;206;48;2;254;254;253m▀[38;2;254;255;254;48;2;255;255;255m▀[38;2;254;255;255m▀[38;2;255;255;255m▀▀[38;2;243;243;243m▀[38;2;128;120;118;48;2;254;254;255m▀[38;2;139;130;129;48;2;254;253;255m▀[38;2;211;206;205;48;2;255;254;255m▀[38;2;254;254;253;48;2;255;255;255m▀[38;2;255;255;254m▀[38;2;226;224;222m▀[38;2;56;33;29;48;2;109;96;91m▀[38;2;225;151;153;48;2;214;142;140m▀[38;2;190;103;124;48;2;249;161;167m▀[38;2;200;113;131;48;2;192;104;123m▀[38;2;249;162;170;48;2;218;130;146m▀[38;2;248;162;165;48;2;248;162;166m▀[38;2;248;162;166;48;2;247;162;165m▀[38;2;247;162;165m▀[38;2;247;162;167;48;2;248;162;167m▀[38;2;229;150;156m▀[38;2;78;43;41;48;2;216;144;144m▀[38;2;110;97;96;48;2;48;25;21m▀[38;2;254;254;254;48;2;239;238;238m▀[38;2;255;255;255;48;2;255;255;255m▀▀▀▀▀▀▀▀▀[0m
[38;2;255;255;255;48;2;255;255;255m▀▀▀▀▀▀▀▀▀▀[38;2;124;110;110;48;2;116;99;98m▀[38;2;131;85;83;48;2;150;96;95m▀[38;2;246;164;168;48;2;246;164;166m▀[38;2;248;163;166;48;2;247;162;165m▀[38;2;247;162;165m▀▀[38;2;247;162;166m▀[38;2;248;161;167m▀[38;2;247;160;166m▀[38;2;189;98;119;48;2;233;147;154m▀[38;2;246;159;164;48;2;200;111;130m▀[38;2;248;162;165;48;2;248;162;166m▀[48;2;248;162;165m▀[38;2;234;155;158;48;2;248;163;166m▀[38;2;60;30;22;48;2;184;117;118m▀[38;2;146;138;134;48;2;46;25;15m▀[38;2;255;255;255;48;2;200;196;195m▀[48;2;255;255;255m▀▀▀▀▀▀▀▀▀▀[38;2;240;239;238;48;2;173;165;166m▀[38;2;77;63;56;48;2;103;85;82m▀[38;2;65;47;46;48;2;102;87;86m▀[38;2;193;185;183;48;2;190;186;185m▀[38;2;188;186;187;48;2;190;186;187m▀[38;2;191;186;188;48;2;185;179;180m▀[38;2;65;49;43;48;2;66;51;44m▀[38;2;149;134;130;48;2;191;181;177m▀[38;2;38;21;13;48;2;45;29;22m▀[38;2;230;227;226;48;2;173;164;161m▀[38;2;255;255;255;48;2;255;255;255m▀▀▀▀▀[38;2;254;254;254m▀[38;2;255;255;255m▀▀▀▀[38;2;252;252;252;48;2;164;155;155m▀[38;2;91;67;62;48;2;139;87;84m▀[38;2;236;158;159;48;2;248;163;166m▀[38;2;248;161;166m▀[38;2;243;156;164;48;2;248;162;168m▀[38;2;182;94;112;48;2;189;100;119m▀[38;2;248;161;167;48;2;247;160;166m▀[38;2;247;162;165;48;2;247;162;165m▀▀[38;2;248;161;166;48;2;248;161;166m▀[38;2;247;162;166;48;2;248;161;167m▀[38;2;245;164;167;48;2;242;162;165m▀[38;2;79;46;42;48;2;79;50;47m▀[38;2;222;220;220;48;2;247;244;245m▀[38;2;255;255;255;48;2;255;255;255m▀▀▀▀▀▀▀▀▀[0m
[38;2;255;255;255;48;2;255;255;255m▀▀▀▀▀▀▀▀▀▀[38;2;167;158;158;48;2;246;246;246m▀[38;2;89;51;48;48;2;81;68;62m▀[38;2;245;164;168;48;2;144;87;87m▀[38;2;247;162;167;48;2;246;162;167m▀[38;2;247;162;166;48;2;247;162;167m▀[38;2;247;162;165m▀[48;2;247;162;166m▀[48;2;247;162;165m▀▀[38;2;248;162;165m▀[38;2;226;139;150m▀[38;2;204;116;131;48;2;235;149;157m▀[38;2;246;160;164;48;2;199;111;125m▀[38;2;248;162;165;48;2;228;140;152m▀[38;2;247;162;165;48;2;248;162;167m▀[38;2;151;94;92;48;2;248;161;167m▀[38;2;50;31;22;48;2;161;105;104m▀[38;2;188;185;185;48;2;48;24;16m▀[38;2;255;254;255;48;2;115;105;102m▀[38;2;255;255;255;48;2;219;217;217m▀[48;2;255;254;255m▀[48;2;255;255;255m▀▀▀▀▀[48;2;254;254;253m▀[38;2;106;94;94;48;2;69;56;54m▀[38;2;125;109;105;48;2;96;79;73m▀[38;2;143;129;127;48;2;163;149;146m▀[38;2;189;186;186;48;2;189;182;181m▀[38;2;189;186;189;48;2;190;184;183m▀[38;2;164;155;153;48;2;130;120;114m▀[38;2;89;76;71;48;2;95;81;76m▀[38;2;194;188;182;48;2;147;137;132m▀[38;2;81;66;59;48;2;73;58;51m▀[38;2;123;111;107;48;2;95;82;78m▀[38;2;255;255;255;48;2;254;255;255m▀[48;2;255;255;255m▀▀▀▀▀▀[48;2;243;243;243m▀[38;2;255;254;254;48;2;134;121;120m▀[38;2;178;170;170;48;2;119;69;71m▀[38;2;101;62;60;48;2;238;158;163m▀[38;2;242;160;162;48;2;247;162;167m▀[38;2;248;163;166;48;2;248;163;168m▀▀[38;2;248;163;169;48;2;243;157;166m▀[38;2;195;106;129;48;2;202;114;133m▀[38;2;248;161;167;48;2;248;161;167m▀[38;2;247;162;165m▀▀[38;2;248;161;166;48;2;245;161;166m▀[38;2;247;162;167;48;2;153;94;93m▀[38;2;157;95;95;48;2;122;106;101m▀[38;2;149;138;136;48;2;250;248;249m▀[38;2;254;254;254;48;2;254;254;254m▀[38;2;255;255;255;48;2;255;255;255m▀▀▀▀▀▀▀▀▀[0m
[38;2;255;255;255;48;2;255;255;255m▀▀▀▀▀▀▀▀▀▀▀[38;2;237;236;235m▀[38;2;98;86;80;48;2;252;252;252m▀[38;2;98;58;54;48;2;184;178;176m▀[38;2;211;139;143;48;2;86;71;65m▀[38;2;247;162;168;48;2;96;57;54m▀[38;2;247;162;166;48;2;164;105;106m▀[38;2;247;162;165;48;2;221;146;149m▀[48;2;243;164;166m▀[48;2;246;164;166m▀[48;2;246;163;165m▀[48;2;247;162;165m▀[38;2;247;161;166;48;2;247;163;164m▀[38;2;219;132;147;48;2;247;163;163m▀[38;2;203;115;133;48;2;247;162;165m▀[38;2;220;131;144;48;2;231;145;154m▀[38;2;245;159;168;48;2;207;119;135m▀[38;2;218;144;150;48;2;205;117;136m▀[38;2;115;69;66;48;2;206;121;133m▀[38;2;49;24;16;48;2;195;118;128m▀[38;2;88;73;68;48;2;127;78;78m▀[38;2;149;140;137;48;2;54;28;23m▀[38;2;185;178;176;48;2;37;16;10m▀[38;2;193;189;188;48;2;42;25;20m▀[48;2;103;92;89m▀[38;2;253;253;253;48;2;250;250;249m▀[38;2;255;255;254;48;2;255;255;255m▀[38;2;177;171;167;48;2;255;255;253m▀[38;2;110;100;94m▀[38;2;83;72;66;48;2;254;254;252m▀[38;2;79;68;63m▀▀[38;2;87;76;70;48;2;254;255;253m▀[38;2;110;99;93;48;2;255;255;253m▀[38;2;138;127;121;48;2;228;225;222m▀[38;2;152;142;137;48;2;116;111;108m▀[38;2;193;188;186;48;2;214;211;209m▀[38;2;255;255;254;48;2;238;236;234m▀[38;2;255;255;255;48;2;241;239;237m▀[48;2;227;225;223m▀[48;2;184;177;175m▀[48;2;125;112;108m▀[38;2;245;245;245;48;2;94;64;60m▀[38;2;167;162;159;48;2;165;103;103m▀[38;2;88;61;58;48;2;237;159;163m▀[38;2;176;114;115;48;2;247;163;168m▀[38;2;249;162;166;48;2;247;162;167m▀[38;2;248;162;165;48;2;248;162;165m▀[38;2;248;161;167;48;2;248;161;167m▀[38;2;249;162;168;48;2;240;153;161m▀[38;2;247;161;169;48;2;205;119;130m▀[38;2;204;117;132;48;2;234;151;160m▀[38;2;240;153;163;48;2;209;133;140m▀[38;2;248;161;169;48;2;141;89;89m▀[38;2;243;161;167;48;2;98;68;64m▀[38;2;185;118;123;48;2;149;135;131m▀[38;2;99;62;61;48;2;237;235;232m▀[38;2;164;156;153;48;2;255;255;253m▀[38;2;252;251;252;48;2;255;255;254m▀[38;2;254;254;254;48;2;255;255;255m▀▀[38;2;255;255;255m▀▀▀▀▀▀▀▀▀[0m
[38;2;255;255;255;48;2;255;255;255m▀▀▀▀▀▀▀▀▀▀▀▀▀[38;2;254;254;254m▀[38;2;253;253;253m▀[38;2;217;214;213m▀[38;2;151;143;140m▀[38;2;97;81;78m▀[38;2;80;53;49;48;2;250;250;250m▀[38;2;100;61;58;48;2;230;229;229m▀[38;2;126;78;75;48;2;201;198;198m▀[38;2;147;93;92;48;2;180;176;175m▀[38;2;156;101;100;48;2;164;160;159m▀[38;2;162;107;106;48;2;162;158;157m▀[38;2;163;106;105;48;2;164;157;155m▀[38;2;157;102;101;48;2;165;159;157m▀[38;2;147;92;92;48;2;181;175;174m▀[38;2;130;77;76;48;2;202;197;197m▀[38;2;104;59;57;48;2;227;224;225m▀[38;2;74;42;38;48;2;248;247;247m▀[38;2;86;68;62;48;2;254;255;255m▀[38;2;133;122;117;48;2;255;255;255m▀[38;2;187;181;177;48;2;254;255;255m▀[38;2;239;236;236m▀[38;2;254;254;254m▀[38;2;255;255;255;48;2;255;255;255m▀▀▀▀▀▀▀▀▀[38;2;250;250;249;48;2;254;254;254m▀[38;2;145;141;141m▀[38;2;70;61;56;48;2;254;252;253m▀[38;2;42;28;20;48;2;238;234;234m▀[38;2;43;19;13;48;2;203;196;193m▀[38;2;57;31;26;48;2;168;160;159m▀[38;2;125;82;83;48;2;145;132;131m▀[38;2;195;133;138;48;2;133;114;113m▀[38;2;233;160;167;48;2;129;108;107m▀[38;2;238;162;168;48;2;131;112;111m▀[38;2;239;160;165;48;2;133;111;111m▀[38;2;235;157;162;48;2;133;112;111m▀[38;2;226;151;156;48;2;137;121;119m▀[38;2;206;135;139;48;2;154;143;139m▀[38;2;156;92;95;48;2;179;173;168m▀[38;2;112;58;62;48;2;214;212;208m▀[38;2;117;71;73;48;2;244;244;240m▀[38;2;109;84;81;48;2;255;255;252m▀[38;2;139;129;124;48;2;255;255;254m▀[38;2;202;200;197;48;2;255;255;255m▀[38;2;250;250;248m▀[38;2;255;255;254m▀[38;2;255;255;255m▀▀▀▀▀▀▀▀▀▀▀▀▀▀[0m
[38;2;255;255;255;48;2;255;255;255m▀▀▀▀▀▀▀▀▀▀▀▀▀▀▀▀▀▀▀▀▀▀▀▀▀▀▀▀▀▀▀▀▀▀▀▀▀▀▀▀▀▀▀▀▀▀▀▀▀▀▀▀▀▀▀▀▀▀▀▀▀▀▀▀▀▀▀▀▀▀▀▀▀▀▀▀▀▀▀▀[0m
[38;2;255;255;255;48;2;255;255;255m▀▀▀▀▀▀▀▀▀▀▀▀▀▀▀▀▀▀▀▀▀▀▀▀▀▀▀▀▀▀▀▀▀▀▀▀▀▀▀▀▀▀▀▀▀▀▀▀▀▀▀▀▀▀▀▀▀▀▀▀▀▀▀▀▀▀▀▀▀▀▀▀▀▀▀▀▀▀▀▀[0m
[?25h