[?25l[0m[38;2;255;255;255;48;2;255;255;255m▀▀▀▀▀▀▀▀▀▀▀▀▀▀▀[48;2;252;252;251m▀[48;2;252;252;252m▀[48;2;255;255;255m▀▀▀▀▀▀▀▀▀[38;2;254;254;254;48;2;168;164;163m▀[38;2;173;167;169;48;2;128;113;115m▀[38;2;120;102;108;48;2;230;211;220m▀[38;2;229;209;217;48;2;231;211;222m▀[38;2;230;210;222;48;2;230;210;222m▀▀▀▀▀▀[48;2;225;205;217m▀[38;2;221;201;213;48;2;130;110;123m▀[38;2;121;102;114;48;2;151;130;147m▀[38;2;152;131;148;48;2;164;142;163m▀[38;2;164;142;163m▀▀▀▀▀[38;2;164;142;164;48;2;164;142;164m▀[38;2;140;119;138;48;2;164;141;166m▀[38;2;152;133;141;48;2;165;143;165m▀[38;2;219;200;204;48;2;136;115;132m▀[38;2;227;207;218;48;2;177;159;167m▀[38;2;209;189;201;48;2;209;189;201m▀[38;2;228;208;220;48;2;140;121;133m▀[38;2;221;201;213;48;2;115;95;106m▀[38;2;162;142;154;48;2;152;131;149m▀[38;2;137;117;130;48;2;165;143;165m▀[38;2;126;105;121;48;2;165;143;166m▀[38;2;125;105;121m▀[38;2;138;117;134m▀[38;2;142;122;138;48;2;165;143;165m▀[38;2;163;141;159;48;2;165;144;163m▀[38;2;153;133;149;48;2;145;124;141m▀[38;2;230;209;225;48;2;148;129;140m▀[38;2;231;210;227;48;2;230;209;224m▀[48;2;231;210;227m▀[38;2;230;210;223;48;2;230;210;223m▀[38;2;230;210;222;48;2;230;210;222m▀▀▀▀▀[48;2;231;211;223m▀[38;2;117;98;101;48;2;226;206;217m▀[38;2;57;40;33;48;2;101;83;82m▀[38;2;187;181;175;48;2;90;76;70m▀[38;2;254;254;250;48;2;143;136;131m▀[38;2;255;255;251;48;2;253;253;249m▀[38;2;255;255;253;48;2;255;255;253m▀[38;2;255;255;255;48;2;255;255;255m▀▀▀[0m
[38;2;255;255;255;48;2;255;255;255m▀▀▀▀[48;2;254;254;254m▀▀[48;2;255;255;255m▀▀[48;2;255;255;254m▀[38;2;254;254;254;48;2;213;211;221m▀[38;2;203;200;216;48;2;152;147;177m▀[38;2;253;253;254;48;2;185;182;200m▀[38;2;254;254;254;48;2;219;217;227m▀[38;2;255;255;255;48;2;255;255;255m▀▀[38;2;180;177;196;48;2;170;166;192m▀[38;2;179;175;197;48;2;223;221;231m▀[38;2;231;230;236;48;2;201;198;215m▀[38;2;254;254;254;48;2;204;202;216m▀[38;2;255;255;255;48;2;255;255;255m▀▀▀▀[48;2;254;254;254m▀[38;2;254;254;254;48;2;169;164;165m▀[38;2;164;160;160;48;2;136;122;124m▀[38;2;131;116;118;48;2;230;211;216m▀[38;2;230;211;217;48;2;229;209;219m▀[38;2;230;210;221;48;2;230;210;222m▀[38;2;230;210;222m▀▀▀▀▀▀[38;2;229;209;221;48;2;174;154;166m▀[38;2;149;129;142;48;2;135;115;130m▀[38;2;147;127;143;48;2;164;142;162m▀[38;2;164;142;163;48;2;164;142;163m▀▀▀[48;2;164;142;165m▀[38;2;164;142;164;48;2;145;124;145m▀[38;2;164;142;163;48;2;124;104;116m▀[38;2;164;142;162;48;2;145;125;136m▀[38;2;160;138;158;48;2;165;146;155m▀[38;2;133;111;128;48;2;198;178;189m▀[38;2;117;97;112;48;2;228;208;219m▀[38;2;122;101;115;48;2;230;210;222m▀[38;2;110;90;102;48;2;231;211;222m▀[38;2;96;78;89;48;2;230;210;222m▀[38;2;155;135;147;48;2;227;207;218m▀[38;2;160;139;158;48;2;194;174;182m▀[38;2;166;144;167;48;2;167;147;157m▀[38;2;165;143;165;48;2;142;122;135m▀[38;2;165;143;166;48;2;134;114;131m▀[48;2;163;141;162m▀[48;2;165;143;165m▀[38;2;164;142;165;48;2;164;142;165m▀[38;2;164;142;164m▀[38;2;164;142;162;48;2;164;142;164m▀[38;2;142;122;137;48;2;164;142;165m▀[38;2;158;138;150;48;2;136;115;132m▀[38;2;231;210;225;48;2;184;164;177m▀[38;2;230;210;222;48;2;230;210;222m▀▀▀▀▀▀▀▀[38;2;210;190;202m▀[38;2;146;134;130;48;2;156;138;146m▀[38;2;149;141;133;48;2;208;205;193m▀[38;2;118;110;105;48;2;178;172;157m▀[38;2;253;252;249;48;2;122;116;110m▀[38;2;255;255;253;48;2;252;252;250m▀[38;2;255;255;255;48;2;255;255;255m▀▀[0m
[38;2;255;255;255;48;2;255;255;255m▀▀[38;2;210;208;222;48;2;203;200;216m▀[38;2;180;176;198;48;2;197;194;211m▀[38;2;180;177;197;48;2;225;224;230m▀[38;2;200;198;211;48;2;182;179;197m▀[38;2;254;254;255;48;2;255;255;254m▀[38;2;255;255;255;48;2;255;255;255m▀▀[38;2;254;254;254;48;2;254;254;255m▀[38;2;177;173;197;48;2;210;208;222m▀[38;2;228;227;234;48;2;230;229;235m▀[38;2;207;205;218;48;2;210;208;218m▀[38;2;255;255;255;48;2;255;255;255m▀[38;2;245;245;247m▀[38;2;164;160;189;48;2;233;232;238m▀[38;2;218;216;229;48;2;186;183;203m▀[38;2;169;165;190;48;2;203;200;216m▀[38;2;237;236;241;48;2;254;254;255m▀[38;2;255;255;255;48;2;255;255;255m▀▀[48;2;254;254;255m▀[38;2;253;253;254;48;2;188;187;186m▀[38;2;172;170;172;48;2;122;116;119m▀[38;2;133;123;130;48;2;238;226;236m▀[38;2;231;215;224;48;2;227;211;222m▀[38;2;228;210;220;48;2;228;211;221m▀[38;2;229;210;221;48;2;229;211;221m▀[38;2;230;210;222;48;2;230;210;222m▀▀▀▀▀[48;2;224;204;216m▀[38;2;204;184;196;48;2;127;107;120m▀[38;2;125;106;119;48;2;162;142;159m▀[38;2;163;142;162;48;2;164;142;163m▀[38;2;164;142;163;48;2;162;140;159m▀[48;2;130;110;123m▀[38;2;161;140;159;48;2;153;135;142m▀[38;2;127;107;119;48;2;217;197;207m▀[38;2;147;128;137;48;2;231;211;222m▀[38;2;188;169;178;48;2;230;210;221m▀[38;2;227;207;218m▀[38;2;230;210;221m▀[38;2;231;211;222;48;2;215;195;207m▀[38;2;219;199;211;48;2;160;139;155m▀[38;2;209;188;202;48;2;203;183;200m▀[38;2;230;209;223;48;2;230;209;224m▀[38;2;230;210;222;48;2;230;210;222m▀▀[38;2;220;200;212;48;2;216;196;208m▀[38;2;211;191;203;48;2;123;103;115m▀[38;2;230;210;221;48;2;229;209;221m▀[48;2;230;210;222m▀[38;2;199;179;190m▀[38;2;132;112;123;48;2;223;203;215m▀[38;2;127;107;122;48;2;175;154;168m▀[38;2;160;138;159;48;2;125;105;121m▀[38;2;164;142;165;48;2;131;110;129m▀[48;2;163;142;164m▀[48;2;163;141;163m▀[38;2;163;141;163;48;2;162;140;163m▀[38;2;121;100;116;48;2;160;138;160m▀[38;2;207;187;199;48;2;121;101;116m▀[38;2;231;211;223;48;2;229;209;221m▀[38;2;230;210;222;48;2;230;210;222m▀▀▀▀▀▀▀▀[38;2;128;117;114;48;2;189;171;179m▀[38;2;252;250;231;48;2;181;177;160m▀[38;2;189;184;168;48;2;254;253;231m▀[38;2;136;130;126;48;2;165;160;143m▀[38;2;254;254;253;48;2;162;157;154m▀[38;2;255;255;255;48;2;254;254;254m▀[0m
[38;2;255;255;255;48;2;255;255;255m▀▀[38;2;207;205;215;48;2;229;227;234m▀[38;2;202;200;216;48;2;187;184;202m▀[38;2;207;204;218;48;2;210;207;222m▀[38;2;193;190;209;48;2;237;236;242m▀[38;2;255;255;254;48;2;254;254;254m▀[38;2;255;255;253;48;2;255;255;254m▀[38;2;213;211;220;48;2;245;244;247m▀[38;2;191;189;204;48;2;180;176;198m▀[38;2;211;209;220;48;2;238;237;243m▀[38;2;253;252;254;48;2;254;254;254m▀[38;2;254;254;254;48;2;255;255;255m▀[38;2;255;255;255m▀▀▀[38;2;254;254;254m▀[38;2;254;253;254m▀[38;2;254;254;255m▀[38;2;255;255;255m▀[38;2;254;254;254;48;2;223;222;220m▀[38;2;203;199;200;48;2;103;94;95m▀[38;2;112;106;107;48;2;240;233;244m▀[38;2;243;235;243;48;2;235;221;236m▀[38;2;227;212;223;48;2;230;209;223m▀[38;2;228;211;222;48;2;231;210;223m▀[38;2;229;210;222;48;2;235;217;229m▀[48;2;233;216;228m▀[38;2;230;210;222;48;2;230;210;222m▀▀▀▀[48;2;197;177;189m▀[38;2;153;132;145;48;2;135;114;130m▀[38;2;151;130;148;48;2;158;137;157m▀[38;2;163;141;162;48;2;132;112;127m▀[38;2;138;117;134;48;2;196;176;188m▀[38;2;150;130;142;48;2;230;210;221m▀[38;2;219;199;208;48;2;229;209;220m▀[38;2;230;210;221;48;2;230;210;221m▀▀[38;2;231;211;222m▀[38;2;230;210;221m▀[48;2;230;210;222m▀[38;2;228;207;219;48;2;193;172;188m▀[38;2;171;150;164;48;2;210;189;205m▀[38;2;218;198;212;48;2;230;210;221m▀[38;2;229;209;222;48;2;230;210;222m▀[38;2;230;210;222m▀▀▀▀[38;2;175;156;168;48;2;227;207;219m▀[38;2;194;175;187;48;2;152;133;145m▀[38;2;230;210;222;48;2;230;210;222m▀▀▀[38;2;227;207;220m▀[38;2;186;165;183;48;2;229;208;223m▀[38;2;154;133;152;48;2;186;165;183m▀[38;2;127;106;124;48;2;171;150;169m▀[38;2;146;125;145;48;2;175;155;172m▀[38;2;162;140;162;48;2;133;113;130m▀[38;2;161;139;162;48;2;161;138;161m▀[38;2;148;127;147;48;2;158;137;158m▀[38;2;153;133;146;48;2;117;96;114m▀[38;2;230;210;222;48;2;201;181;194m▀[48;2;230;209;223m▀[48;2;230;210;222m▀▀▀▀▀▀[38;2;230;210;221m▀[38;2;127;114;111;48;2;190;172;178m▀[38;2;247;242;228;48;2;162;148;148m▀[38;2;254;253;232;48;2;246;238;230m▀[38;2;134;127;113;48;2;249;248;228m▀[38;2;203;200;198;48;2;102;93;84m▀[0m
[38;2;255;255;255;48;2;255;255;255m▀▀▀[38;2;255;255;254m▀[38;2;254;254;255m▀▀[38;2;255;255;255;48;2;254;254;254m▀[38;2;255;255;254;48;2;197;195;207m▀[38;2;245;245;246;48;2;206;204;217m▀[38;2;184;181;198;48;2;228;227;234m▀[38;2;197;194;211;48;2;226;225;232m▀[38;2;254;253;254;48;2;254;254;254m▀[38;2;255;255;255;48;2;255;255;255m▀▀▀▀▀▀[48;2;252;251;250m▀[38;2;239;238;238;48;2;108;103;101m▀[38;2;95;91;89;48;2;208;204;213m▀[38;2;229;225;234;48;2;245;241;254m▀[38;2;242;234;247;48;2;239;228;240m▀[38;2;228;212;226;48;2;245;237;250m▀[38;2;239;225;240;48;2;248;239;254m▀[38;2;245;235;250;48;2;249;238;254m▀[38;2;247;240;252;48;2;243;232;246m▀[38;2;233;217;230;48;2;229;210;224m▀[38;2;230;210;222;48;2;230;210;222m▀▀▀[38;2;226;206;218;48;2;152;132;142m▀[38;2;125;105;117;48;2;122;103;113m▀[38;2;147;126;140;48;2;175;156;165m▀[38;2;149;130;140;48;2;229;209;218m▀[38;2;226;206;215m▀[38;2;230;210;220;48;2;230;210;220m▀[38;2;230;210;221;48;2;230;210;221m▀▀▀▀▀[48;2;229;209;221m▀[38;2;227;206;219;48;2;200;180;192m▀[38;2;187;166;182;48;2;226;206;218m▀[38;2;230;210;222;48;2;230;210;222m▀▀▀▀▀▀▀▀[38;2;141;121;133;48;2;167;147;160m▀[38;2;211;191;203;48;2;159;138;156m▀[38;2;230;210;221;48;2;224;203;216m▀[38;2;230;210;222;48;2;230;210;221m▀[48;2;230;210;222m▀▀[38;2;228;207;221m▀[38;2;186;165;182;48;2;228;207;221m▀[38;2;190;169;187;48;2;179;158;176m▀[38;2;212;192;202;48;2;216;196;209m▀[38;2;132;113;126;48;2;224;204;216m▀[38;2;156;134;156;48;2;135;116;126m▀[38;2;155;133;154;48;2;152;130;150m▀[38;2;119;98;114;48;2;132;111;129m▀[38;2;228;207;222;48;2;169;148;164m▀[38;2;230;209;223;48;2;230;209;224m▀[38;2;230;210;223m▀▀[38;2;230;209;223m▀[38;2;230;210;223;48;2;217;196;211m▀[48;2;231;210;225m▀[38;2;231;210;223;48;2;231;210;224m▀[38;2;230;211;221;48;2;231;210;223m▀[38;2;130;113;119;48;2;176;157;167m▀[38;2;227;212;218;48;2;187;169;178m▀[38;2;241;232;224;48;2;228;212;218m▀[38;2;216;213;193;48;2;238;228;221m▀[0m
[38;2;255;255;255;48;2;255;255;255m▀▀▀▀▀▀[38;2;245;245;246;48;2;252;252;253m▀[38;2;211;210;221;48;2;213;211;223m▀[38;2;205;203;216;48;2;163;158;186m▀[38;2;215;213;225;48;2;236;235;240m▀[38;2;211;209;221;48;2;255;255;255m▀[38;2;254;254;254m▀[38;2;255;255;255m▀▀▀▀[48;2;255;254;255m▀[38;2;255;255;254;48;2;192;188;186m▀[38;2;145;139;136;48;2;132;122;126m▀[38;2;180;174;179;48;2;248;240;255m▀[38;2;245;240;255m▀[38;2;246;241;254;48;2;247;240;254m▀[38;2;245;239;252;48;2;246;240;254m▀[38;2;246;240;254m▀[48;2;244;239;253m▀[38;2;246;239;254;48;2;238;227;241m▀[38;2;234;216;232;48;2;228;208;222m▀[38;2;228;209;223;48;2;235;219;231m▀[38;2;230;210;222;48;2;235;216;230m▀[48;2;230;210;222m▀[38;2;217;197;208;48;2;129;111;118m▀[38;2;67;48;54;48;2;192;174;180m▀[38;2;191;172;180;48;2;231;211;220m▀[38;2;231;211;220;48;2;230;210;219m▀[38;2;229;209;218m▀[48;2;230;212;222m▀[38;2;230;210;220;48;2;229;210;221m▀[38;2;230;210;221m▀[48;2;234;218;222m▀[38;2;229;210;220;48;2;247;241;229m▀[38;2;234;217;222;48;2;255;252;233m▀[38;2;234;219;223;48;2;246;240;232m▀[38;2;228;209;220;48;2;205;188;199m▀[38;2;203;183;197;48;2;222;203;219m▀[38;2;230;209;223;48;2;228;207;223m▀[38;2;230;210;222;48;2;225;204;217m▀[48;2;230;210;222m▀▀▀▀▀▀▀[38;2;208;188;200m▀[38;2;126;105;124;48;2;121;100;117m▀[38;2;185;163;183;48;2;164;142;165m▀[38;2;230;210;222;48;2;212;191;207m▀[48;2;230;209;224m▀[38;2;230;210;223m▀▀▀[38;2;224;203;218m▀[38;2;183;162;180;48;2;211;190;207m▀[38;2;230;209;224;48;2;208;187;203m▀[38;2;227;207;220;48;2;230;209;224m▀[38;2;139;120;130;48;2;227;206;219m▀[38;2;146;125;144;48;2;137;118;127m▀[38;2;107;86;103;48;2;131;110;127m▀[38;2;223;202;217;48;2;151;130;145m▀[38;2;230;209;224;48;2;230;209;224m▀▀▀[38;2;222;201;216m▀[38;2;206;185;200;48;2;170;150;164m▀[38;2;230;209;224;48;2;230;209;224m▀[38;2;231;210;224m▀[38;2;229;209;221;48;2;231;210;224m▀[38;2;135;116;126;48;2;144;125;136m▀[38;2;229;211;220;48;2;215;195;206m▀[38;2;228;210;219;48;2;230;210;221m▀[0m
[38;2;255;255;255;48;2;255;255;255m▀▀▀▀▀[48;2;247;246;247m▀[38;2;255;255;254;48;2;222;221;228m▀[38;2;249;249;251;48;2;235;234;238m▀[38;2;208;206;219;48;2;254;254;254m▀[38;2;255;255;255;48;2;255;255;255m▀▀▀▀▀▀[48;2;253;253;253m▀[38;2;233;232;231;48;2;109;104;102m▀[38;2;102;93;95;48;2;219;212;222m▀[38;2;242;236;249;48;2;247;239;255m▀[38;2;247;240;255;48;2;249;238;255m▀[38;2;248;240;255m▀[38;2;247;240;255;48;2;248;238;255m▀[38;2;246;240;254;48;2;247;238;255m▀[48;2;245;238;253m▀[38;2;242;235;249;48;2;231;217;229m▀[38;2;228;212;223;48;2;236;224;236m▀[38;2;238;227;239;48;2;245;240;253m▀[38;2;243;235;248;48;2;229;215;228m▀[38;2;226;211;224;48;2;225;210;223m▀[38;2;204;186;199;48;2;196;179;191m▀[38;2;189;170;178;48;2;228;211;221m▀[38;2;230;211;218;48;2;230;210;219m▀[38;2;230;210;220;48;2;233;216;227m▀[38;2;233;215;225;48;2;245;237;251m▀[38;2;244;234;245;48;2;235;222;235m▀[38;2;230;217;228;48;2;228;211;222m▀[38;2;228;210;222;48;2;245;237;230m▀[38;2;241;231;225;48;2;255;255;229m▀[38;2;254;253;230;48;2;255;255;227m▀[38;2;255;254;231;48;2;255;254;227m▀[38;2;255;254;232;48;2;253;250;230m▀[38;2;238;227;226;48;2;224;209;218m▀[38;2;199;183;195;48;2;203;186;198m▀[38;2;227;208;224;48;2;224;205;220m▀[38;2;219;198;215;48;2;213;192;208m▀[38;2;223;202;216;48;2;223;203;217m▀[38;2;229;210;221;48;2;234;222;224m▀[38;2;239;223;228;48;2;254;253;234m▀[38;2;230;210;222;48;2;232;215;223m▀[38;2;230;210;223;48;2;235;217;226m▀[38;2;230;210;222;48;2;236;219;226m▀[48;2;230;210;222m▀▀▀[38;2;135;115;130;48;2;131;111;125m▀[38;2;165;142;165;48;2;164;142;164m▀[38;2;176;155;174;48;2;164;142;165m▀[38;2;229;208;223;48;2;207;186;202m▀[38;2;230;209;224;48;2;230;209;224m▀▀▀▀▀[38;2;199;178;193;48;2;224;203;218m▀[38;2;230;209;224;48;2;217;196;211m▀[38;2;229;208;223;48;2;230;209;224m▀[38;2;226;205;218;48;2;229;208;223m▀[38;2;129;110;120;48;2;219;198;210m▀[38;2;107;87;101;48;2;109;91;101m▀[38;2;220;199;214;48;2;149;129;142m▀[38;2;230;209;224;48;2;231;210;225m▀[48;2;230;209;224m▀▀[38;2;170;149;165;48;2;190;169;187m▀[38;2;203;182;198;48;2;162;140;160m▀[38;2;230;209;224;48;2;230;209;225m▀[48;2;230;209;224m▀[38;2;212;192;204;48;2;231;210;223m▀[38;2;152;132;142;48;2;138;120;126m▀[38;2;230;210;221;48;2;230;210;220m▀[0m
[38;2;255;255;255;48;2;255;255;255m▀▀▀▀[38;2;251;251;250;48;2;254;254;254m▀[38;2;172;170;187;48;2;224;223;228m▀[38;2;166;162;188;48;2;218;216;226m▀[38;2;203;200;214;48;2;202;200;214m▀[38;2;236;235;240;48;2;255;255;255m▀[38;2;255;255;255m▀▀▀▀▀[48;2;225;223;222m▀[38;2;160;156;155;48;2;113;106;107m▀[38;2;168;160;165;48;2;243;239;252m▀[38;2;247;240;253;48;2;244;239;253m▀[38;2;247;239;254;48;2;241;233;249m▀[48;2;246;239;255m▀▀[38;2;247;238;255;48;2;247;238;255m▀[38;2;246;237;254;48;2;240;229;244m▀[38;2;234;223;237;48;2;227;212;225m▀[38;2;232;219;232;48;2;238;227;241m▀[38;2;246;242;254;48;2;238;227;240m▀[38;2;233;221;234;48;2;227;210;224m▀[38;2;226;209;222;48;2;227;209;223m▀[38;2;206;190;203;48;2;197;179;193m▀[38;2;218;202;215;48;2;229;211;225m▀[38;2;227;209;221;48;2;228;210;224m▀[38;2;232;213;225;48;2;240;227;238m▀[38;2;246;237;250;48;2;235;220;232m▀[38;2;236;221;234;48;2;217;196;208m▀[38;2;222;200;218;48;2;229;213;217m▀[38;2;242;231;227;48;2;254;254;230m▀[38;2;255;254;231;48;2;254;255;229m▀[38;2;255;254;228;48;2;255;255;229m▀[38;2;255;255;227;48;2;255;254;228m▀[38;2;255;253;229;48;2;250;248;227m▀[38;2;239;231;225;48;2;238;229;227m▀[38;2;201;185;196;48;2;198;183;195m▀[38;2;223;207;220;48;2;223;204;219m▀[38;2;216;194;210;48;2;214;190;207m▀[38;2;212;191;206;48;2;213;190;206m▀[38;2;225;204;219;48;2;228;209;221m▀[38;2;245;239;229;48;2;253;252;233m▀[38;2;254;254;233;48;2;255;253;233m▀[38;2;239;227;226;48;2;251;248;232m▀[38;2;252;250;232;48;2;255;255;230m▀[38;2;242;234;229;48;2;243;237;230m▀[38;2;229;210;222;48;2;229;210;222m▀[38;2;230;210;222;48;2;230;210;222m▀▀[38;2;111;92;97;48;2;117;97;100m▀[38;2;108;89;92;48;2;88;59;57m▀[38;2;165;143;165;48;2;141;120;136m▀[38;2;177;155;175;48;2;163;142;163m▀[38;2;230;209;224;48;2;211;190;206m▀[48;2;230;209;224m▀▀▀▀[38;2;231;210;225m▀[38;2;216;195;210;48;2;226;205;220m▀[38;2;229;208;223;48;2;213;192;207m▀[48;2;229;208;223m▀[38;2;231;211;223;48;2;230;209;224m▀[38;2;200;180;192;48;2;230;210;223m▀[38;2;72;52;63;48;2;144;125;132m▀[38;2;226;206;219;48;2;172;153;161m▀[38;2;230;209;224;48;2;230;210;222m▀▀[38;2;204;183;201;48;2;218;197;213m▀[38;2;131;109;131;48;2;128;106;129m▀[38;2;223;202;218;48;2;189;168;188m▀[38;2;230;209;224;48;2;231;210;227m▀[38;2;231;210;225;48;2;231;210;226m▀[38;2;163;144;152;48;2;219;199;211m▀[38;2;208;189;197;48;2;152;134;141m▀[0m
[38;2;255;255;255;48;2;255;255;255m▀▀▀[38;2;254;254;254;48;2;250;250;250m▀[38;2;246;246;248;48;2;151;146;178m▀[38;2;238;238;241;48;2;176;172;196m▀[38;2;246;245;248;48;2;224;222;232m▀[38;2;246;246;248;48;2;253;253;254m▀[38;2;255;255;255;48;2;255;255;255m▀▀▀▀[48;2;255;254;255m▀[38;2;254;253;253;48;2;168;162;161m▀[38;2;106;100;98;48;2;164;155;159m▀[38;2;227;221;231;48;2;234;219;234m▀[38;2;240;229;245;48;2;229;209;226m▀[38;2;230;213;228;48;2;229;210;226m▀[38;2;227;209;224;48;2;228;210;226m▀[38;2;237;226;242;48;2;228;210;225m▀[38;2;246;239;254;48;2;227;211;223m▀[38;2;243;230;246;48;2;229;210;222m▀[38;2;230;210;225;48;2;230;210;222m▀[38;2;229;211;225m▀[38;2;230;214;228m▀[38;2;229;210;224;48;2;230;210;223m▀[38;2;228;210;224;48;2;230;209;224m▀[38;2;203;185;199;48;2;200;179;194m▀[38;2;221;203;217;48;2;230;209;224m▀[38;2;229;211;225m▀[38;2;229;209;224;48;2;228;207;222m▀[38;2;232;211;226;48;2;215;192;208m▀[38;2;216;194;207;48;2;213;190;206m▀[38;2;216;195;206;48;2;224;201;217m▀[38;2;249;241;229;48;2;245;235;227m▀[38;2;252;255;228;48;2;252;255;228m▀[38;2;254;255;229;48;2;253;255;229m▀[38;2;255;255;229;48;2;251;249;231m▀[38;2;255;254;229;48;2;249;247;228m▀[38;2;251;250;228;48;2;251;249;228m▀[38;2;243;237;227;48;2;203;189;195m▀[38;2;198;181;199;48;2;207;187;203m▀[38;2;214;195;213;48;2;212;191;204m▀[38;2;213;190;208;48;2;213;190;206m▀[38;2;214;191;209;48;2;215;193;209m▀[38;2;234;218;225;48;2;237;222;229m▀[38;2;254;252;232;48;2;239;229;227m▀[38;2;231;218;218;48;2;221;197;214m▀[38;2;234;220;223;48;2;226;205;219m▀[38;2;249;244;229;48;2;230;210;221m▀[38;2;239;230;226m▀[38;2;230;210;222;48;2;230;210;222m▀▀▀[38;2;118;94;94;48;2;113;86;87m▀[38;2;203;144;134;48;2;225;158;150m▀[38;2;117;82;84;48;2;224;154;145m▀[38;2;162;140;159;48;2;128;100;111m▀[38;2;182;160;178;48;2;165;143;163m▀[38;2;230;209;225;48;2;221;200;217m▀[38;2;230;209;224;48;2;230;210;222m▀▀[48;2;230;209;224m▀▀▀[38;2;194;173;188;48;2;212;191;206m▀[38;2;225;204;219;48;2;184;164;179m▀[38;2;230;209;224;48;2;230;209;224m▀▀[38;2;229;208;221m▀[38;2;149;130;137;48;2;183;164;174m▀[38;2;230;210;222;48;2;213;194;203m▀[48;2;231;211;223m▀[38;2;227;207;221;48;2;231;211;224m▀[38;2;130;108;131;48;2;134;112;135m▀[38;2;156;134;156;48;2;129;107;130m▀[38;2;231;210;227;48;2;225;204;221m▀[38;2;231;210;226;48;2;230;210;223m▀[38;2;231;210;225;48;2;230;210;222m▀[38;2;141;122;129;48;2;148;129;137m▀[0m
[38;2;255;255;255;48;2;255;255;255m▀▀▀[38;2;242;241;242;48;2;254;254;254m▀[38;2;195;192;208;48;2;252;252;254m▀[38;2;185;181;201;48;2;242;242;244m▀[38;2;210;207;220;48;2;249;249;248m▀[38;2;215;213;224;48;2;238;237;241m▀[38;2;255;255;255;48;2;255;255;254m▀[48;2;255;255;255m▀▀[48;2;254;254;253m▀[38;2;234;232;233;48;2;122;116;115m▀[38;2;110;92;96;48;2;203;186;192m▀[38;2;229;212;228;48;2;231;210;224m▀[38;2;229;209;226;48;2;231;210;225m▀[38;2;224;201;219;48;2;171;148;166m▀[38;2;217;196;213;48;2;224;203;216m▀[38;2;230;209;226;48;2;230;210;222m▀[38;2;230;209;225;48;2;230;210;223m▀[38;2;230;210;222;48;2;230;210;222m▀▀▀▀▀[38;2;230;210;223;48;2;230;209;223m▀[38;2;202;181;196;48;2;160;140;154m▀[38;2;210;189;204;48;2;227;206;221m▀[38;2;230;209;224;48;2;229;208;223m▀[38;2;228;207;222;48;2;215;193;209m▀[38;2;215;192;208;48;2;212;189;205m▀[38;2;212;189;205m▀[38;2;216;193;209;48;2;225;202;218m▀[38;2;230;207;223;48;2;231;208;224m▀[38;2;234;214;223;48;2;232;209;224m▀[38;2;245;237;225;48;2;232;211;222m▀[38;2;238;225;221;48;2;231;210;220m▀[38;2;231;212;220;48;2;232;210;222m▀[38;2;236;220;227;48;2;232;211;223m▀[38;2;231;219;221;48;2;211;190;205m▀[38;2;170;149;165;48;2;168;146;164m▀[38;2;219;197;213;48;2;217;194;212m▀[38;2;212;191;205;48;2;213;190;206m▀[38;2;213;190;206m▀[38;2;217;194;210;48;2;219;197;212m▀[38;2;231;212;223;48;2;230;210;222m▀[38;2;230;211;223m▀[38;2;213;189;207;48;2;206;183;199m▀[38;2;223;201;216;48;2;219;197;212m▀[38;2;230;210;221;48;2;231;209;222m▀▀[38;2;230;210;222;48;2;222;200;213m▀[38;2;231;210;223;48;2;161;139;152m▀[38;2;209;189;201;48;2;159;138;151m▀[38;2;93;70;74;48;2;181;159;169m▀[38;2;160;110;104;48;2;184;161;166m▀[38;2;201;136;132;48;2;156;133;136m▀[38;2;177;117;118;48;2;139;109;111m▀[38;2;153;130;150;48;2;101;77;86m▀[38;2;196;175;193;48;2;175;152;171m▀[38;2;230;210;223;48;2;231;208;224m▀[38;2;230;210;222m▀[38;2;230;209;224m▀▀▀[38;2;230;209;225m▀[38;2;159;138;157;48;2;179;157;177m▀[38;2;217;196;213;48;2;175;154;173m▀[38;2;230;209;224;48;2;231;210;225m▀[48;2;230;209;224m▀[38;2;228;207;221;48;2;230;210;223m▀[38;2;166;147;156;48;2;146;127;137m▀[38;2;231;211;221;48;2;229;209;220m▀[38;2;231;211;223;48;2;230;210;222m▀[38;2;143;121;143;48;2;147;125;147m▀[38;2;126;104;127;48;2;126;104;127m▀[38;2;197;176;194;48;2;171;150;169m▀[38;2;230;210;222;48;2;229;209;221m▀[48;2;230;210;222m▀[38;2;198;178;189m▀[0m
[38;2;255;255;255;48;2;255;255;255m▀▀▀[38;2;245;245;246;48;2;252;252;253m▀[38;2;203;201;213;48;2;201;199;211m▀[38;2;226;225;233;48;2;227;226;234m▀[38;2;248;247;250;48;2;241;240;244m▀[38;2;255;255;255;48;2;255;255;255m▀▀▀[48;2;254;253;253m▀[38;2;206;203;203;48;2;107;99;98m▀[38;2;125;112;114;48;2;218;203;207m▀[38;2;229;211;220;48;2;229;211;223m▀[38;2;231;211;223;48;2;230;210;224m▀[38;2;210;189;204;48;2;151;130;149m▀[38;2;139;116;134;48;2;151;128;147m▀[38;2;229;209;222;48;2;230;209;223m▀[38;2;230;210;222;48;2;230;210;222m▀▀▀▀▀▀▀[38;2;216;196;209;48;2;161;141;154m▀[38;2;157;136;151;48;2;196;176;189m▀[38;2;229;208;223;48;2;220;199;213m▀[38;2;216;195;210;48;2;213;190;206m▀[38;2;212;191;206m▀[38;2;213;190;206m▀[38;2;215;192;208;48;2;224;201;217m▀[38;2;230;207;223;48;2;230;207;223m▀[38;2;231;208;224;48;2;231;208;224m▀[38;2;232;209;225;48;2;221;198;214m▀[38;2;228;206;220;48;2;160;138;153m▀[38;2;179;157;172;48;2;180;157;173m▀[38;2;165;142;159;48;2;184;162;176m▀[38;2;169;146;163;48;2;184;161;175m▀[38;2;158;135;153;48;2;183;160;176m▀[38;2;172;149;169;48;2;150;127;145m▀[38;2;213;190;210;48;2;204;182;202m▀[38;2;212;189;208;48;2;213;190;208m▀[38;2;213;190;206;48;2;213;190;206m▀[38;2;221;199;214;48;2;223;201;216m▀[38;2;230;210;222;48;2;230;210;222m▀[38;2;229;208;221;48;2;227;206;219m▀[38;2;197;174;190;48;2;194;171;188m▀[38;2;217;194;210;48;2;214;192;206m▀[38;2;231;208;224;48;2;231;209;221m▀[38;2;228;206;221;48;2;231;209;222m▀[38;2;148;126;141;48;2;231;208;222m▀[38;2;171;148;163m▀[38;2;170;148;163;48;2;227;205;217m▀[38;2;167;145;156;48;2;135;92;90m▀[38;2;188;165;175;48;2;194;138;131m▀[38;2;186;163;173;48;2;182;142;142m▀[38;2;186;162;169;48;2;170;143;146m▀[38;2;179;153;163;48;2;186;162;169m▀[38;2;155;129;148;48;2;188;162;174m▀[38;2;206;182;201;48;2;174;148;166m▀[38;2;231;208;225;48;2;197;174;191m▀[38;2;231;208;224;48;2;231;208;224m▀▀▀▀[38;2;200;178;197;48;2;219;197;214m▀[38;2;148;126;148;48;2;148;126;148m▀[38;2;214;193;209;48;2;176;154;174m▀[38;2;230;209;224;48;2;230;209;224m▀▀[38;2;166;146;159;48;2;202;181;196m▀[38;2;193;173;185;48;2;148;128;141m▀[38;2;230;210;222;48;2;230;210;222m▀[38;2;148;127;149;48;2;149;127;150m▀[38;2;127;105;128;48;2;128;106;129m▀[38;2;147;125;145;48;2;131;110;130m▀[38;2;229;209;221;48;2;225;204;219m▀[38;2;230;210;222;48;2;230;209;224m▀▀[0m
[38;2;255;255;255;48;2;255;255;255m▀▀▀[38;2;254;254;254;48;2;212;209;222m▀[38;2;254;254;253;48;2;251;251;252m▀[38;2;253;253;253;48;2;203;201;214m▀[38;2;254;254;254;48;2;254;254;254m▀[38;2;255;255;255;48;2;255;255;255m▀▀[38;2;255;255;254;48;2;253;253;253m▀[38;2;191;189;189;48;2;103;93;97m▀[38;2;149;135;136;48;2;225;209;217m▀[38;2;228;212;220;48;2;229;212;221m▀[38;2;229;211;222;48;2;228;210;221m▀[38;2;200;179;194;48;2;143;122;140m▀[38;2;127;104;128;48;2;128;106;129m▀[38;2;164;141;162;48;2;176;152;173m▀[38;2;230;209;223;48;2;230;209;223m▀[38;2;230;210;222;48;2;230;210;222m▀▀▀▀[38;2;229;209;221;48;2;223;203;215m▀[38;2;230;210;222;48;2;230;210;222m▀[38;2;231;210;222;48;2;210;190;202m▀[38;2;124;105;117;48;2;123;104;116m▀[38;2;215;195;207;48;2;212;192;204m▀[38;2;212;191;205;48;2;212;191;205m▀[38;2;214;190;206;48;2;214;190;206m▀▀[38;2;217;193;209;48;2;223;199;215m▀[38;2;230;207;223;48;2;231;207;223m▀[38;2;231;207;223;48;2;230;207;223m▀[38;2;223;199;215;48;2;168;146;161m▀[38;2;162;138;155;48;2;184;160;176m▀[38;2;184;160;176;48;2;177;154;170m▀[38;2;184;161;177;48;2;178;155;170m▀[38;2;177;153;169;48;2;183;158;177m▀[38;2;159;135;153;48;2;155;129;152m▀[38;2;153;129;149;48;2;165;139;163m▀[38;2;165;141;161;48;2;184;159;180m▀[38;2;197;173;193;48;2;215;190;210m▀[38;2;214;190;209;48;2;214;190;208m▀[38;2;213;190;206;48;2;214;191;207m▀[38;2;226;204;219;48;2;229;206;222m▀[38;2;230;210;222;48;2;230;210;222m▀[38;2;223;203;216;48;2;222;201;215m▀[38;2;190;167;185;48;2;187;165;184m▀[38;2;211;189;202;48;2;209;187;203m▀[38;2;231;210;220;48;2;231;209;221m▀[38;2;231;209;221m▀[38;2;231;209;222;48;2;231;209;222m▀▀[38;2;204;181;189;48;2;178;149;157m▀[38;2;189;132;122;48;2;233;163;152m▀[38;2;244;168;158;48;2;247;169;157m▀[38;2;243;168;159;48;2;245;169;157m▀[38;2;237;168;157;48;2;244;170;157m▀[38;2;199;145;135;48;2;244;170;156m▀[38;2;173;139;140;48;2;241;170;157m▀[38;2;174;151;162;48;2;135;103;106m▀[38;2;177;154;169;48;2;190;169;180m▀[38;2;189;166;183;48;2;173;151;164m▀[38;2;232;209;225;48;2;192;170;185m▀[38;2;231;208;224;48;2;232;209;225m▀[48;2;231;208;224m▀[38;2;229;206;224;48;2;231;208;226m▀[38;2;142;120;143;48;2;142;119;141m▀[38;2;148;126;148;48;2;136;113;135m▀[38;2;221;200;216;48;2;188;167;185m▀[38;2;230;209;224;48;2;230;209;224m▀[38;2;217;196;211;48;2;229;208;224m▀[38;2;118;99;112;48;2;118;98;112m▀[38;2;230;210;222;48;2;207;187;200m▀[38;2;149;127;150;48;2;148;125;148m▀[38;2;128;106;129;48;2;130;106;130m▀[38;2;128;106;127;48;2;129;106;128m▀[38;2;209;188;205;48;2;192;171;188m▀[38;2;230;209;225;48;2;230;209;226m▀▀[0m
[38;2;255;255;255;48;2;255;255;255m▀▀[48;2;255;255;254m▀[38;2;214;213;224;48;2;254;254;254m▀[38;2;250;249;252m▀[38;2;239;238;243m▀[38;2;254;254;254;48;2;255;255;255m▀[38;2;255;255;255m▀[48;2;254;254;253m▀[38;2;188;182;185;48;2;110;94;100m▀[38;2;153;132;140;48;2;224;204;214m▀[38;2;230;211;222;48;2;230;210;221m▀[38;2;230;212;222m▀[38;2;192;174;187;48;2;142;121;141m▀[38;2;127;106;126;48;2;128;106;129m▀[38;2;128;106;129;48;2;127;105;128m▀[38;2;187;163;184;48;2;197;174;195m▀[38;2;230;209;223;48;2;230;209;223m▀[38;2;230;210;222;48;2;230;210;222m▀▀▀▀[38;2;208;188;200;48;2;192;172;184m▀[38;2;230;210;222;48;2;230;210;222m▀[38;2;163;143;155;48;2;126;106;118m▀[38;2;151;131;143;48;2;170;150;162m▀[38;2;212;192;204;48;2;213;193;205m▀[38;2;213;192;205;48;2;213;192;206m▀[38;2;214;191;206;48;2;209;186;204m▀[38;2;205;181;197;48;2;180;157;174m▀[38;2;222;198;214;48;2;232;208;225m▀[38;2;231;208;224;48;2;225;201;218m▀[38;2;192;171;186;48;2;165;143;159m▀[38;2;178;157;172;48;2;178;157;172m▀[38;2;170;148;164;48;2;228;205;221m▀[38;2;203;180;196;48;2;231;208;224m▀[38;2;228;205;222;48;2;193;170;188m▀[38;2;172;147;167;48;2;160;136;157m▀[38;2;158;133;156;48;2;165;140;161m▀[38;2;165;140;162;48;2;164;139;161m▀[38;2;173;148;169;48;2;164;140;160m▀[38;2;214;189;208;48;2;214;189;208m▀[38;2;214;189;207;48;2;214;189;207m▀[38;2;217;194;210;48;2;223;199;215m▀[38;2;230;208;223;48;2;231;208;224m▀[38;2;230;210;222;48;2;230;209;223m▀[38;2;221;200;214;48;2;221;200;214m▀[38;2;183;162;181;48;2;180;159;177m▀[38;2;209;187;206;48;2;208;187;205m▀[38;2;231;209;221;48;2;231;209;221m▀▀[38;2;231;209;222;48;2;231;209;222m▀▀[38;2;171;139;144;48;2;177;135;134m▀[38;2;245;169;158;48;2;247;169;157m▀[38;2;247;170;157;48;2;247;170;157m▀[38;2;246;170;156;48;2;246;170;156m▀[48;2;245;170;155m▀[48;2;244;169;155m▀[38;2;245;170;156;48;2;245;169;156m▀[38;2;193;136;129;48;2;243;167;157m▀[38;2;203;182;189;48;2;167;136;139m▀[38;2;226;204;214;48;2;232;211;220m▀[38;2;181;158;172;48;2;232;210;222m▀[38;2;198;176;191;48;2;196;174;188m▀[38;2;231;208;224;48;2;224;201;217m▀[38;2;231;208;226;48;2;231;208;225m▀[38;2;176;153;173;48;2;194;171;190m▀[38;2;121;99;119;48;2;118;95;116m▀[38;2;157;135;154;48;2;147;125;147m▀[38;2;230;209;226;48;2;209;187;206m▀[38;2;231;210;227;48;2;230;209;225m▀[38;2;143;122;139;48;2;156;135;152m▀[38;2;164;144;157;48;2;139;119;133m▀[38;2;142;119;142;48;2;135;112;136m▀[38;2;132;107;132;48;2;132;107;133m▀[38;2;130;105;128;48;2;130;105;129m▀[38;2;178;157;175;48;2;148;127;143m▀[38;2;231;209;226;48;2;231;210;225m▀[38;2;230;209;226;48;2;230;209;225m▀[0m
[38;2;255;255;255;48;2;255;255;255m▀▀[38;2;222;221;228;48;2;208;206;218m▀[38;2;189;186;203;48;2;206;204;218m▀[38;2;202;200;212;48;2;195;192;209m▀[38;2;232;231;236;48;2;208;206;218m▀[38;2;254;254;254;48;2;254;254;254m▀[38;2;255;255;255;48;2;254;254;253m▀[38;2;205;202;199;48;2;119;109;108m▀[38;2;145;127;130;48;2;220;200;209m▀[38;2;229;209;220;48;2;230;210;221m▀[38;2;230;210;222;48;2;230;209;223m▀[38;2;196;175;191;48;2;147;126;147m▀[38;2;126;103;132;48;2;126;105;129m▀[38;2;128;105;131;48;2;126;105;131m▀[38;2;126;104;128;48;2;127;104;129m▀[38;2;205;182;203;48;2;210;187;208m▀[38;2;230;209;223;48;2;230;209;223m▀[38;2;230;210;222;48;2;230;210;222m▀▀▀[38;2;218;197;211;48;2;191;170;188m▀[38;2;187;167;180;48;2;195;175;190m▀[38;2;226;206;218;48;2;185;165;177m▀[38;2;93;73;85;48;2;99;79;91m▀[38;2;184;164;176;48;2;196;176;188m▀[38;2;213;193;205;48;2;212;192;205m▀[38;2;211;190;204;48;2;172;151;168m▀[38;2;165;144;162;48;2;161;140;158m▀[38;2;206;183;201;48;2;231;208;224m▀[38;2;232;207;226;48;2;231;208;223m▀[38;2;185;160;179;48;2;202;179;194m▀[38;2;192;168;187;48;2;233;212;227m▀[38;2;233;212;225;48;2;233;213;224m▀[38;2;233;210;225;48;2;231;209;221m▀[38;2;216;193;210;48;2;176;154;169m▀[38;2;166;142;162;48;2;162;139;157m▀[38;2;159;134;157;48;2;160;136;157m▀[38;2;167;142;164;48;2;167;142;164m▀[38;2;161;136;156;48;2;156;131;149m▀[38;2;162;138;155;48;2;158;134;148m▀[38;2;214;190;207;48;2;214;190;204m▀[38;2;215;190;207;48;2;216;193;207m▀[38;2;229;205;221;48;2;187;170;185m▀[38;2;232;208;224;48;2;171;163;180m▀[38;2;231;208;224;48;2;183;171;184m▀[38;2;224;202;217;48;2;178;159;173m▀[38;2;179;158;175;48;2;144;128;142m▀[38;2;208;187;204;48;2;191;175;189m▀[38;2;231;209;221;48;2;230;210;222m▀[48;2;230;210;221m▀[38;2;231;209;222;48;2;230;210;222m▀[38;2;224;202;215;48;2;186;161;170m▀[38;2;188;131;125;48;2;225;168;160m▀[38;2;245;169;157;48;2;249;201;187m▀[38;2;246;169;156;48;2;251;225;207m▀[38;2;244;171;158;48;2;253;243;227m▀[38;2;246;183;170;48;2;253;249;233m▀[38;2;246;195;179;48;2;254;250;231m▀[38;2;246;209;188;48;2;254;249;231m▀[38;2;242;189;173;48;2;251;237;220m▀[38;2;175;122;117;48;2;231;164;152m▀[38;2;224;203;212;48;2;173;147;153m▀[38;2;232;210;222;48;2;232;210;222m▀[38;2;231;209;222;48;2;231;209;222m▀[38;2;232;209;225;48;2;232;209;224m▀[38;2;231;208;225;48;2;231;208;225m▀[38;2;202;179;198;48;2;211;188;207m▀[38;2;111;89;107;48;2;103;81;95m▀[38;2;150;125;152;48;2;153;128;156m▀[38;2;181;158;179;48;2;157;134;159m▀[38;2;230;209;226;48;2;229;207;225m▀[38;2;163;142;160;48;2;168;146;167m▀[38;2;112;91;109;48;2;121;99;121m▀[38;2;134;111;136;48;2;124;101;125m▀[38;2;133;108;137;48;2;135;110;139m▀[38;2;131;107;132;48;2;134;110;136m▀[38;2;124;104;117;48;2;113;93;105m▀[38;2;231;211;223;48;2;231;211;223m▀[38;2;230;209;224;48;2;230;209;224m▀[0m
[38;2;255;255;255;48;2;255;255;255m▀▀[38;2;194;191;207;48;2;224;222;231m▀[38;2;222;221;230;48;2;206;204;217m▀[38;2;175;171;192;48;2;212;210;221m▀[38;2;244;244;246;48;2;251;251;252m▀[38;2;254;254;254;48;2;254;254;254m▀[38;2;227;225;223;48;2;143;134;135m▀[38;2;120;107;108;48;2;200;181;184m▀[38;2;231;211;221;48;2;230;210;219m▀[38;2;231;211;222;48;2;231;210;220m▀[38;2;205;184;199;48;2;161;139;159m▀[38;2;126;105;128;48;2;127;106;129m▀[38;2;124;106;130;48;2;124;106;130m▀▀[38;2;126;105;129;48;2;127;105;130m▀[38;2;213;191;212;48;2;215;192;213m▀[38;2;230;209;223;48;2;230;209;223m▀[38;2;230;210;222;48;2;230;210;222m▀▀[48;2;230;210;223m▀[38;2;166;145;163;48;2;139;119;134m▀[38;2;194;173;190;48;2;176;156;168m▀[38;2;151;131;144;48;2;127;107;119m▀[38;2;102;82;94;48;2;104;84;97m▀[38;2;205;186;197;48;2;187;166;182m▀[38;2;179;158;175;48;2;152;130;151m▀[38;2;151;129;150;48;2;162;140;160m▀[38;2;199;177;195;48;2;230;209;224m▀[38;2;233;212;223;48;2;233;213;225m▀[38;2;231;213;221;48;2;231;214;224m▀[38;2;230;213;222m▀[38;2;230;214;224;48;2;230;214;225m▀[38;2;231;214;224;48;2;210;192;205m▀[38;2;192;172;185;48;2;171;151;169m▀[38;2;167;144;161;48;2;162;140;159m▀[38;2;162;138;158;48;2;149;126;146m▀[38;2;147;124;144;48;2;163;140;161m▀[38;2;171;147;168;48;2;173;148;170m▀[38;2;148;124;141;48;2;136;112;129m▀[38;2;153;129;143;48;2;138;114;128m▀[38;2;216;192;206;48;2;214;191;204m▀[38;2;215;194;207;48;2;198;178;191m▀[38;2;138;141;158;48;2;131;128;142m▀[38;2;143;193;222;48;2;126;165;185m▀[38;2;169;224;235;48;2;142;187;211m▀[38;2;147;170;178;48;2;167;210;223m▀[38;2;245;242;246;48;2;172;183;191m▀[38;2;224;220;224;48;2;255;251;255m▀[38;2;202;194;200;48;2;254;252;255m▀[38;2;195;185;192;48;2;255;253;255m▀[38;2;190;178;185;48;2;254;253;255m▀[38;2;133;106;105;48;2;228;219;222m▀[38;2;243;215;199;48;2;182;160;148m▀[38;2;255;249;229;48;2;255;248;230m▀[38;2;255;250;230;48;2;255;251;231m▀[38;2;255;251;232;48;2;255;251;232m▀▀▀▀[38;2;254;250;233;48;2;255;250;234m▀[38;2;243;204;188;48;2;252;241;223m▀[38;2;169;126;125;48;2;202;145;136m▀[38;2;232;210;222;48;2;204;182;192m▀[38;2;231;209;222;48;2;231;209;222m▀▀[38;2;231;208;224;48;2;231;208;224m▀[38;2;216;193;211;48;2;221;198;216m▀[38;2;97;76;88;48;2;78;57;65m▀[38;2;148;123;150;48;2;138;115;136m▀[38;2;152;128;155;48;2;155;131;156m▀[38;2;212;191;209;48;2;191;169;190m▀[38;2;170;148;171;48;2;172;150;171m▀[38;2;141;119;144;48;2;145;122;147m▀[38;2;110;88;107;48;2;111;90;108m▀[38;2;137;112;141;48;2;139;114;143m▀[38;2;135;111;137;48;2;137;113;139m▀[38;2;107;86;99;48;2;103;83;95m▀[38;2;231;211;223;48;2;231;211;223m▀[38;2;230;209;224;48;2;230;209;224m▀[0m
[38;2;255;255;255;48;2;255;255;255m▀▀▀▀▀▀[38;2;251;251;252;48;2;199;195;195m▀[38;2;113;97;98;48;2;159;139;143m▀[38;2;230;209;216;48;2;231;209;219m▀[38;2;230;208;221;48;2;231;209;221m▀[38;2;221;200;213;48;2;183;160;177m▀[38;2;130;108;131;48;2;126;102;127m▀[38;2;127;106;129;48;2;124;101;126m▀[38;2;125;105;130;48;2;125;105;130m▀[38;2;126;105;130;48;2;127;105;130m▀[38;2;130;105;131;48;2;130;106;130m▀[38;2;215;192;211;48;2;215;193;208m▀[38;2;230;209;223;48;2;230;210;222m▀[38;2;230;210;222m▀▀[38;2;227;207;219;48;2;215;194;207m▀[38;2;122;101;116;48;2;119;98;114m▀[38;2;186;166;179;48;2;179;159;172m▀[38;2;102;82;95;48;2;94;73;89m▀[38;2;105;84;102;48;2;107;86;107m▀[38;2;150;128;150;48;2;153;131;154m▀[38;2;153;132;152;48;2;120;99;117m▀[38;2;155;134;151;48;2;197;178;186m▀[38;2;234;215;227;48;2;233;215;226m▀[38;2;230;215;228;48;2;230;216;228m▀[38;2;231;214;230;48;2;233;217;231m▀[38;2;232;214;228;48;2;230;212;228m▀[38;2;225;207;220;48;2;183;165;180m▀[38;2;175;157;174;48;2;176;157;176m▀[38;2;170;148;169;48;2;154;133;152m▀[38;2;164;141;163;48;2;124;102;122m▀[38;2;125;101;123;48;2;187;164;181m▀[38;2;178;154;176;48;2;200;177;194m▀[38;2;165;141;163;48;2;185;161;181m▀[38;2;115;91;104;48;2;149;115;116m▀[38;2;123;99;108;48;2;140;111;115m▀[38;2;207;185;198;48;2;192;170;183m▀[38;2;212;193;206;48;2;233;215;228m▀[38;2;223;206;219;48;2;225;207;221m▀[38;2;183;166;180;48;2;234;215;229m▀[38;2;147;131;146;48;2;234;216;230m▀[38;2;138;129;142m▀[38;2;114;104;117;48;2;207;188;202m▀[38;2;152;144;150;48;2;177;158;170m▀[38;2;163;155;160;48;2;200;185;195m▀[38;2;166;160;164;48;2;218;203;212m▀[38;2;188;182;185;48;2;174;158;161m▀[38;2;148;135;137;48;2;162;136;128m▀[38;2;224;213;196;48;2;253;250;227m▀[38;2;255;250;230;48;2;254;252;230m▀[38;2;255;251;231;48;2;255;252;231m▀[48;2;255;251;231m▀▀▀▀[38;2;255;251;232;48;2;255;251;232m▀[38;2;255;250;231m▀[38;2;242;205;189;48;2;251;240;222m▀[38;2;170;138;144;48;2;170;126;122m▀[38;2;231;209;222;48;2;232;210;222m▀▀[38;2;231;208;224;48;2;232;210;223m▀[38;2;223;200;218;48;2;223;201;216m▀[38;2;60;39;46;48;2;73;51;53m▀[38;2;114;92;108;48;2;79;59;64m▀[38;2;156;132;156;48;2;160;136;159m▀[38;2;173;149;172m▀[38;2;172;148;171;48;2;170;146;168m▀[38;2;148;124;150;48;2;152;128;152m▀[38;2;115;94;110;48;2;120;97;117m▀[38;2;140;115;144;48;2;145;120;149m▀[38;2;139;115;141;48;2;142;118;144m▀[38;2;106;86;98;48;2;109;89;101m▀[38;2;231;211;223;48;2;231;211;223m▀[38;2;230;209;224;48;2;230;209;224m▀[0m
[38;2;255;255;255;48;2;255;255;255m▀▀▀▀▀[38;2;254;254;254;48;2;250;249;250m▀[38;2;130;119;120;48;2;111;97;102m▀[38;2;220;200;207;48;2;232;211;220m▀[38;2;231;210;220;48;2;231;210;220m▀[38;2;231;209;221;48;2;210;188;203m▀[38;2;145;121;143;48;2;128;103;129m▀[38;2;107;84;105;48;2;92;69;88m▀[38;2;113;89;112;48;2;128;103;130m▀[38;2;127;105;131;48;2;130;105;131m▀[38;2;128;105;131;48;2;130;105;132m▀[38;2;131;106;130;48;2;131;105;131m▀[38;2;212;189;205;48;2;206;183;199m▀[38;2;230;210;222;48;2;230;210;222m▀▀▀[38;2;203;182;199;48;2;195;174;191m▀[38;2;125;104;122;48;2;134;112;131m▀[38;2;147;128;139;48;2;114;95;105m▀[38;2;100;80;94;48;2;103;82;95m▀[38;2;110;89;108;48;2;113;92;109m▀[38;2;156;134;156;48;2;130;110;126m▀[38;2;132;112;122;48;2;210;190;196m▀[38;2;235;217;224;48;2;237;217;226m▀[38;2;235;218;227;48;2;236;219;228m▀[38;2;235;218;229;48;2;237;219;230m▀[38;2;234;216;230;48;2;199;181;194m▀[38;2;193;175;189;48;2;162;144;158m▀[38;2;167;149;163;48;2;169;151;165m▀[38;2;152;134;151;48;2;182;164;180m▀[38;2;166;146;160;48;2;99;79;90m▀[38;2;95;75;87;48;2;161;142;153m▀[38;2;236;215;228;48;2;238;221;233m▀[38;2;204;182;197;48;2;173;156;173m▀[38;2;180;157;174;48;2;118;87;99m▀[38;2;189;135;125;48;2;239;168;155m▀[38;2;180;137;140;48;2;194;143;142m▀[38;2;190;168;181;48;2;203;182;194m▀[38;2;238;220;232;48;2;240;222;234m▀[38;2;202;184;198;48;2;232;214;228m▀[38;2;225;207;220;48;2;191;173;186m▀[38;2;237;219;231;48;2;239;222;233m▀[38;2;237;219;230;48;2;240;223;232m▀[38;2;221;203;215;48;2;235;217;229m▀[38;2;183;163;175;48;2;190;170;182m▀[38;2;181;163;175;48;2;189;169;181m▀[38;2;224;206;218;48;2;193;173;185m▀[38;2;229;210;218;48;2;232;212;222m▀[38;2;163;138;130;48;2;157;131;127m▀[38;2;255;250;228;48;2;254;248;227m▀[38;2;255;251;229;48;2;255;251;229m▀[38;2;255;251;230;48;2;255;251;230m▀[38;2;255;251;231;48;2;255;251;231m▀▀▀▀[38;2;255;251;232;48;2;255;251;232m▀▀▀[38;2;215;174;162;48;2;246;231;214m▀[38;2;193;169;179;48;2;171;139;143m▀[38;2;233;211;223;48;2;235;213;225m▀[38;2;233;211;224;48;2;230;214;224m▀[38;2;217;196;206;48;2;196;177;183m▀[38;2;135;95;95;48;2;182;165;162m▀[38;2;113;78;70;48;2;210;162;148m▀[38;2;154;132;147;48;2;112;89;95m▀[38;2;162;139;158;48;2;165;142;161m▀[38;2;161;137;158;48;2;163;140;161m▀[38;2;157;132;155;48;2;160;136;158m▀[38;2;129;107;124;48;2;146;123;144m▀[38;2;140;117;140;48;2;133;110;131m▀[38;2;146;122;146;48;2;149;125;148m▀[38;2;115;95;106;48;2;124;104;115m▀[38;2;231;211;223;48;2;231;210;223m▀[38;2;230;209;224;48;2;230;209;224m▀[0m
[38;2;255;255;255;48;2;255;255;255m▀▀▀▀▀[38;2;198;194;196;48;2;137;127;131m▀[38;2;156;137;145;48;2;213;191;201m▀[38;2;231;210;219;48;2;231;210;219m▀[38;2;231;209;220;48;2;230;209;219m▀[38;2;177;154;173;48;2;142;118;141m▀[38;2;129;105;130;48;2;124;101;124m▀[38;2;91;69;86;48;2;95;72;90m▀[38;2;130;105;132;48;2;128;103;131m▀[38;2;132;106;131;48;2;132;106;131m▀[38;2;132;106;132;48;2;132;106;133m▀[38;2;133;107;135;48;2;134;107;137m▀[38;2;199;176;194;48;2;189;165;187m▀[38;2;230;210;222;48;2;230;210;223m▀[48;2;230;210;222m▀[38;2;231;211;224;48;2;232;212;224m▀[38;2;189;168;185;48;2;186;165;182m▀[38;2;142;121;141;48;2;151;130;150m▀[38;2;88;68;79;48;2;79;60;71m▀[38;2;102;81;95;48;2;102;81;94m▀[38;2;114;93;111;48;2;100;80;93m▀[38;2;152;133;144;48;2;222;203;213m▀[38;2;237;217;228;48;2;239;219;231m▀[38;2;239;219;229;48;2;240;220;232m▀[38;2;239;219;230;48;2;207;187;199m▀[38;2;202;184;197;48;2;172;153;166m▀[38;2;167;149;163;48;2;188;168;183m▀[38;2;183;165;179;48;2;185;164;179m▀[38;2;183;164;178;48;2;176;155;169m▀[38;2;152;134;143;48;2;63;38;49m▀[38;2;49;30;33;48;2;60;34;43m▀[38;2;177;157;166;48;2;101;75;97m▀[38;2;143;124;140;48;2;96;72;93m▀[38;2;98;78;98;48;2;68;42;56m▀[38;2;155;108;107;48;2;45;19;23m▀[38;2;246;196;185;48;2;98;78;72m▀[38;2;198;154;150;48;2;162;131;127m▀[38;2;215;195;205;48;2;227;208;218m▀[38;2;241;226;233;48;2;246;230;238m▀[38;2;232;215;226;48;2;232;215;225m▀[38;2;179;161;173;48;2;205;188;200m▀[38;2;234;217;226;48;2;185;168;178m▀[38;2;242;225;231;48;2;242;226;232m▀[38;2;239;225;233;48;2;239;228;234m▀[38;2;208;189;200;48;2;225;208;219m▀[38;2;195;175;187;48;2;204;184;196m▀[38;2;193;173;185;48;2;191;171;183m▀[38;2;201;181;192;48;2;196;176;187m▀[38;2;156;133;138;48;2;188;169;179m▀[38;2;241;230;211;48;2;179;165;153m▀[38;2;255;250;229;48;2;233;229;210m▀[38;2;255;251;230;48;2;193;188;173m▀[38;2;255;250;231;48;2;189;184;170m▀[48;2;185;181;166m▀[48;2;191;187;171m▀[48;2;232;228;213m▀[48;2;254;249;234m▀[48;2;254;249;231m▀[38;2;255;251;232;48;2;255;251;232m▀[38;2;255;250;231m▀[38;2;174;141;136;48;2;202;180;166m▀[38;2;236;215;227;48;2;215;197;206m▀[38;2;233;215;227;48;2;237;219;230m▀[38;2;169;151;156;48;2;169;156;156m▀[38;2;233;224;217;48;2;254;248;234m▀[38;2;249;230;215;48;2;254;248;230m▀[38;2;141;103;99;48;2;220;190;175m▀[38;2;166;143;161;48;2;139;115;127m▀[38;2;166;142;163;48;2;171;147;168m▀[38;2;164;140;162;48;2;166;143;165m▀[38;2;158;134;157;48;2;155;129;152m▀[38;2;127;105;123;48;2;118;75;102m▀[38;2;144;120;143;48;2;154;76;116m▀[38;2;137;117;129;48;2;159;139;150m▀[38;2;231;210;223;48;2;231;211;223m▀[38;2;230;209;224;48;2;230;209;224m▀[0m
[38;2;255;255;255;48;2;255;255;255m▀▀▀▀[38;2;254;254;254;48;2;237;235;236m▀[38;2;117;103;108;48;2;133;114;120m▀[38;2;231;211;219;48;2;231;210;218m▀[38;2;231;210;219;48;2;231;209;221m▀[38;2;212;190;203;48;2;181;158;177m▀[38;2;129;105;130;48;2;130;107;128m▀[38;2;102;80;97;48;2;69;47;59m▀[38;2;117;93;117;48;2;130;105;132m▀[38;2;130;105;133;48;2;131;106;135m▀[38;2;131;107;133;48;2;131;108;134m▀[38;2;132;108;134;48;2;132;109;135m▀[38;2;135;110;138;48;2;136;111;139m▀[38;2;177;154;175;48;2;162;139;160m▀[38;2;229;210;223;48;2;229;210;223m▀[38;2;229;211;223;48;2;230;212;225m▀[38;2;231;213;225;48;2;231;213;225m▀[38;2;183;163;180;48;2;184;164;181m▀[38;2;154;133;152;48;2;157;136;154m▀[38;2;82;62;73;48;2;91;72;82m▀[38;2;90;70;80;48;2;120;101;108m▀[38;2;181;161;173;48;2;240;220;230m▀[38;2;239;219;231;48;2;238;218;230m▀[48;2;208;188;200m▀[38;2;211;191;203;48;2;190;170;182m▀[38;2;175;155;167;48;2;189;168;180m▀[38;2;189;169;181;48;2;178;158;171m▀[38;2;181;160;175;48;2;129;108;123m▀[38;2;148;127;142;48;2;62;35;50m▀[38;2;62;35;51;48;2;63;23;43m▀[38;2;62;24;42;48;2;61;21;38m▀[38;2;73;41;60;48;2;54;25;34m▀[38;2;81;52;74;48;2;56;24;36m▀[38;2;69;42;56;48;2;64;24;46m▀[38;2;44;18;23;48;2;65;23;46m▀[38;2;49;22;28;48;2;63;22;44m▀[38;2;53;23;29;48;2;58;25;37m▀[38;2;68;35;44;48;2;93;69;76m▀[38;2;198;174;187;48;2;169;148;160m▀[38;2;243;226;235;48;2;187;168;179m▀[38;2;229;212;221;48;2;217;199;206m▀[38;2;207;190;195;48;2;134;106;104m▀[38;2;67;44;45;48;2;185;157;147m▀[38;2;194;173;178;48;2;198;168;156m▀[38;2;245;232;240;48;2;215;199;203m▀[38;2;242;226;236;48;2;249;234;241m▀[38;2;210;192;201;48;2;227;210;216m▀[38;2;194;176;183;48;2;216;198;204m▀[38;2;98;77;79;48;2;157;133;131m▀[38;2;174;152;155;48;2;217;203;193m▀[38;2;153;135;136;48;2;170;157;150m▀[38;2;247;244;225;48;2;181;171;158m▀[38;2;255;250;232;48;2;254;249;230m▀[38;2;255;250;231;48;2;255;250;230m▀▀[38;2;247;242;224;48;2;248;244;224m▀[38;2;221;215;199;48;2;254;249;229m▀[38;2;201;196;182;48;2;255;249;231m▀[38;2;206;199;187;48;2;255;249;232m▀[38;2;202;197;183;48;2;254;249;231m▀[38;2;237;232;216;48;2;220;213;197m▀[38;2;245;235;217;48;2;204;199;183m▀[38;2;180;159;163;48;2;153;136;138m▀[38;2;236;220;228;48;2;231;217;222m▀[38;2;175;167;161;48;2;181;173;166m▀[38;2;254;249;231;48;2;254;248;231m▀[38;2;255;249;229;48;2;255;250;230m▀[38;2;254;247;226;48;2;255;249;229m▀[38;2;147;122;122;48;2;172;160;147m▀[38;2;166;143;164;48;2;184;157;165m▀[38;2;137;92;120;48;2;202;91;144m▀[38;2;170;77;124;48;2;211;90;149m▀[38;2;221;96;158;48;2;229;101;164m▀[38;2;181;80;130;48;2;155;82;115m▀[38;2;189;169;180;48;2;210;190;201m▀[38;2;231;211;223;48;2;231;211;223m▀[38;2;230;209;224;48;2;230;209;224m▀[0m
[38;2;255;255;255;48;2;255;255;255m▀▀▀▀[38;2;188;182;184;48;2;139;129;132m▀[38;2;177;157;166;48;2;219;199;210m▀[38;2;231;210;220;48;2;231;209;222m▀[38;2;231;208;222;48;2;223;201;215m▀[38;2;150;127;146;48;2;131;108;126m▀[38;2;109;87;100;48;2;64;43;49m▀[38;2;62;41;47;48;2;79;59;64m▀[38;2;132;107;135;48;2;133;108;137m▀[38;2;132;107;136m▀[38;2;132;108;136;48;2;135;110;139m▀[38;2;134;110;138;48;2;137;112;141m▀[38;2;137;112;141;48;2;139;114;143m▀[38;2;146;122;146;48;2;141;117;144m▀[38;2;228;209;223;48;2;217;197;213m▀[38;2;231;214;224;48;2;231;214;221m▀[48;2;231;214;223m▀[38;2;186;166;182;48;2;190;170;186m▀[38;2;161;140;158;48;2;149;129;144m▀[38;2;129;109;118;48;2;209;190;196m▀[38;2;228;209;217;48;2;225;205;215m▀[38;2;235;215;227;48;2;189;169;181m▀[38;2;202;182;193;48;2;187;167;179m▀[38;2;191;171;183;48;2;179;159;171m▀[38;2;184;164;176;48;2;190;170;182m▀[38;2;181;161;173;48;2;117;94;107m▀[38;2;120;98;111;48;2;56;25;40m▀[38;2;63;31;46;48;2;60;25;39m▀[38;2;59;25;39;48;2;49;19;27m▀[38;2;51;20;29;48;2;39;15;16m▀[38;2;54;18;33;48;2;77;27;55m▀[38;2;73;25;53;48;2;79;26;58m▀[38;2;75;24;57;48;2;77;23;57m▀[38;2;74;24;56;48;2;75;23;57m▀[38;2;73;25;56;48;2;95;49;81m▀[38;2;76;25;57;48;2;74;26;58m▀[38;2;76;27;53;48;2;76;26;54m▀[38;2;120;95;106;48;2;154;128;142m▀[38;2;191;170;183;48;2;163;140;153m▀[38;2;207;188;200;48;2;160;144;150m▀[38;2;147;124;127;48;2;202;188;179m▀[38;2;207;184;171;48;2;254;249;231m▀[38;2;253;248;230;48;2;255;250;231m▀[38;2;253;246;228m▀[38;2;205;185;170;48;2;254;249;230m▀[38;2;212;196;198;48;2;216;206;190m▀[38;2;244;227;234;48;2;198;188;189m▀[38;2;221;204;210;48;2;232;215;221m▀[38;2;184;163;164;48;2;226;210;212m▀[38;2;225;212;201;48;2;176;164;158m▀[38;2;254;248;231;48;2;255;248;231m▀[38;2;254;249;230;48;2;255;249;230m▀[38;2;255;250;230;48;2;255;250;230m▀▀▀[38;2;161;155;138;48;2;236;230;213m▀[38;2;150;141;128;48;2;51;30;24m▀[38;2;254;250;232;48;2;95;74;71m▀[48;2;99;84;76m▀[38;2;255;250;232;48;2;80;64;57m▀[38;2;254;249;233;48;2;87;71;67m▀[38;2;254;248;233;48;2;117;102;99m▀[38;2;172;158;155;48;2;116;102;99m▀[38;2;165;152;154;48;2;156;143;141m▀[38;2;190;182;172;48;2;253;247;235m▀[38;2;255;249;232;48;2;255;250;232m▀[38;2;255;251;231;48;2;255;251;232m▀[38;2;255;250;231;48;2;255;250;232m▀[38;2;194;186;172;48;2;252;245;229m▀[38;2;214;179;187;48;2;152;114;122m▀[38;2;206;92;147;48;2;154;80;117m▀[38;2;201;91;143;48;2;148;113;135m▀[38;2;152;75;111;48;2;138;115;124m▀[38;2;114;86;97;48;2;138;118;126m▀[38;2;224;206;217;48;2;231;214;224m▀[38;2;231;212;224;48;2;231;214;225m▀[38;2;230;209;224;48;2;231;211;224m▀[0m
[38;2;255;255;255;48;2;255;255;255m▀▀▀[38;2;254;254;254;48;2;251;250;250m▀[38;2;121;108;112;48;2;117;102;107m▀[38;2;231;211;221;48;2;230;210;219m▀[38;2;231;209;222;48;2;231;209;221m▀[38;2;200;177;193;48;2;177;154;172m▀[38;2;115;94;112;48;2;91;77;87m▀[38;2;97;82;78;48;2;183;173;175m▀[38;2;94;73;81;48;2;102;79;98m▀[38;2;132;108;137;48;2;133;108;138m▀[38;2;134;109;138;48;2;136;111;140m▀[38;2;137;112;140;48;2;138;114;141m▀[38;2;139;115;142;48;2;140;116;143m▀[38;2;140;115;144;48;2;142;117;146m▀[38;2;143;118;147;48;2;147;121;151m▀[38;2;194;172;192;48;2;170;146;171m▀[38;2;230;213;222;48;2;231;212;224m▀[38;2;231;213;223;48;2;222;203;215m▀[38;2;190;170;184;48;2;174;155;168m▀[38;2;194;174;186;48;2;181;160;174m▀[38;2;204;184;194;48;2;177;157;169m▀[38;2;183;163;173;48;2;177;158;171m▀[38;2;185;165;177;48;2;167;148;159m▀[38;2;174;154;166;48;2;161;132;134m▀[38;2;183;163;175;48;2;162;121;115m▀[38;2;104;80;93;48;2;64;29;37m▀[38;2;55;22;39;48;2;63;25;45m▀[38;2;62;26;44;48;2;60;23;40m▀[38;2;54;21;33;48;2;100;77;83m▀[38;2;68;48;47;48;2;165;145;146m▀[38;2;47;21;18;48;2;51;23;23m▀[38;2;85;28;58;48;2;91;32;65m▀[38;2;81;27;58;48;2;85;30;62m▀[38;2;78;24;57;48;2;82;27;60m▀[38;2;82;62;84;48;2;87;75;93m▀[38;2;90;115;122;48;2;105;162;158m▀[38;2;91;50;80;48;2;69;25;56m▀[38;2;108;73;95;48;2;75;35;60m▀[38;2;149;126;139;48;2;75;32;54m▀[38;2;92;63;75;48;2;107;43;66m▀[38;2;74;56;53;48;2;62;26;31m▀[38;2;251;248;239;48;2;198;192;188m▀[38;2;254;251;231;48;2;254;251;237m▀[38;2;255;251;231;48;2;255;251;231m▀▀[38;2;255;250;231;48;2;255;250;230m▀[38;2;255;250;230m▀[38;2;243;238;220m▀[38;2;191;181;175m▀[38;2;210;194;196;48;2;218;212;197m▀[38;2;193;179;175;48;2;192;181;174m▀[38;2;230;223;208;48;2;158;149;137m▀[38;2;255;249;230;48;2;253;248;229m▀[38;2;255;250;230;48;2;255;250;230m▀[48;2;246;238;219m▀[38;2;239;232;214;48;2;116;64;62m▀[38;2;113;94;84;48;2;79;17;31m▀[38;2;51;17;24;48;2;71;23;43m▀[38;2;62;24;40;48;2;74;37;56m▀[38;2;56;26;36;48;2;61;28;43m▀[38;2;57;28;38;48;2;62;28;45m▀[38;2;58;28;40;48;2;62;27;45m▀[38;2;58;24;38;48;2;65;25;46m▀[38;2;45;17;25;48;2;61;22;41m▀[38;2;49;31;27;48;2;61;25;40m▀[38;2;125;113;104;48;2;51;20;30m▀[38;2;232;226;211;48;2;51;29;28m▀[38;2;255;251;232;48;2;165;155;144m▀[38;2;255;250;233;48;2;253;248;232m▀[38;2;255;249;233;48;2;255;249;233m▀[38;2;225;220;208;48;2;255;248;233m▀[38;2;138;118;124;48;2;169;159;150m▀[38;2;185;158;176;48;2;178;152;168m▀[38;2;111;88;95;48;2;96;72;80m▀[38;2;183;163;170;48;2;222;202;210m▀[38;2;231;215;225;48;2;231;215;226m▀[38;2;232;215;226m▀[38;2;232;213;225;48;2;231;213;225m▀[0m
[38;2;255;255;255;48;2;255;255;255m▀▀▀[38;2;217;213;216;48;2;180;173;176m▀[38;2;144;126;131;48;2;179;161;167m▀[38;2;230;210;218;48;2;230;210;220m▀[38;2;231;210;220;48;2;229;207;219m▀[38;2;152;129;147;48;2;107;87;97m▀[38;2;147;137;138;48;2;229;227;224m▀[38;2;193;185;185;48;2;203;197;197m▀[38;2;109;86;106;48;2;112;90;108m▀[38;2;136;111;141;48;2;138;114;140m▀[38;2;138;113;142;48;2;139;115;141m▀[38;2;139;115;141;48;2;141;117;143m▀[38;2;141;117;143;48;2;143;119;145m▀[38;2;144;120;146;48;2;146;122;146m▀[38;2;149;125;152;48;2;151;127;151m▀[38;2;155;130;156m▀[38;2;197;177;189;48;2;103;82;93m▀[38;2;151;132;142;48;2;124;103;113m▀[38;2;161;140;154;48;2;147;126;138m▀[38;2;129;108;123;48;2;170;148;163m▀[38;2;138;117;131;48;2;182;159;175m▀[38;2;132;106;114;48;2;155;127;136m▀[38;2;198;140;132;48;2;229;162;149m▀[38;2;237;167;157;48;2;243;170;155m▀[38;2;161;99;99;48;2;96;50;53m▀[38;2;65;25;41;48;2;66;24;42m▀[38;2;64;25;44;48;2;61;24;41m▀[38;2;82;50;62;48;2;192;172;183m▀[38;2;221;201;212;48;2;224;210;222m▀[38;2;179;159;168;48;2;208;197;206m▀[38;2;50;22;26;48;2;147;134;139m▀[38;2;88;34;61;48;2;220;210;214m▀[38;2;90;34;66;48;2;147;119;130m▀[38;2;87;33;65;48;2;93;36;62m▀[38;2;79;30;60;48;2;93;36;63m▀[38;2;76;29;59;48;2;79;29;61m▀[38;2;81;29;62;48;2;83;28;61m▀[38;2;81;28;60;48;2;84;28;61m▀[38;2;113;46;72;48;2;147;61;85m▀[38;2;207;94;105;48;2;228;109;118m▀[38;2;111;49;61;48;2;142;62;77m▀[38;2;138;124;122;48;2;102;84;80m▀[38;2;255;251;244;48;2;254;252;244m▀[38;2;255;251;231;48;2;255;251;232m▀▀[38;2;255;250;230;48;2;255;251;231m▀▀▀▀[38;2;255;250;231;48;2;255;250;231m▀[38;2;254;250;231m▀[38;2;222;217;201m▀[38;2;249;244;224;48;2;253;247;229m▀[38;2;254;248;233;48;2;222;189;177m▀[38;2;164;107;99;48;2;196;141;132m▀[38;2;104;22;25;48;2;234;218;207m▀[38;2;113;73;74;48;2;253;250;232m▀[38;2;140;116;114;48;2;255;250;230m▀[38;2;191;182;172;48;2;255;251;231m▀[38;2;171;160;148m▀[38;2;167;153;143m▀[38;2;151;135;127m▀[38;2;120;103;98m▀[38;2;81;59;59;48;2;255;252;232m▀[38;2;56;24;37;48;2;234;230;211m▀[38;2;59;24;45;48;2;172;161;150m▀[38;2;61;24;46;48;2;107;83;84m▀[38;2;54;19;26;48;2;69;24;38m▀[38;2;114;84;79;48;2;82;21;29m▀[38;2;240;230;217;48;2;114;52;49m▀[38;2;255;248;230;48;2;229;215;201m▀[38;2;245;238;222;48;2;254;248;233m▀[38;2;123;104;108;48;2;123;109;104m▀[38;2;132;110;118;48;2;199;181;188m▀[38;2;235;218;227;48;2;236;218;230m▀[38;2;232;215;227m▀[38;2;231;215;226;48;2;233;215;227m▀[38;2;231;213;225;48;2;231;213;225m▀[0m
[38;2;255;255;255;48;2;255;255;255m▀▀[48;2;255;254;255m▀[38;2;147;140;143;48;2;129;118;123m▀[38;2;207;189;201;48;2;228;209;218m▀[38;2;230;210;222;48;2;230;210;221m▀[38;2;217;196;208;48;2;195;174;186m▀[38;2;127;112;119;48;2;170;164;165m▀[38;2;255;254;250;48;2;255;254;252m▀[38;2;217;211;213;48;2;240;235;237m▀[38;2;110;87;106;48;2;105;82;100m▀[38;2;139;115;141;48;2;141;116;145m▀[38;2;140;116;142;48;2;141;117;145m▀[38;2;143;119;145;48;2;145;121;147m▀[38;2;146;122;147;48;2;147;123;149m▀[38;2;148;124;148;48;2;149;125;150m▀[38;2;154;130;154;48;2;155;130;155m▀[38;2;157;133;157;48;2;158;134;157m▀[38;2;164;140;160;48;2;163;139;161m▀[38;2;205;183;197;48;2;182;159;177m▀[38;2;210;187;201;48;2;201;179;192m▀[38;2;180;158;173;48;2;183;160;175m▀[38;2;184;161;177;48;2;185;162;178m▀[38;2;188;163;178;48;2;193;170;186m▀[38;2;179;124;120;48;2;165;125;129m▀[38;2;221;156;146;48;2;180;121;115m▀[38;2;61;20;31;48;2;65;23;38m▀[38;2;66;23;43;48;2;59;22;38m▀[38;2;118;93;104;48;2;199;182;190m▀[38;2;226;211;219;48;2;225;213;220m▀[38;2;227;216;223;48;2;247;246;247m▀[38;2;251;248;251;48;2;255;255;255m▀[38;2;254;252;254;48;2;254;254;254m▀[38;2;255;254;255m▀[38;2;254;253;253m▀[38;2;150;113;119;48;2;217;178;180m▀[38;2;213;102;116;48;2;245;112;120m▀[38;2;85;29;63;48;2;192;84;99m▀[38;2;83;28;60;48;2;104;38;67m▀[38;2;80;27;61;48;2;123;49;75m▀[38;2;157;68;91;48;2;232;106;116m▀[38;2;244;114;124;48;2;244;113;126m▀[38;2;213;105;113;48;2;150;112;106m▀[38;2;97;78;72;48;2;210;211;204m▀[38;2;254;252;243;48;2;254;252;241m▀[38;2;255;251;232;48;2;255;251;231m▀▀[38;2;255;251;231m▀▀▀▀[38;2;255;250;231;48;2;255;250;231m▀▀[48;2;255;251;231m▀[38;2;251;244;227m▀[38;2;251;248;231m▀[38;2;254;250;231m▀[38;2;255;250;231m▀[48;2;255;251;232m▀▀[38;2;255;251;231;48;2;255;251;231m▀▀▀▀▀▀▀[38;2;254;249;229m▀[38;2;253;248;229;48;2;255;250;230m▀[38;2;225;217;201m▀[38;2;145;113;109;48;2;254;250;230m▀[38;2;111;24;31;48;2;229;213;197m▀[38;2;137;42;49;48;2;156;81;80m▀[38;2;232;211;201;48;2;128;49;49m▀[38;2;129;116;112;48;2;138;117;130m▀[38;2;234;217;225;48;2;224;207;218m▀[38;2;237;219;230;48;2;239;221;233m▀[38;2;237;219;231;48;2;238;220;232m▀[38;2;233;215;227;48;2;233;215;227m▀[38;2;229;211;223;48;2;190;172;184m▀[0m
[38;2;255;255;255;48;2;255;255;255m▀▀[38;2;255;254;255;48;2;255;254;255m▀[38;2;125;111;117;48;2;126;112;117m▀[38;2;231;211;220;48;2;231;210;218m▀[38;2;230;210;221;48;2;230;210;220m▀[38;2;158;140;149;48;2;154;141;147m▀[38;2;232;230;228;48;2;254;253;251m▀[38;2;255;254;252;48;2;255;254;252m▀[38;2;253;250;252;48;2;254;252;254m▀[38;2;108;86;102;48;2;123;108;121m▀[38;2;141;116;145;48;2;145;120;149m▀[38;2;143;118;146;48;2;145;121;148m▀[38;2;146;122;148;48;2;148;124;148m▀[38;2;149;125;151;48;2;151;127;151m▀[38;2;151;127;152;48;2;156;132;158m▀[38;2;123;101;118;48;2;92;71;81m▀[38;2;160;136;158;48;2;159;135;155m▀[38;2;166;141;164;48;2;166;142;164m▀[38;2;170;146;168;48;2;170;147;168m▀[38;2;190;168;183;48;2;178;155;174m▀[38;2;186;163;178;48;2;185;162;180m▀[38;2;187;164;180;48;2;189;166;184m▀[38;2;194;170;187;48;2;194;171;189m▀[38;2;166;139;152;48;2;200;176;193m▀[38;2;140;87;84;48;2;95;52;56m▀[38;2;67;24;38;48;2;85;22;34m▀[38;2;95;63;74;48;2;150;113;119m▀[38;2;225;211;218;48;2;230;221;225m▀[38;2;241;237;240;48;2;253;253;254m▀[38;2;254;255;255;48;2;255;255;255m▀[38;2;255;255;255m▀[38;2;254;254;254;48;2;254;254;254m▀[48;2;178;172;169m▀[38;2;242;241;243;48;2;141;81;89m▀[38;2;191;115;126;48;2;192;85;100m▀[38;2;247;111;122;48;2;243;115;123m▀[48;2;245;117;123m▀[38;2;244;113;122;48;2;246;140;146m▀[38;2;244;115;124;48;2;254;180;181m▀[38;2;246;115;124;48;2;253;176;178m▀[38;2;247;137;144;48;2;244;132;137m▀[38;2;178;109;111;48;2;152;79;82m▀[38;2;217;213;207;48;2;237;237;227m▀[38;2;255;252;238;48;2;252;251;234m▀[38;2;255;251;231;48;2;254;251;232m▀▀[48;2;255;251;231m▀▀▀▀[38;2;255;250;231m▀▀[38;2;255;251;231m▀▀▀▀▀[38;2;255;251;232m▀▀[38;2;255;251;231m▀[48;2;255;252;232m▀[48;2;255;250;230m▀[48;2;254;249;229m▀[48;2;253;248;228m▀▀[48;2;254;244;226m▀[48;2;254;243;225m▀[38;2;255;250;230;48;2;253;244;225m▀[48;2;253;247;227m▀[48;2;254;248;228m▀[38;2;255;249;230;48;2;255;248;229m▀[38;2;253;245;226;48;2;232;225;207m▀[38;2;148;118;119;48;2;213;195;205m▀[38;2;162;142;159;48;2;190;169;184m▀[38;2;204;186;200;48;2;228;210;223m▀[38;2;219;202;215;48;2;232;214;227m▀[38;2;236;217;232;48;2;193;175;189m▀[38;2;196;178;192;48;2;180;162;176m▀[38;2;176;159;173;48;2;177;159;173m▀[0m
[38;2;255;255;255;48;2;255;255;255m▀▀[38;2;254;254;254;48;2;254;254;254m▀[38;2;123;108;113;48;2;125;110;115m▀[38;2;231;210;218;48;2;231;210;218m▀[38;2;230;210;221;48;2;227;206;217m▀[38;2;167;157;161;48;2;177;170;173m▀[38;2;255;254;252;48;2;255;254;252m▀▀[38;2;255;253;254;48;2;255;253;253m▀[38;2;144;133;142;48;2;166;160;164m▀[38;2;147;122;151;48;2;148;123;151m▀[38;2;148;123;151;48;2;149;124;152m▀[38;2;150;126;150;48;2;152;128;154m▀[38;2;153;129;153;48;2;155;130;156m▀[38;2;156;132;158;48;2;157;133;156m▀[38;2;141;118;138;48;2;159;135;158m▀[38;2;106;85;95;48;2;122;100;115m▀[38;2;167;144;164;48;2;128;106;120m▀[38;2;172;149;169;48;2;171;148;168m▀[38;2;176;153;173;48;2;177;154;174m▀[38;2;184;160;179;48;2;184;161;178m▀[38;2;189;166;184;48;2;188;165;181m▀[38;2;194;171;189;48;2;193;170;186m▀[38;2;200;178;192;48;2;200;178;189m▀[38;2;128;98;102;48;2;138;116;130m▀[38;2;104;19;24;48;2;94;28;31m▀[38;2;167;114;123;48;2;157;87;94m▀[38;2;245;241;243;48;2;254;252;253m▀[38;2;255;255;255;48;2;255;255;255m▀▀▀[38;2;254;254;254;48;2;254;254;254m▀[38;2;212;208;205m▀[38;2;82;42;42;48;2;192;185;183m▀[38;2;188;83;97;48;2;99;59;60m▀[38;2;236;108;115;48;2;186;88;96m▀[38;2;251;156;162;48;2;240;112;120m▀[38;2;254;179;184;48;2;246;135;143m▀[38;2;254;181;185;48;2;253;181;183m▀[38;2;253;181;184;48;2;205;152;151m▀[38;2;198;128;130;48;2;178;165;160m▀[38;2;173;157;154;48;2;253;252;242m▀[38;2;252;252;237;48;2;253;252;233m▀[38;2;252;251;230;48;2;254;251;232m▀[38;2;254;251;232m▀▀[38;2;255;251;231;48;2;255;251;231m▀▀▀▀▀▀▀▀▀▀▀▀▀▀[38;2;255;252;232;48;2;255;252;232m▀[38;2;255;250;230;48;2;255;250;230m▀[38;2;254;249;229;48;2;254;249;229m▀[38;2;251;241;222;48;2;245;225;205m▀[38;2;248;230;210;48;2;254;237;218m▀[38;2;252;239;222;48;2;254;238;220m▀[38;2;248;229;212;48;2;247;220;203m▀[38;2;254;238;222;48;2;255;239;224m▀[38;2;255;239;223;48;2;254;239;224m▀[38;2;253;240;223;48;2;245;222;203m▀[38;2;253;245;227;48;2;210;199;189m▀[38;2;203;194;186;48;2;231;218;219m▀[38;2;242;226;230;48;2;227;211;219m▀[38;2;241;224;231;48;2;206;190;198m▀[38;2;216;199;209;48;2;188;171;181m▀[38;2;189;172;183;48;2;124;107;117m▀[38;2;109;92;101;48;2;172;154;166m▀[38;2;180;162;175;48;2;168;151;164m▀[38;2;172;154;168;48;2;176;158;172m▀[0m
[38;2;255;255;255;48;2;255;255;255m▀▀[38;2;253;253;253;48;2;253;253;253m▀[38;2;126;110;116;48;2;125;110;114m▀[38;2;231;210;218;48;2;231;210;221m▀[38;2;197;177;187;48;2;173;154;164m▀[38;2;210;205;209;48;2;243;238;241m▀[38;2;254;254;254;48;2;254;254;254m▀▀[38;2;254;253;254;48;2;255;254;255m▀[38;2;210;206;208;48;2;251;250;250m▀[38;2;132;112;133;48;2;119;106;118m▀[38;2;153;128;157;48;2;153;132;155m▀[38;2;154;130;156;48;2;155;132;156m▀[38;2;156;132;157;48;2;156;133;157m▀[38;2;159;135;157;48;2;159;134;158m▀[38;2;162;138;160;48;2;163;139;163m▀[38;2;165;141;163;48;2;164;140;163m▀[38;2;124;102;117;48;2;169;145;167m▀[38;2;140;118;132;48;2;131;109;123m▀[38;2;177;153;173;48;2;142;120;133m▀[38;2;183;160;178;48;2;182;159;176m▀[38;2;188;165;181;48;2;187;164;180m▀[38;2;193;170;186;48;2;193;170;186m▀[38;2;200;178;190;48;2;199;176;190m▀[38;2;160;137;156;48;2;198;174;190m▀[38;2;151;119;126;48;2;207;185;196m▀[38;2;135;44;48;48;2;141;98;93m▀[38;2;249;244;247;48;2;216;181;175m▀[38;2;254;254;254;48;2;254;254;253m▀[38;2;255;255;255;48;2;254;254;254m▀▀[38;2;254;254;254;48;2;255;255;253m▀▀▀[38;2;240;238;238;48;2;255;255;252m▀[38;2;176;165;164;48;2;254;255;252m▀[38;2;175;142;144;48;2;255;254;249m▀[38;2;198;161;165;48;2;254;252;247m▀[38;2;220;200;199;48;2;247;240;233m▀[38;2;246;243;233;48;2;225;189;175m▀[38;2;253;252;239;48;2;253;252;232m▀[38;2;253;251;235;48;2;254;252;232m▀[38;2;254;251;232;48;2;254;251;231m▀[48;2;255;251;231m▀▀▀[38;2;255;251;231m▀▀▀▀▀▀▀[48;2;255;250;230m▀▀▀▀[48;2;255;251;231m▀▀▀[38;2;255;252;232m▀[38;2;255;250;230;48;2;255;250;230m▀[38;2;254;249;229;48;2;255;250;229m▀[38;2;245;223;205;48;2;247;231;214m▀[38;2;254;238;221;48;2;255;240;224m▀[38;2;254;236;219;48;2;252;235;218m▀[38;2;248;222;208;48;2;253;235;219m▀[38;2;255;239;224;48;2;254;239;223m▀[38;2;250;228;211;48;2;250;233;219m▀[38;2;236;214;198;48;2;182;166;161m▀[38;2;189;174;173;48;2;209;192;193m▀[38;2;210;194;197;48;2;195;180;181m▀[38;2;205;188;195;48;2;135;110;113m▀[38;2;166;149;158;48;2;122;102;106m▀[38;2;128;110;121;48;2;194;174;182m▀[38;2;187;170;180;48;2;145;126;136m▀[38;2;156;138;150;48;2;86;67;78m▀[38;2;116;98;112;48;2;191;171;184m▀[38;2;228;210;224;48;2;235;215;230m▀[0m
[38;2;255;255;255;48;2;255;255;255m▀▀[38;2;254;254;254;48;2;255;254;254m▀[38;2;124;109;112;48;2;125;110;113m▀[38;2;232;210;223;48;2;232;209;224m▀[38;2;168;148;156;48;2;173;155;157m▀[38;2;254;252;253;48;2;255;254;252m▀[38;2;254;254;254;48;2;255;255;253m▀[38;2;255;255;255;48;2;255;255;254m▀[48;2;255;255;255m▀[38;2;255;254;254m▀[38;2;147;138;145;48;2;202;199;200m▀[38;2;154;134;154;48;2;133;116;134m▀[38;2;155;133;156;48;2;156;134;157m▀[38;2;156;134;157;48;2;157;134;158m▀[38;2;161;137;161;48;2;163;139;163m▀[38;2;164;140;164m▀[38;2;164;140;163;48;2;164;140;164m▀[38;2;169;145;167;48;2;169;145;167m▀[38;2;172;148;170;48;2;172;148;170m▀[38;2;85;65;72;48;2;117;95;108m▀[38;2;126;105;116;48;2;96;75;85m▀[38;2;185;163;178;48;2;108;87;101m▀[38;2;191;168;184;48;2;178;156;171m▀[38;2;197;174;190;48;2;195;172;188m▀[38;2;204;180;195;48;2;202;178;194m▀[38;2;208;187;200;48;2;209;186;198m▀[38;2;179;163;167;48;2;212;193;199m▀[38;2;203;189;184;48;2;162;150;148m▀[38;2;244;227;219;48;2;239;233;223m▀[38;2;251;245;236;48;2;255;249;235m▀[38;2;251;250;247;48;2;251;246;235m▀[38;2;254;254;251;48;2;255;249;240m▀[48;2;254;248;239m▀[38;2;254;254;250;48;2;254;246;235m▀[38;2;255;253;247;48;2;255;246;234m▀[38;2;250;235;223;48;2;250;232;216m▀[38;2;238;213;199;48;2;253;244;229m▀[38;2;207;174;167;48;2;253;249;231m▀[38;2;236;225;208;48;2;254;249;230m▀[38;2;240;225;208;48;2;255;250;230m▀[38;2;254;250;231;48;2;255;251;231m▀[38;2;255;252;232m▀[38;2;255;251;231m▀▀▀▀[48;2;247;243;223m▀[48;2;222;208;187m▀[48;2;214;182;167m▀[38;2;253;249;229;48;2;207;151;140m▀[38;2;254;250;230;48;2;206;125;105m▀[38;2;251;242;223;48;2;203;108;84m▀[38;2;221;194;176;48;2;231;133;108m▀[38;2;217;168;147;48;2;241;149;120m▀[38;2;217;152;128;48;2;245;158;132m▀[38;2;208;134;110;48;2;243;160;137m▀[38;2;203;140;121;48;2;239;157;135m▀[38;2;216;188;169;48;2;224;134;111m▀[38;2;254;251;231;48;2;206;156;141m▀[38;2;255;251;231;48;2;254;251;231m▀[48;2;255;251;231m▀[38;2;255;250;230;48;2;255;251;232m▀▀[38;2;254;247;229;48;2;255;250;231m▀[38;2;254;244;226;48;2;255;249;230m▀[38;2;253;242;224m▀[38;2;252;242;224m▀[38;2;241;229;212m▀[38;2;140;129;118;48;2;254;248;230m▀[38;2;154;139;134;48;2;254;247;234m▀[38;2;165;142;140;48;2;222;216;203m▀[38;2;166;123;121;48;2;148;138;126m▀[38;2;168;140;140;48;2;166;143;139m▀[38;2;154;132;135;48;2;68;40;38m▀[38;2;76;55;60;48;2;64;42;48m▀[38;2;95;73;85;48;2;124;102;115m▀[38;2;148;127;139;48;2;231;209;222m▀[38;2;237;217;230;48;2;239;219;231m▀[38;2;233;217;230;48;2;232;217;231m▀[0m
[38;2;255;255;255;48;2;255;255;255m▀▀[38;2;255;255;254m▀[38;2;125;112;113;48;2;129;117;117m▀[38;2;232;210;223;48;2;232;210;222m▀[38;2;173;157;160;48;2;176;159;162m▀[38;2;255;254;252;48;2;255;254;252m▀[38;2;255;255;253;48;2;255;255;253m▀[38;2;255;255;254;48;2;255;255;254m▀[38;2;255;255;255;48;2;255;255;255m▀▀[38;2;254;253;253;48;2;254;254;254m▀[38;2;127;115;125;48;2;187;182;186m▀[38;2;157;135;158;48;2;146;126;144m▀[38;2;159;137;160;48;2;162;139;165m▀[38;2;163;139;163;48;2;163;139;164m▀▀[38;2;164;140;164;48;2;164;140;164m▀[38;2;167;144;163;48;2;93;72;83m▀[38;2;171;148;168;48;2;169;146;166m▀[38;2;154;132;149;48;2;172;148;169m▀[38;2;87;66;77;48;2;115;94;104m▀[38;2;103;80;96;48;2;136;114;129m▀[38;2;96;74;89;48;2;102;79;95m▀[38;2;139;116;132;48;2;101;78;94m▀[38;2;195;172;188;48;2;98;75;91m▀[38;2;205;182;195;48;2;141;119;132m▀[38;2;210;188;197;48;2;194;173;181m▀[38;2;215;196;201;48;2;214;193;201m▀[38;2;158;146;143;48;2;213;195;200m▀[38;2;247;242;226;48;2;157;146;140m▀[38;2;254;246;229;48;2;235;216;200m▀[38;2;254;240;225;48;2;254;238;220m▀[38;2;253;240;226;48;2;255;239;222m▀[38;2;253;239;223;48;2;249;224;207m▀[38;2;255;240;226;48;2;255;240;224m▀[38;2;253;237;220;48;2;249;222;203m▀[38;2;254;247;230;48;2;254;242;226m▀[38;2;255;249;230;48;2;255;249;230m▀[38;2;255;250;230;48;2;255;251;231m▀▀▀[38;2;255;251;231m▀▀▀▀[38;2;254;251;230;48;2;244;235;215m▀[38;2;165;98;95;48;2;184;81;72m▀[38;2;192;88;75;48;2;236;137;104m▀[38;2;233;129;100;48;2;234;139;102m▀[38;2;239;135;97;48;2;248;172;150m▀[38;2;241;148;114;48;2;254;197;185m▀[38;2;245;174;153;48;2;254;198;186m▀[38;2;251;193;178m▀[38;2;252;198;184;48;2;253;199;186m▀[38;2;252;199;186;48;2;254;198;188m▀[38;2;253;198;188;48;2;255;198;190m▀[38;2;252;198;187;48;2;254;198;189m▀[38;2;253;196;183;48;2;254;198;188m▀[38;2;239;178;157;48;2;254;199;187m▀[38;2;222;201;187;48;2;215;178;167m▀[38;2;255;251;232;48;2;254;251;233m▀[48;2;255;251;232m▀▀[38;2;255;250;231;48;2;255;250;231m▀▀▀▀[38;2;255;250;230m▀▀[38;2;255;248;231;48;2;255;249;232m▀[38;2;254;247;232;48;2;253;246;231m▀[38;2;253;245;231;48;2;188;149;144m▀[38;2;162;122;119;48;2;48;22;15m▀[38;2;41;15;12;48;2;81;60;61m▀[38;2;109;87;99;48;2;217;194;208m▀[38;2;218;196;209;48;2;241;219;232m▀[38;2;241;219;232;48;2;240;218;230m▀[38;2;240;219;231;48;2;156;136;143m▀[38;2;155;139;147;48;2;81;62;71m▀[0m
[38;2;255;255;255;48;2;255;255;255m▀▀▀[38;2;152;141;140;48;2;195;189;188m▀[38;2;209;187;199;48;2;169;147;157m▀[38;2;178;161;163;48;2;177;159;162m▀[38;2;255;254;252;48;2;255;254;252m▀[38;2;255;255;253;48;2;255;255;253m▀[38;2;255;255;254;48;2;255;255;254m▀[38;2;254;254;254;48;2;254;254;254m▀▀▀[38;2;252;251;250;48;2;254;254;253m▀[38;2;133;118;124;48;2;212;207;205m▀[38;2;162;139;166;48;2;134;114;132m▀[38;2;163;139;165;48;2;163;139;165m▀[48;2;164;140;166m▀[38;2;164;140;166m▀[38;2;75;54;61;48;2;107;85;100m▀[38;2;94;73;81;48;2;79;64;60m▀[38;2;171;148;168;48;2;103;84;91m▀[38;2;125;103;116;48;2;167;144;161m▀[38;2;214;192;205;48;2;149;128;138m▀[38;2;203;180;196;48;2;240;217;232m▀[38;2;150;127;143;48;2;241;218;234m▀[38;2;112;89;105;48;2;239;217;231m▀[38;2;99;77;90;48;2;220;200;212m▀[38;2;52;30;35;48;2;165;145;152m▀[38;2;155;126;129;48;2;92;57;56m▀[38;2;176;161;159;48;2;239;212;205m▀[38;2;203;186;188;48;2;214;205;193m▀[38;2;160;142;138;48;2;191;176;164m▀[38;2;201;186;173;48;2;193;176;166m▀[38;2;243;225;211;48;2;233;214;201m▀[38;2;249;229;213;48;2;255;235;221m▀[38;2;255;239;223;48;2;255;238;223m▀[38;2;248;225;207;48;2;253;241;224m▀[38;2;253;243;227;48;2;253;247;228m▀[38;2;255;250;231;48;2;255;250;231m▀[38;2;255;251;231;48;2;255;251;231m▀▀▀▀▀▀▀[38;2;229;210;194;48;2;245;237;219m▀[38;2;224;124;95;48;2;216;126;101m▀[38;2;237;144;108;48;2;251;186;168m▀[38;2;250;186;171;48;2;255;198;187m▀[38;2;255;197;187m▀[48;2;255;197;187m▀[38;2;255;196;188m▀[38;2;255;197;187;48;2;255;198;187m▀[38;2;255;198;187m▀[38;2;255;198;188m▀[38;2;255;198;189m▀[48;2;255;198;188m▀[48;2;254;199;188m▀[38;2;255;199;190;48;2;251;198;188m▀[38;2;217;177;166;48;2;221;193;181m▀[38;2;255;249;232;48;2;255;249;233m▀[38;2;255;251;232;48;2;255;251;232m▀▀[38;2;255;250;231;48;2;255;250;231m▀▀[48;2;240;233;219m▀[48;2;178;171;159m▀[38;2;255;249;231;48;2;153;145;136m▀[38;2;254;249;231;48;2;136;127;120m▀[38;2;237;226;212;48;2;132;120;114m▀[38;2;141;110;102;48;2;135;122;115m▀[38;2;45;24;14;48;2;128;114;108m▀[38;2;56;36;30;48;2;118;101;100m▀[38;2;199;180;183;48;2;237;217;222m▀[38;2;242;221;232;48;2;175;155;163m▀[38;2;226;205;214;48;2;146;126;135m▀[38;2;148;128;137;48;2;180;159;174m▀[38;2;153;132;141;48;2;178;156;174m▀[38;2;71;51;59;48;2;82;62;71m▀[0m
[38;2;255;255;255;48;2;255;255;255m▀▀▀[38;2;244;243;242;48;2;255;254;254m▀[38;2;125;106;110;48;2;129;116;116m▀[38;2;178;160;163;48;2;203;184;187m▀[38;2;248;247;245;48;2;213;210;208m▀[38;2;255;255;253;48;2;255;255;253m▀[38;2;255;255;254;48;2;255;255;254m▀[38;2;254;254;254;48;2;254;254;254m▀▀▀▀[38;2;255;254;252m▀[38;2;172;164;165;48;2;252;252;251m▀[38;2;151;128;151;48;2;147;135;141m▀[38;2;165;140;166;48;2;156;132;155m▀[38;2;165;141;167;48;2;165;140;166m▀[38;2;145;121;144;48;2;164;140;165m▀[38;2;170;162;161;48;2;143;132;138m▀[38;2;208;204;201;48;2;254;254;252m▀[38;2;106;91;95;48;2;249;249;245m▀[38;2;116;95;106;48;2;161;156;151m▀[38;2;217;195;207;48;2;120;104;101m▀[38;2;240;217;233;48;2;239;216;231m▀[38;2;240;219;232;48;2;239;218;231m▀[38;2;239;222;232;48;2;238;220;231m▀[38;2;242;225;234;48;2;240;223;233m▀[38;2;201;181;187;48;2;242;224;234m▀[38;2;177;125;120;48;2;141;107;106m▀[38;2;253;244;230;48;2;234;214;202m▀[38;2;253;240;223;48;2;255;249;231m▀[38;2;255;239;224m▀▀[38;2;255;240;225;48;2;255;250;231m▀[38;2;254;245;228m▀[38;2;255;249;230;48;2;255;251;232m▀[38;2;255;251;232m▀[38;2;255;252;232;48;2;255;251;231m▀[38;2;255;251;231m▀▀▀▀▀▀▀[38;2;255;251;232m▀[38;2;216;178;165;48;2;254;249;232m▀[38;2;249;193;178;48;2;225;190;177m▀[38;2;254;198;186;48;2;236;186;171m▀[38;2;254;198;187;48;2;249;206;191m▀[38;2;254;199;187;48;2;253;212;199m▀[48;2;253;213;200m▀[38;2;255;198;187;48;2;254;215;202m▀[38;2;255;199;187;48;2;254;223;207m▀[38;2;255;201;188;48;2;254;231;213m▀[38;2;255;202;189;48;2;255;238;220m▀[38;2;254;207;193;48;2;254;246;226m▀[38;2;251;211;195;48;2;254;249;229m▀[38;2;236;200;185;48;2;254;249;232m▀[38;2;253;246;231;48;2;255;249;233m▀[38;2;255;250;234;48;2;255;249;232m▀[38;2;255;251;232;48;2;255;250;232m▀[48;2;255;251;233m▀[38;2;242;238;219;48;2;227;222;207m▀[38;2;157;151;137;48;2;93;80;75m▀[38;2;186;177;174;48;2;229;218;222m▀[38;2;238;227;232;48;2;241;229;235m▀[38;2;241;230;236;48;2;239;228;234m▀[38;2;240;229;235;48;2;238;227;233m▀[48;2;237;226;232m▀[38;2;238;227;233m▀[38;2;150;137;140;48;2;211;198;204m▀[38;2;148;132;134;48;2;206;191;199m▀[38;2;162;145;150;48;2;183;165;177m▀[38;2;182;163;175;48;2;182;164;177m▀[38;2;180;159;175;48;2;181;160;176m▀[38;2;179;158;176;48;2;178;157;176m▀[38;2;177;155;174;48;2;176;155;173m▀[38;2;106;86;97;48;2;127;107;119m▀[0m
[38;2;255;255;255;48;2;255;255;255m▀▀▀▀[38;2;194;189;188;48;2;252;252;251m▀[38;2;169;149;155;48;2;115;100;103m▀[38;2;188;181;179;48;2;183;171;173m▀[38;2;255;255;253;48;2;255;255;253m▀[38;2;255;255;254;48;2;255;255;254m▀[38;2;255;255;255;48;2;255;255;255m▀▀▀▀[38;2;254;254;254;48;2;254;254;254m▀▀[38;2;251;250;250m▀[38;2;150;137;145;48;2;236;234;235m▀[38;2;153;130;152;48;2;112;102;108m▀[38;2;164;140;164;48;2;139;118;137m▀[38;2;123;105;120;48;2;164;140;163m▀[38;2;226;225;224;48;2;131;123;128m▀[38;2;254;254;252;48;2;253;253;251m▀[48;2;255;255;253m▀[38;2;206;203;198;48;2;254;254;252m▀[38;2;157;138;140;48;2;191;187;183m▀[38;2;239;218;232;48;2;178;160;166m▀[38;2;239;219;231;48;2;237;217;230m▀[38;2;241;221;233;48;2;239;220;231m▀[38;2;243;223;235;48;2;241;221;233m▀[38;2;157;136;143;48;2;211;191;198m▀[38;2;119;97;91;48;2;49;27;24m▀[38;2;254;246;231;48;2;103;86;77m▀[38;2;255;249;233;48;2;214;208;194m▀[38;2;255;250;233;48;2;255;250;234m▀[38;2;255;250;230;48;2;255;250;231m▀[48;2;255;250;230m▀[38;2;255;250;231;48;2;255;250;231m▀▀▀▀▀▀▀▀▀▀▀[38;2;255;251;232;48;2;255;251;232m▀▀[38;2;254;250;233;48;2;255;250;234m▀[38;2;254;251;234m▀[38;2;255;249;233;48;2;255;250;231m▀[48;2;255;250;230m▀[38;2;254;249;233;48;2;255;250;231m▀[38;2;254;251;232;48;2;254;250;231m▀[38;2;255;252;232;48;2;255;251;231m▀▀[38;2;255;251;231;48;2;255;250;231m▀[38;2;255;249;230;48;2;246;240;223m▀[38;2;255;250;231;48;2;187;182;166m▀[38;2;255;249;232;48;2;117;108;99m▀[38;2;250;244;228;48;2;57;43;45m▀[38;2;182;175;167;48;2;74;60;81m▀[38;2;100;92;85;48;2;112;94;138m▀[38;2;58;42;48;48;2;128;112;162m▀[38;2;88;73;100;48;2;124;113;162m▀[38;2;90;74;86;48;2;123;111;155m▀[38;2;212;199;202;48;2;75;58;70m▀[38;2;240;227;233;48;2;183;170;174m▀[38;2;238;225;232;48;2;223;209;216m▀[38;2;238;224;231;48;2;200;183;191m▀[38;2;221;206;213;48;2;181;160;169m▀[38;2;192;176;186;48;2;162;142;153m▀[38;2;185;167;179;48;2;166;147;158m▀[38;2;183;164;178;48;2;168;149;161m▀[38;2;180;161;175;48;2;176;156;169m▀[38;2;172;151;167;48;2;206;185;200m▀[38;2;177;156;173;48;2;217;196;211m▀[38;2;175;154;171;48;2;224;203;218m▀[38;2;153;133;147;48;2;225;205;217m▀[0m
[38;2;255;255;255;48;2;255;255;255m▀▀▀▀[38;2;254;254;254m▀[38;2;206;202;201;48;2;254;254;254m▀[38;2;119;101;105;48;2;155;148;149m▀[38;2;228;225;223;48;2;132;120;122m▀[38;2;255;255;254;48;2;253;254;252m▀[38;2;255;255;255;48;2;255;255;255m▀▀▀▀[38;2;254;254;254;48;2;254;254;254m▀[48;2;253;253;253m▀[38;2;250;250;250;48;2;149;145;147m▀[38;2;134;131;132;48;2;229;226;228m▀[38;2;246;244;245;48;2;255;253;255m▀[38;2;215;211;214;48;2;254;253;254m▀[38;2;136;122;133;48;2;253;251;252m▀[38;2;132;114;129;48;2;198;194;196m▀[38;2;154;149;151;48;2;139;132;132m▀[38;2;254;254;252;48;2;150;146;143m▀[38;2;255;255;253;48;2;255;255;253m▀[38;2;254;254;252;48;2;226;225;223m▀[38;2;149;140;139;48;2;77;65;68m▀[38;2;157;139;148;48;2;90;70;79m▀[38;2;235;218;228;48;2;134;115;125m▀[38;2;239;219;231;48;2;228;208;219m▀[38;2;242;221;231;48;2;240;220;232m▀[38;2;134;114;117;48;2;199;178;185m▀[38;2;157;134;136;48;2;153;131;136m▀[38;2;81;58;58;48;2;196;173;182m▀[38;2;89;73;66;48;2;110;88;92m▀[38;2;160;150;137;48;2;53;31;34m▀[38;2;223;218;202;48;2;38;16;16m▀[38;2;254;249;231;48;2;61;44;40m▀[38;2;255;250;232;48;2;99;89;80m▀[38;2;255;249;232;48;2;133;126;112m▀[38;2;255;249;233;48;2;165;159;146m▀[38;2;255;250;232;48;2;186;180;166m▀[38;2;255;250;231;48;2;211;207;193m▀[48;2;230;225;211m▀[48;2;238;231;217m▀[48;2;239;232;219m▀[48;2;238;232;218m▀[48;2;236;228;215m▀[48;2;227;219;205m▀[48;2;208;200;186m▀[38;2;255;250;234;48;2;185;177;161m▀[48;2;164;156;143m▀[38;2;255;250;232;48;2;131;123;108m▀[38;2;255;251;232;48;2;99;92;78m▀[38;2;255;249;231;48;2;69;54;41m▀[38;2;244;237;219;48;2;76;44;37m▀[38;2;193;187;171;48;2;47;29;21m▀[38;2;146;135;123;48;2;60;40;37m▀[38;2;93;77;67;48;2;54;31;32m▀[38;2;47;31;26;48;2;91;73;99m▀[38;2;74;61;77;48;2;114;101;142m▀[38;2;106;91;129;48;2;125;115;161m▀[38;2;126;114;161;48;2;123;114;162m▀[38;2;126;114;164;48;2;126;114;164m▀[38;2;127;113;164m▀[38;2;126;114;164;48;2;103;87;123m▀[38;2;108;97;138;48;2;136;119;125m▀[38;2;58;41;54;48;2;216;198;203m▀[38;2;66;49;47;48;2;241;222;228m▀[38;2;106;90;91;48;2;240;221;228m▀[38;2;173;158;161;48;2;238;220;227m▀[38;2;190;174;181;48;2;238;219;228m▀[38;2;211;191;200;48;2;239;219;228m▀[38;2;235;215;225m▀[38;2;239;219;230;48;2;236;216;228m▀[38;2;237;217;229;48;2;233;213;224m▀[38;2;235;215;228;48;2;187;168;180m▀[38;2;236;215;230;48;2;146;129;141m▀[38;2;234;213;228;48;2;115;98;123m▀[38;2;216;196;209;48;2;97;82;110m▀[38;2;170;150;162;48;2;167;148;161m▀[0m
[38;2;255;255;255;48;2;255;255;255m▀▀▀▀▀▀[38;2;253;253;253m▀[38;2;138;128;130;48;2;254;254;253m▀[38;2;143;134;135;48;2;178;170;172m▀[38;2;252;251;251;48;2;108;97;99m▀[38;2;255;255;255;48;2;177;170;171m▀[48;2;221;218;218m▀[48;2;226;222;223m▀[38;2;254;254;254;48;2;145;141;142m▀[38;2;169;167;167;48;2;233;231;232m▀[38;2;226;223;225;48;2;255;253;255m▀[38;2;255;253;255m▀[38;2;254;254;254;48;2;254;254;254m▀▀[48;2;253;252;252m▀[38;2;255;253;255;48;2;182;179;181m▀[38;2;255;253;253;48;2;235;233;234m▀[38;2;255;254;251;48;2;253;252;251m▀[38;2;243;242;240;48;2;151;144;145m▀[38;2;131;122;123;48;2;220;204;211m▀[38;2;203;185;193;48;2;230;212;223m▀[38;2;105;85;101;48;2;182;162;176m▀[38;2;100;78;96;48;2;104;83;101m▀[38;2;88;69;76;48;2;142;126;139m▀[38;2;176;158;166;48;2;195;183;192m▀[38;2;223;204;212;48;2;197;185;192m▀[38;2;163;142;147;48;2;157;142;150m▀[38;2;168;146;154;48;2;134;118;124m▀[38;2;113;90;97;48;2;153;135;141m▀[38;2;108;85;94;48;2;164;150;158m▀[38;2;86;64;73;48;2;160;148;157m▀[38;2;82;68;87;48;2;150;140;153m▀[38;2;103;91;116;48;2;180;167;187m▀[38;2;87;74;94;48;2;189;182;198m▀[38;2;103;89;108;48;2;207;200;216m▀[38;2;146;135;141;48;2;178;171;191m▀[38;2;143;134;134;48;2;198;192;210m▀[38;2;98;88;86;48;2;190;183;203m▀[38;2;56;43;50;48;2;150;138;177m▀[38;2;53;41;48;48;2;124;113;158m▀[38;2;54;41;48;48;2;124;115;160m▀[38;2;55;42;49;48;2;125;114;159m▀[38;2;50;38;40;48;2;92;76;96m▀[38;2;32;19;10;48;2;82;63;65m▀[38;2;32;15;7;48;2;152;126;130m▀[38;2;59;41;38;48;2;174;147;155m▀[38;2;107;88;85;48;2;168;138;148m▀[38;2;143;85;81;48;2;201;119;120m▀[38;2;230;136;138;48;2;235;140;141m▀[38;2;205;124;128;48;2;165;112;119m▀[38;2;140;111;119;48;2;178;150;161m▀[38;2;176;150;160;48;2;180;152;165m▀[38;2;177;152;160;48;2;183;155;167m▀[38;2;176;150;160;48;2;183;156;168m▀[38;2;144;120;131;48;2;118;93;104m▀[38;2;81;60;70;48;2;125;100;111m▀[38;2;100;84;111;48;2;92;69;80m▀[38;2;124;115;162;48;2;103;89;106m▀[38;2;125;114;164;48;2;110;97;135m▀[38;2;108;86;93;48;2;107;85;94m▀[38;2;239;219;229;48;2;238;218;227m▀[48;2;237;217;229m▀[38;2;240;219;230;48;2;236;217;230m▀[38;2;237;219;230;48;2;234;217;228m▀[38;2;235;219;229;48;2;232;216;227m▀[38;2;235;218;229;48;2;226;208;220m▀[38;2;237;218;229;48;2;152;135;153m▀[38;2;218;198;210;48;2;111;97;137m▀[38;2;152;134;152;48;2;127;114;165m▀[38;2;115;97;131;48;2;127;115;169m▀[38;2;121;109;153;48;2;127;117;166m▀[38;2;133;118;165;48;2;130;119;162m▀[38;2;132;120;166;48;2;132;120;166m▀[38;2;135;122;165;48;2;135;123;169m▀[38;2;147;128;142;48;2;125;107;127m▀[0m
[38;2;255;255;255;48;2;255;255;255m▀▀▀▀▀▀▀▀[38;2;254;254;254m▀[38;2;248;247;248;48;2;254;254;254m▀[38;2;198;195;196;48;2;236;235;235m▀[38;2;154;148;150;48;2;196;194;195m▀[38;2;123;113;117;48;2;254;252;253m▀[38;2;176;173;174;48;2;255;255;255m▀[38;2;254;254;254m▀[48;2;254;254;254m▀[38;2;254;255;255;48;2;253;253;253m▀[38;2;254;254;254;48;2;170;166;167m▀[38;2;220;217;218;48;2;136;127;131m▀[38;2;92;81;85;48;2;172;164;167m▀[38;2;175;170;172;48;2;254;253;254m▀[38;2;254;253;254;48;2;254;252;254m▀[38;2;186;181;182;48;2;167;157;160m▀[38;2;208;192;198;48;2;228;212;219m▀[38;2;228;211;220;48;2;228;211;221m▀[38;2;229;211;222m▀[38;2;229;212;222;48;2;229;212;222m▀[38;2;193;172;187;48;2;228;210;221m▀[38;2;166;150;164;48;2;203;184;197m▀[38;2;187;175;186;48;2;203;190;202m▀[38;2;246;239;245;48;2;205;194;204m▀[38;2;243;233;242;48;2;232;217;228m▀[38;2;238;226;234;48;2;231;215;226m▀[38;2;219;209;214;48;2;213;201;209m▀[38;2;174;167;180;48;2;108;99;129m▀[38;2;186;178;201;48;2;125;114;163m▀[38;2;182;172;195;48;2;126;117;161m▀[38;2;154;141;174;48;2;128;116;160m▀[38;2;116;106;133;48;2;104;90;125m▀[38;2;127;115;162;48;2;127;112;164m▀[38;2;125;113;162;48;2;126;112;164m▀[38;2;124;113;163;48;2;125;112;164m▀[38;2;124;113;164;48;2;122;111;158m▀[38;2;126;113;159;48;2;106;93;128m▀[38;2;102;88;114;48;2;155;136;144m▀[38;2;107;91;110;48;2;183;160;170m▀[38;2;75;55;66;48;2;137;112;120m▀[38;2;83;60;65;48;2;156;131;137m▀[38;2;139;117;122;48;2;195;182;186m▀[38;2;177;149;160;48;2;163;139;148m▀[38;2;169;140;154;48;2;118;91;103m▀[38;2;141;110;118;48;2;105;76;82m▀[38;2;203;129;125;48;2;194;129;123m▀[38;2;199;124;124;48;2;125;82;87m▀[38;2;156;130;136;48;2;110;85;92m▀[38;2;178;153;163;48;2;164;141;150m▀[38;2;182;155;167;48;2;190;164;175m▀[38;2;188;160;172;48;2;146;119;131m▀[38;2;130;103;114;48;2;117;90;101m▀[38;2;126;99;111;48;2;122;98;109m▀[38;2;122;98;108;48;2;184;165;173m▀[38;2;170;151;160;48;2;177;165;172m▀[38;2;208;191;203;48;2;212;200;212m▀[38;2;100;84;108;48;2;181;167;178m▀[38;2;100;78;95;48;2;52;33;45m▀[38;2;235;214;225;48;2;205;184;195m▀[38;2;233;216;229;48;2;231;214;227m▀[38;2;232;216;229;48;2;230;214;227m▀[38;2;231;215;229;48;2;210;195;208m▀[38;2;202;186;194;48;2;115;101;131m▀[38;2;119;105;128;48;2;124;114;162m▀[38;2;91;77;102;48;2;115;107;145m▀[38;2;130;115;167;48;2;103;90;128m▀[38;2;126;115;168;48;2;126;116;168m▀[38;2;127;116;166;48;2;128;116;166m▀[38;2;129;117;164;48;2;132;119;165m▀[38;2;132;119;165;48;2;133;121;167m▀[38;2;132;122;167;48;2;133;124;169m▀[38;2;134;124;170;48;2;135;126;171m▀[38;2;109;94;123;48;2;130;118;158m▀[0m
[38;2;255;255;255;48;2;255;255;255m▀▀▀▀▀▀▀▀[38;2;254;254;254;48;2;214;214;214m▀[38;2;221;221;221;48;2;222;222;222m▀[38;2;210;210;210;48;2;254;254;254m▀[38;2;254;254;254m▀▀▀[48;2;234;234;234m▀[38;2;243;242;243;48;2;170;168;169m▀[38;2;152;150;151;48;2;248;246;247m▀[38;2;213;211;212;48;2;223;221;222m▀[38;2;193;189;190;48;2;217;216;216m▀[38;2;250;248;249;48;2;254;254;254m▀[38;2;254;254;254m▀[38;2;255;253;254;48;2;255;253;254m▀[38;2;223;219;221;48;2;254;253;252m▀[38;2;183;173;177;48;2;238;237;240m▀[38;2;197;183;190;48;2;161;159;181m▀[38;2;229;213;221;48;2;121;115;141m▀[38;2;228;211;221;48;2;120;110;132m▀[38;2;181;163;174;48;2;93;79;94m▀[38;2;166;146;158;48;2;108;91;103m▀[38;2;165;145;160;48;2;194;175;189m▀[38;2;154;134;148;48;2;213;192;207m▀[38;2;167;150;162;48;2;180;160;174m▀[38;2;230;214;225;48;2;111;94;105m▀[38;2;231;216;226;48;2;174;158;170m▀[38;2;140;125;143;48;2;204;189;199m▀[38;2;125;113;160;48;2;130;118;139m▀[38;2;125;115;164;48;2;104;93;119m▀[38;2;128;115;164;48;2;94;82;110m▀[38;2;104;91;124;48;2;87;76;99m▀[38;2;124;114;162;48;2;113;104;138m▀[38;2;124;114;163;48;2;106;101;117m▀[38;2;115;102;142;48;2;169;164;165m▀[38;2;103;88;107;48;2;245;242;240m▀[38;2;169;156;160;48;2;255;253;252m▀[38;2;162;145;149;48;2;238;234;234m▀[38;2;187;164;176;48;2;172;157;161m▀[38;2;144;120;131;48;2;101;77;83m▀[38;2;143;118;125;48;2;111;84;91m▀[38;2;148;126;133;48;2;147;122;129m▀[38;2;166;140;148;48;2;167;149;154m▀[38;2;139;107;105;48;2;152;132;121m▀[38;2;99;68;62;48;2;123;87;61m▀[38;2;103;68;66;48;2;115;84;89m▀[38;2;103;72;75;48;2;95;68;57m▀[38;2;160;129;133;48;2;112;85;67m▀[38;2;137;112;117;48;2;168;143;117m▀[38;2;148;125;135;48;2;107;84;71m▀[38;2;137;111;122;48;2;122;96;100m▀[38;2;157;131;142;48;2;172;158;165m▀[38;2;194;182;189;48;2;209;204;208m▀[38;2;208;201;205;48;2;196;192;195m▀[38;2;250;248;250;48;2;253;250;253m▀[38;2;249;245;249;48;2;194;187;194m▀[38;2;148;135;145;48;2;48;36;44m▀[38;2;33;21;28;48;2;102;92;99m▀[38;2;143;124;132;48;2;153;140;146m▀[38;2;232;213;225;48;2;201;183;193m▀[38;2;230;212;226;48;2;213;196;206m▀[38;2;144;133;142;48;2;182;175;180m▀[38;2;107;94;119;48;2;234;231;233m▀[38;2;126;114;160;48;2;134;125;139m▀[38;2;121;117;160;48;2;109;99;136m▀[38;2;105;96;132;48;2;124;118;161m▀[38;2;123;110;157;48;2;105;92;129m▀[38;2;130;117;166;48;2;131;118;167m▀[38;2;133;120;166;48;2;134;121;167m▀[38;2;134;122;168;48;2;132;123;168m▀[38;2;133;124;169;48;2;110;101;134m▀[38;2;136;127;172;48;2;138;129;174m▀[38;2;139;130;175;48;2;141;132;177m▀[0m
[38;2;255;255;255;48;2;255;255;255m▀▀▀▀▀[48;2;254;254;254m▀[38;2;254;254;254;48;2;201;201;201m▀[38;2;204;204;204;48;2;243;243;243m▀[38;2;234;234;234;48;2;255;255;255m▀[38;2;255;255;255m▀[38;2;254;254;254m▀[48;2;254;254;254m▀[48;2;239;238;239m▀[38;2;232;231;231;48;2;144;140;143m▀[38;2;184;183;183;48;2;253;253;253m▀[38;2;253;252;253;48;2;255;255;255m▀[38;2;254;253;253;48;2;217;216;217m▀[38;2;192;191;191;48;2;234;233;234m▀[38;2;254;254;254;48;2;255;254;255m▀▀[48;2;254;253;254m▀[38;2;254;253;254;48;2;214;213;225m▀[38;2;223;221;229;48;2;165;164;193m▀[38;2;161;160;187;48;2;158;160;191m▀[38;2;152;152;185;48;2;156;156;188m▀[38;2;148;146;181;48;2;151;149;183m▀[38;2;139;133;163;48;2;138;125;146m▀[38;2;149;136;149;48;2;227;211;222m▀[38;2;224;208;220;48;2;216;200;212m▀[38;2;228;210;224;48;2;151;137;157m▀[38;2;225;206;220;48;2;114;103;134m▀[38;2;173;155;164;48;2;133;122;162m▀[38;2;116;99;111;48;2;135;125;167m▀[38;2;117;98;129;48;2;131;121;166m▀[38;2;124;109;150;48;2;131;120;165m▀[38;2;114;101;139;48;2;129;117;163m▀[38;2;100;89;113;48;2;121;112;141m▀[38;2;225;223;222;48;2;254;253;254m▀[38;2;138;134;126;48;2;251;251;250m▀[38;2;172;168;161;48;2;179;175;172m▀[38;2;252;249;249;48;2;216;212;212m▀[38;2;238;234;237;48;2;226;218;223m▀[38;2;232;225;230;48;2;197;183;193m▀[38;2;248;245;246;48;2;197;183;194m▀[38;2;254;253;253;48;2;218;210;215m▀[38;2;204;196;195;48;2;94;81;80m▀[38;2;83;62;61;48;2;114;102;99m▀[38;2;138;121;122;48;2;252;251;248m▀[38;2;152;131;114;48;2;166;149;105m▀[38;2;205;190;142;48;2;249;230;148m▀[38;2;198;179;129;48;2;238;217;143m▀[38;2;148;127;85;48;2;182;147;94m▀[38;2;150;130;93;48;2;185;166;113m▀[38;2;207;185;123;48;2;220;199;129m▀[38;2;244;225;148;48;2;246;226;147m▀[38;2;238;221;141;48;2;200;180;114m▀[38;2;109;91;65;48;2;198;187;183m▀[38;2;152;141;142;48;2;251;250;250m▀[38;2;253;251;253;48;2;254;253;254m▀[38;2;195;192;195;48;2;221;219;221m▀[38;2;189;185;188;48;2;192;187;191m▀[38;2;211;206;210;48;2;166;156;162m▀[38;2;113;105;112;48;2;74;64;72m▀[38;2;77;67;75;48;2;157;147;155m▀[38;2;179;168;176;48;2;217;212;217m▀[38;2;208;200;206;48;2;251;248;252m▀[38;2;194;185;190;48;2;220;213;221m▀[38;2;191;175;180;48;2;195;188;194m▀[38;2;159;151;153;48;2;113;102;104m▀[38;2;254;253;255;48;2;161;153;152m▀[38;2;254;252;254;48;2;197;192;189m▀[38;2;179;175;178;48;2;116;107;113m▀[38;2;108;99;133;48;2;124;115;153m▀[38;2;113;103;140;48;2;130;121;162m▀[38;2;126;112;156;48;2;112;99;137m▀[38;2;134;122;168;48;2;136;124;170m▀[38;2;135;124;170;48;2;137;125;172m▀[38;2;111;105;136;48;2;138;130;174m▀[38;2;125;116;153;48;2;110;96;126m▀[38;2;142;134;179;48;2;143;134;177m▀[0m
[38;2;255;255;255;48;2;255;255;255m▀▀▀▀[38;2;253;253;253;48;2;202;202;202m▀[38;2;199;199;199;48;2;247;247;247m▀[38;2;248;248;248;48;2;255;255;255m▀[38;2;255;255;255m▀▀▀[48;2;255;254;255m▀[38;2;248;247;247;48;2;169;160;167m▀[38;2;142;131;141;48;2;136;113;133m▀[38;2;164;153;165;48;2;165;153;165m▀[38;2;254;254;255;48;2;255;253;255m▀[38;2;254;254;254;48;2;230;229;231m▀[38;2;198;197;199;48;2;224;223;226m▀[38;2;254;253;254;48;2;254;254;254m▀[38;2;255;254;255m▀[38;2;255;253;255;48;2;239;236;243m▀[38;2;220;218;230;48;2;182;181;205m▀[38;2;175;173;201;48;2;177;177;205m▀[38;2;168;167;197;48;2;173;172;203m▀[38;2;164;164;195;48;2;168;167;197m▀[38;2;160;160;193;48;2;171;171;202m▀[38;2;161;155;188;48;2;161;155;186m▀[38;2;171;156;169;48;2;167;152;165m▀[38;2;191;176;188;48;2;135;124;149m▀[38;2;128;117;141;48;2;148;140;179m▀[38;2;142;135;173;48;2;141;135;176m▀[38;2;138;130;174;48;2;140;132;175m▀[38;2;135;128;171;48;2;138;129;172m▀[38;2;134;125;170;48;2;136;127;172m▀[38;2;132;123;168;48;2;134;125;170m▀[38;2;133;121;167;48;2;133;121;167m▀[38;2;130;118;164;48;2;123;114;143m▀[38;2;122;110;136;48;2;212;204;214m▀[38;2;231;223;232;48;2;217;208;218m▀[38;2;252;250;251;48;2;211;200;211m▀[38;2;254;254;252;48;2;219;212;220m▀[38;2;205;203;200;48;2;229;223;228m▀[38;2;164;159;160;48;2;224;220;222m▀[38;2;245;239;244;48;2;149;140;147m▀[38;2;252;253;255;48;2;186;179;184m▀[38;2;233;231;231;48;2;165;158;158m▀[38;2;50;35;33;48;2;57;47;45m▀[38;2;190;187;182;48;2;244;242;240m▀[38;2;254;254;253;48;2;254;253;254m▀[38;2;177;162;125;48;2;188;178;162m▀[38;2;245;223;140;48;2;234;210;133m▀[38;2;248;232;153;48;2;229;211;140m▀[38;2;167;151;100;48;2;101;78;60m▀[38;2;89;70;50;48;2;112;83;71m▀[38;2;245;230;151;48;2;179;161;104m▀[38;2;241;221;141;48;2;204;184;124m▀[38;2;176;159;125;48;2;143;129;95m▀[38;2;254;253;249;48;2;208;202;198m▀[38;2;255;254;255;48;2;255;253;254m▀[48;2;255;255;255m▀[38;2;244;241;243;48;2;251;248;250m▀[38;2;147;138;143;48;2;58;45;52m▀[38;2;98;87;93;48;2;70;62;69m▀[38;2;117;107;115;48;2;137;129;136m▀[38;2;207;201;206;48;2;249;246;249m▀[38;2;252;251;252;48;2;226;223;227m▀[38;2;204;201;206;48;2;245;242;245m▀[38;2;223;217;224;48;2;210;201;201m▀[38;2;249;247;248;48;2;182;147;144m▀[38;2;224;217;215;48;2;203;142;134m▀[38;2;170;138;135;48;2;245;170;155m▀[38;2;193;131;130;48;2;202;139;129m▀[38;2;107;82;97;48;2;107;92;124m▀[38;2;131;122;170;48;2;133;124;171m▀[38;2;132;123;167;48;2;135;124;171m▀[38;2;116;103;141;48;2;128;116;158m▀[38;2;137;127;170;48;2;130;122;161m▀[38;2;140;130;175;48;2;141;133;176m▀[38;2;141;132;176;48;2;144;135;180m▀[38;2;135;125;163;48;2;148;139;182m▀[38;2;129;117;153;48;2;126;112;142m▀[0m
[38;2;255;255;255;48;2;255;255;255m▀▀▀[38;2;238;238;238;48;2;228;228;228m▀[38;2;214;214;214;48;2;225;225;225m▀[38;2;255;255;255;48;2;255;255;255m▀▀▀▀▀[38;2;224;221;224;48;2;167;153;166m▀[38;2;133;111;130;48;2;138;113;137m▀[38;2;138;115;136;48;2;138;114;137m▀[38;2;143;129;143;48;2;129;109;128m▀[38;2;255;253;255;48;2;219;215;220m▀[38;2;187;185;188;48;2;207;205;209m▀[38;2;253;252;253;48;2;223;222;224m▀[38;2;254;254;254;48;2;254;254;254m▀[48;2;247;247;248m▀[38;2;207;204;222;48;2;195;193;217m▀[38;2;184;184;208;48;2;189;189;213m▀[38;2;181;181;209;48;2;185;185;211m▀[38;2;177;176;207;48;2;184;183;211m▀[38;2;178;178;203;48;2;207;208;226m▀[38;2;179;179;206;48;2;171;171;199m▀[38;2;165;161;190;48;2;167;166;195m▀[38;2;123;111;125;48;2;142;136;159m▀[38;2;156;148;182;48;2;161;155;187m▀[38;2;150;144;182;48;2;175;171;198m▀[38;2;148;141;181;48;2;205;202;221m▀[38;2;144;136;178;48;2;149;141;178m▀[38;2;141;132;175;48;2;145;137;177m▀[38;2;139;130;174;48;2;142;133;176m▀[38;2;136;127;171;48;2;139;130;174m▀[38;2;128;118;160;48;2;137;127;171m▀[38;2;183;178;186;48;2;114;106;136m▀[38;2;254;253;254;48;2;132;124;131m▀[38;2;254;254;254;48;2;184;179;180m▀[48;2;229;227;225m▀[48;2;246;245;243m▀[48;2;252;251;248m▀[38;2;254;253;253;48;2;247;245;244m▀[38;2;251;249;250;48;2;219;216;217m▀[38;2;153;147;148;48;2;72;59;65m▀[38;2;105;94;94;48;2;139;129;129m▀[38;2;98;91;90;48;2;141;135;134m▀[38;2;254;253;253;48;2;254;252;253m▀[38;2;217;215;211;48;2;191;181;175m▀[38;2;148;136;106;48;2;176;157;112m▀[38;2;172;151;97;48;2;152;132;89m▀[38;2;156;135;91;48;2;195;177;126m▀[38;2;120;92;81;48;2;143;111;123m▀[38;2;128;91;84;48;2;138;105;112m▀[38;2;169;135;93;48;2;167;147;93m▀[38;2;136;116;79;48;2;161;147;104m▀[38;2;162;143;96;48;2;174;160;155m▀[38;2;183;172;164;48;2;224;214;223m▀[38;2;254;251;253;48;2;240;234;239m▀[38;2;254;254;254;48;2;254;252;253m▀[38;2;244;241;243;48;2;170;167;168m▀[38;2;70;64;68;48;2;78;72;84m▀[38;2;94;87;108;48;2;126;115;160m▀[38;2;156;148;155;48;2;90;74;86m▀[38;2;215;210;211;48;2;166;114;112m▀[38;2;175;161;157;48;2;241;168;162m▀[38;2;173;132;125;48;2;239;168;157m▀[38;2;220;153;144;48;2;242;169;154m▀[38;2;244;169;159;48;2;243;169;156m▀[38;2;244;170;156;48;2;242;168;154m▀[38;2;237;163;149;48;2;142;101;111m▀[38;2;116;89;106;48;2;136;127;168m▀[38;2;134;126;170;48;2;139;130;172m▀[38;2;136;127;172;48;2;141;132;174m▀[38;2;139;129;175;48;2;143;134;177m▀[38;2;140;131;174;48;2;145;137;179m▀[38;2;127;117;154;48;2;130;122;156m▀[38;2;150;143;182;48;2;150;144;181m▀[38;2;190;184;210;48;2;154;150;184m▀[38;2;150;143;184;48;2;154;152;189m▀[38;2;135;123;158;48;2;147;138;174m▀[0m
[38;2;255;255;255;48;2;255;255;255m▀▀▀[38;2;254;254;254m▀[38;2;196;196;196;48;2;252;252;252m▀[38;2;249;249;249;48;2;199;199;199m▀[38;2;255;255;255;48;2;240;240;240m▀[48;2;255;255;255m▀▀[38;2;250;247;249;48;2;233;229;232m▀[38;2;134;113;133;48;2;132;110;129m▀[38;2;138;113;140;48;2;138;114;139m▀[38;2;139;113;139;48;2;138;114;140m▀[38;2;138;114;138m▀[38;2;143;126;143;48;2;137;113;138m▀[38;2;241;239;242;48;2;144;129;144m▀[38;2;174;171;176;48;2;172;167;174m▀[38;2;254;254;254;48;2;217;214;217m▀[38;2;243;243;245;48;2;249;248;250m▀[38;2;199;198;222;48;2;200;201;224m▀[38;2;193;194;216;48;2;211;214;228m▀[38;2;195;196;218;48;2;244;248;250m▀[38;2;231;233;243;48;2;207;208;225m▀[38;2;188;188;211;48;2;183;183;209m▀[38;2;175;175;202;48;2;181;179;207m▀[38;2;170;169;198;48;2;176;173;202m▀[38;2;167;165;196;48;2;161;157;189m▀[38;2;160;160;191;48;2;158;157;189m▀[38;2;184;184;206;48;2;161;161;191m▀[38;2;207;205;220;48;2;156;157;187m▀[38;2;151;145;180;48;2;166;166;195m▀[38;2;148;141;178;48;2;151;146;183m▀[38;2;145;137;179;48;2;148;142;181m▀[38;2;142;134;176;48;2;148;140;181m▀[38;2;140;131;173;48;2;132;125;161m▀[38;2;109;101;134;48;2;115;105;135m▀[38;2;128;115;147;48;2;141;133;170m▀[38;2;67;52;59;48;2;121;112;139m▀[38;2;86;57;47;48;2;196;139;130m▀[38;2;115;75;66;48;2;243;171;157m▀[38;2;159;112;104;48;2;247;177;164m▀[38;2;176;121;119;48;2;245;213;197m▀[38;2;94;64;76;48;2;135;113;120m▀[38;2;93;80;103;48;2;93;79;97m▀[38;2;94;79;81;48;2;110;90;87m▀[38;2;172;166;166;48;2;153;139;144m▀[38;2;231;223;230;48;2;207;191;208m▀[38;2;210;197;210;48;2;208;192;211m▀[38;2;169;154;159;48;2;208;192;207m▀[38;2;151;132;105;48;2;140;121;131m▀[38;2;113;87;73;48;2;120;95;105m▀[38;2;144;112;126;48;2;102;76;83m▀[38;2;139;111;122;48;2;122;96;105m▀[38;2;103;86;75;48;2;146;126;139m▀[38;2;175;159;168;48;2;209;192;212m▀[38;2;208;190;211;48;2;208;189;213m▀[38;2;206;191;211;48;2;208;190;212m▀[38;2;205;191;207;48;2;206;191;210m▀[38;2;210;198;208;48;2;132;115;127m▀[38;2;77;69;71;48;2;105;88;91m▀[38;2;83;76;96;48;2;100;85;112m▀[38;2;124;115;160;48;2;100;88;117m▀[38;2;123;112;112;48;2;228;220;209m▀[38;2;251;245;225;48;2;255;249;229m▀[38;2;251;246;226;48;2;255;250;230m▀[38;2;250;240;222;48;2;253;250;230m▀[38;2;249;226;208;48;2;238;211;192m▀[38;2;240;181;169;48;2;143;110;123m▀[38;2;150;110;121;48;2;140;132;170m▀[38;2;137;129;170;48;2;143;136;177m▀[38;2;141;133;174;48;2;146;138;180m▀[38;2;143;135;176;48;2;165;158;192m▀[38;2;145;137;178;48;2;149;141;180m▀[38;2;155;147;185;48;2;228;225;236m▀[38;2;150;143;181;48;2;187;184;206m▀[38;2;134;127;161;48;2;138;133;166m▀[38;2;152;149;185;48;2;155;155;189m▀[38;2;154;154;189;48;2;158;158;193m▀[38;2;157;157;193;48;2;163;163;199m▀[38;2;150;144;179;48;2;153;145;179m▀[0m
[38;2;255;255;255;48;2;255;255;255m▀▀▀▀▀[38;2;254;254;254m▀[38;2;215;215;215;48;2;254;254;254m▀[38;2;209;209;209;48;2;246;246;246m▀[38;2;253;253;253;48;2;206;206;206m▀[38;2;238;234;237;48;2;205;202;205m▀[38;2;132;110;130;48;2;143;121;141m▀[38;2;138;114;139;48;2;138;114;136m▀[38;2;138;114;140;48;2;138;114;138m▀[48;2;138;114;140m▀▀[38;2;136;114;138m▀[38;2;126;105;127m▀[38;2;122;109;123;48;2;136;115;137m▀[38;2;221;218;222;48;2;223;218;224m▀[38;2;236;237;243;48;2;253;254;255m▀[38;2;250;253;253;48;2;235;236;241m▀[38;2;223;226;235;48;2;202;200;222m▀[38;2;192;192;216;48;2;199;196;223m▀[38;2;188;188;213;48;2;173;170;193m▀[38;2;177;173;201;48;2;171;168;191m▀[38;2;156;149;179;48;2;184;184;208m▀[38;2;170;167;196;48;2;182;181;206m▀[38;2;171;169;200;48;2;177;174;203m▀[38;2;165;166;196;48;2;171;170;201m▀[38;2;161;162;192;48;2;166;165;196m▀[38;2;184;184;209;48;2;164;162;195m▀[38;2;157;153;188;48;2;159;157;190m▀[38;2;153;148;186;48;2;149;148;180m▀[38;2;143;137;169;48;2;69;51;66m▀[38;2;111;99;124;48;2;151;141;177m▀[38;2;152;147;178;48;2;151;147;183m▀[38;2;152;146;182;48;2;149;144;182m▀[38;2;145;138;175;48;2;149;142;181m▀[38;2;125;98;115;48;2;149;140;177m▀[38;2;237;184;168;48;2;132;119;122m▀[38;2;253;242;223;48;2;251;245;228m▀[38;2;255;248;229;48;2;254;251;233m▀[38;2;151;138;133;48;2;157;145;137m▀[38;2;172;161;162;48;2;123;106;111m▀[38;2;163;131;91;48;2;121;87;64m▀[38;2;138;123;120;48;2;57;35;41m▀[38;2;104;84;100;48;2;48;32;48m▀[38;2;73;56;70;48;2;48;33;47m▀[38;2;52;35;49m▀[38;2;46;28;40m▀[38;2;50;29;41m▀[38;2;47;28;39;48;2;47;33;47m▀[38;2;47;28;38m▀[38;2;49;31;44;48;2;48;32;47m▀[38;2;68;50;64;48;2;49;32;48m▀[38;2;90;72;87m▀[38;2;123;105;120m▀[38;2;147;128;132;48;2;81;60;57m▀[38;2;157;125;100;48;2;154;115;74m▀[38;2;120;101;102;48;2;118;97;105m▀[38;2;100;82;103;48;2;79;60;66m▀[38;2;144;133;135;48;2;228;220;211m▀[38;2;255;247;232;48;2;254;250;234m▀[38;2;255;248;230;48;2;253;247;231m▀[38;2;255;249;231;48;2;197;170;166m▀[38;2;219;193;182;48;2;136;118;142m▀[38;2;138;112;125;48;2;153;148;184m▀[38;2;149;141;174;48;2;153;149;184m▀[38;2;149;142;177;48;2;154;149;185m▀[38;2;150;143;181;48;2;156;150;187m▀[38;2;152;144;184;48;2;155;153;191m▀[38;2;170;163;195;48;2;156;156;190m▀[38;2;155;148;184;48;2;160;158;192m▀[38;2;166;159;193;48;2;163;159;194m▀[38;2;161;157;186;48;2;166;161;195m▀[38;2;143;139;164;48;2;147;143;172m▀[38;2;162;162;193;48;2;170;168;198m▀[38;2;165;164;197;48;2;174;170;201m▀[38;2;169;168;199;48;2;169;166;189m▀[38;2;190;183;200;48;2;243;242;243m▀[0m
[?25h