[?25l[0m[38;2;228;113;118;48;2;228;113;118m▀▀▀[38;2;227;113;117;48;2;205;98;100m▀[38;2;224;118;117;48;2;136;45;53m▀[38;2;180;83;88;48;2;163;68;76m▀[38;2;137;46;62;48;2;198;95;105m▀[38;2;124;34;58;48;2;222;113;123m▀[38;2;158;61;81;48;2;225;114;124m▀[38;2;184;79;94;48;2;227;113;121m▀[38;2;208;98;109;48;2;227;112;118m▀[38;2;223;111;121;48;2;227;112;117m▀[38;2;227;111;120;48;2;227;111;120m▀[38;2;227;112;118;48;2;227;112;118m▀[38;2;227;113;114;48;2;227;112;116m▀[38;2;227;113;113;48;2;227;112;115m▀[48;2;226;114;115m▀[48;2;229;114;115m▀[38;2;225;113;114;48;2;195;88;94m▀[38;2;225;113;118;48;2;126;34;47m▀[38;2;186;84;92;48;2;189;87;97m▀[38;2;175;75;86;48;2;226;113;123m▀[38;2;202;93;103;48;2;226;112;118m▀[38;2;226;111;117;48;2;228;113;118m▀[38;2;227;112;117;48;2;229;113;118m▀[38;2;223;108;113;48;2;231;113;119m▀[38;2;208;95;99m▀[38;2;188;81;86;48;2;230;113;118m▀[38;2;168;67;79;48;2;229;115;121m▀[38;2;189;85;96;48;2;207;100;109m▀[38;2;226;116;122;48;2;175;72;82m▀[38;2;229;115;119;48;2;220;112;116m▀[38;2;230;114;114;48;2;229;114;114m▀[38;2;232;114;114;48;2;232;114;114m▀▀▀[38;2;231;112;114;48;2;231;112;114m▀▀▀▀▀▀▀▀▀▀[48;2;230;113;114m▀[38;2;224;106;111;48;2;230;112;116m▀[38;2;128;53;63;48;2;225;113;118m▀[38;2;90;44;50;48;2;184;91;94m▀[38;2;222;211;211;48;2;83;37;36m▀[38;2;251;252;247;48;2;196;187;185m▀[38;2;233;232;228;48;2;251;253;248m▀[38;2;167;148;149;48;2;252;253;249m▀[38;2;104;60;69;48;2;223;218;215m▀[38;2;82;33;44;48;2;77;37;45m▀[38;2;135;104;109;48;2;84;22;37m▀[38;2;190;172;175;48;2;134;57;74m▀[38;2;157;131;137;48;2;187;102;104m▀[38;2;150;115;126;48;2;213;119;121m▀[38;2;146;115;119;48;2;217;118;125m▀[38;2;156;130;131;48;2;213;110;117m▀[38;2;182;164;163;48;2;187;89;95m▀[38;2;227;220;217;48;2;146;61;66m▀[38;2;253;250;247;48;2;123;67;71m▀[38;2;252;252;249;48;2;172;151;151m▀[38;2;255;254;250;48;2;248;247;243m▀[38;2;254;254;250;48;2;254;255;250m▀[38;2;255;255;251;48;2;255;255;251m▀▀▀[38;2;255;255;253;48;2;255;255;253m▀▀[38;2;255;255;255;48;2;255;255;255m▀▀▀▀▀▀▀[0m
[38;2;228;112;117;48;2;218;103;108m▀[38;2;228;112;118;48;2;189;83;85m▀[38;2;172;73;74;48;2;225;114;118m▀[38;2;179;76;78;48;2;227;116;120m▀[38;2;221;112;118;48;2;229;114;118m▀[38;2;231;113;119;48;2;230;113;117m▀[38;2;228;112;118;48;2;228;112;119m▀[38;2;225;113;119;48;2;227;112;117m▀[38;2;227;112;115;48;2;227;113;113m▀[38;2;227;113;114m▀[38;2;227;112;115;48;2;227;112;115m▀[38;2;227;112;117;48;2;227;112;116m▀[38;2;228;111;115;48;2;228;112;116m▀[38;2;228;111;119;48;2;197;91;95m▀[38;2;217;107;112;48;2;176;78;80m▀[38;2;166;66;72;48;2;203;95;103m▀[38;2;145;47;69;48;2;201;96;111m▀[38;2;180;75;93;48;2;202;95;110m▀[38;2;206;99;109;48;2;228;113;120m▀[38;2;184;79;90;48;2;230;113;119m▀[38;2;228;111;119;48;2;227;112;116m▀[38;2;227;112;117;48;2;228;112;116m▀[38;2;229;112;118;48;2;229;113;117m▀▀[48;2;229;112;118m▀▀[38;2;231;112;118;48;2;231;112;118m▀[38;2;230;112;118;48;2;230;112;118m▀[38;2;228;113;118;48;2;228;113;118m▀[38;2;227;114;118m▀[38;2;228;118;120;48;2;226;114;116m▀[38;2;197;94;95;48;2;226;114;115m▀[38;2;218;108;107;48;2;226;114;113m▀[38;2;229;114;114;48;2;229;115;115m▀[38;2;229;115;115m▀[38;2;230;114;115;48;2;230;114;115m▀[38;2;231;112;114;48;2;231;112;114m▀▀▀▀▀▀▀▀▀[38;2;230;113;114;48;2;230;112;114m▀[38;2;228;114;114;48;2;219;108;107m▀[38;2;229;113;114;48;2;194;89;87m▀[38;2;230;111;115;48;2;228;113;116m▀[38;2;231;112;116;48;2;230;112;116m▀[38;2;212;110;112;48;2;231;112;116m▀[38;2;105;50;49;48;2;224;117;119m▀[38;2;182;170;167;48;2;136;71;70m▀[38;2;251;253;248;48;2;160;142;140m▀[38;2;248;248;242;48;2;225;221;216m▀[38;2;168;140;144;48;2;199;178;180m▀[38;2;121;40;61;48;2;112;39;58m▀[38;2;131;36;63;48;2;106;38;56m▀[38;2;139;38;69;48;2;87;25;38m▀[38;2;190;89;105;48;2;86;23;34m▀[38;2;224;117;119;48;2;115;48;53m▀[38;2;224;115;115;48;2;116;47;52m▀[38;2;224;115;116;48;2;134;56;61m▀[38;2;225;113;117;48;2;163;75;76m▀[38;2;226;118;124;48;2;200;96;99m▀[38;2;180;93;97;48;2;225;114;117m▀[38;2;114;78;79;48;2;209;144;145m▀[38;2;199;191;190;48;2;138;113;113m▀[38;2;254;253;251;48;2;155;144;143m▀[38;2;254;254;250;48;2;253;252;248m▀[38;2;255;255;251;48;2;255;254;250m▀[38;2;255;255;253;48;2;255;255;253m▀▀[38;2;255;255;255;48;2;255;255;255m▀▀▀▀▀▀▀[0m
[38;2;213;102;106;48;2;226;113;117m▀[38;2;230;117;121;48;2;227;114;118m▀[38;2;229;115;119;48;2;228;115;119m▀[38;2;227;116;118;48;2;228;115;117m▀[38;2;228;113;116;48;2;228;114;114m▀[38;2;228;114;114m▀[38;2;228;113;116m▀[38;2;228;113;115m▀[38;2;228;114;115;48;2;228;114;115m▀[38;2;228;113;116;48;2;228;113;116m▀[38;2;227;112;117;48;2;228;112;120m▀[38;2;228;113;119;48;2;200;92;99m▀[38;2;204;98;101;48;2;199;94;99m▀[38;2;210;104;109;48;2;228;113;121m▀[38;2;227;112;117;48;2;226;113;116m▀[38;2;227;112;116;48;2;227;113;115m▀[38;2;228;113;116;48;2;228;113;116m▀[38;2;229;113;116;48;2;229;113;116m▀[38;2;228;113;118m▀[38;2;229;112;117m▀[38;2;229;113;116;48;2;229;113;114m▀▀▀▀[48;2;229;113;116m▀▀▀▀[38;2;228;113;116;48;2;228;113;116m▀▀[38;2;227;114;116m▀▀[38;2;227;112;115m▀[38;2;228;113;116m▀[38;2;231;114;117;48;2;208;96;99m▀[38;2;230;113;117;48;2;224;111;113m▀[38;2;232;113;117;48;2;232;113;117m▀▀▀▀[38;2;231;112;114;48;2;231;112;114m▀▀▀▀▀[38;2;230;112;114;48;2;230;113;114m▀[38;2;227;114;114;48;2;227;114;114m▀[38;2;219;111;110;48;2;227;113;113m▀[38;2;183;85;83;48;2;217;120;115m▀[38;2;223;118;117;48;2;151;80;73m▀[38;2;227;113;116;48;2;178;127;113m▀[38;2;231;112;115;48;2;199;108;106m▀[38;2;227;119;120;48;2;228;112;115m▀[38;2;160;85;86;48;2;227;113;116m▀[38;2;158;136;134;48;2;174;93;94m▀[38;2;196;186;184;48;2;172;152;151m▀[38;2;76;31;43;48;2;221;216;221m▀[38;2;109;53;70;48;2;211;221;224m▀[38;2;154;128;131;48;2;176;206;213m▀[38;2;217;213;212;48;2;96;141;163m▀[38;2;248;251;251;48;2;94;141;160m▀[38;2;247;239;246;48;2;200;214;222m▀[38;2;227;217;222;48;2;251;253;252m▀[38;2;183;175;171;48;2;250;254;250m▀[38;2;140;115;112;48;2;252;254;248m▀[38;2;105;55;56;48;2;252;251;245m▀[38;2;147;67;71;48;2;198;186;185m▀[38;2;213;172;164;48;2;97;72;72m▀[38;2;151;132;128;48;2;170;152;149m▀[38;2;167;158;155;48;2;124;111;108m▀[38;2;253;252;249;48;2;219;213;212m▀[38;2;254;253;253;48;2;253;253;252m▀[38;2;254;254;254;48;2;254;254;254m▀[38;2;255;255;255;48;2;255;255;255m▀▀▀▀▀▀▀[0m
[38;2;226;113;117;48;2;227;112;116m▀▀[38;2;227;114;118;48;2;228;113;117m▀[38;2;227;114;117;48;2;228;113;116m▀[38;2;228;113;115;48;2;228;113;115m▀[38;2;228;114;114;48;2;228;114;114m▀▀▀[48;2;227;113;113m▀[38;2;227;114;117;48;2;222;110;113m▀[38;2;207;106;109;48;2;147;61;62m▀[38;2;173;81;84;48;2;224;118;124m▀[38;2;228;115;121;48;2;228;115;120m▀[38;2;229;114;119;48;2;229;114;119m▀[38;2;228;113;118;48;2;228;113;118m▀▀[38;2;229;113;116;48;2;229;113;116m▀▀▀▀[38;2;229;113;114;48;2;229;113;114m▀▀▀▀[38;2;229;113;116;48;2;229;113;116m▀▀▀▀[38;2;228;113;116;48;2;228;113;116m▀▀▀▀▀[38;2;229;113;116;48;2;229;113;116m▀[38;2;229;112;116;48;2;230;113;116m▀[38;2;197;89;92;48;2;231;115;120m▀[38;2;211;101;108;48;2;168;66;76m▀[38;2;229;113;118;48;2;193;86;96m▀[38;2;228;112;117;48;2;228;111;117m▀[38;2;229;112;117m▀[38;2;231;112;116;48;2;231;112;116m▀▀▀[38;2;233;111;116;48;2;230;112;116m▀[38;2;232;111;114;48;2;190;92;91m▀[38;2;231;168;153;48;2;157;97;85m▀[38;2;237;171;157;48;2;168;118;99m▀[38;2;221;110;110;48;2;164;117;97m▀[38;2;169;118;99;48;2;203;179;118m▀[38;2;234;224;146;48;2;211;188;103m▀[38;2;249;241;145;48;2;251;237;140m▀[38;2;188;157;113;48;2;248;237;162m▀[38;2;211;117;112;48;2;177;126;103m▀[38;2;232;113;118;48;2;227;116;123m▀[38;2;229;117;124;48;2;228;116;124m▀[38;2;233;208;204;48;2;233;218;215m▀[38;2;139;170;180;48;2;80;137;167m▀[38;2;76;130;158;48;2;65;134;173m▀[38;2;65;132;166;48;2;65;132;169m▀[38;2;67;132;168;48;2;67;131;167m▀[38;2;71;132;166;48;2;70;131;168m▀[38;2;100;147;179;48;2;99;147;178m▀[38;2;249;252;253;48;2;251;252;254m▀[38;2;252;255;251;48;2;254;254;251m▀[38;2;252;255;250;48;2;254;255;250m▀[38;2;254;254;252;48;2;254;254;252m▀[38;2;254;253;251;48;2;255;253;254m▀[38;2;249;244;246;48;2;254;253;253m▀[38;2;152;140;140;48;2;254;252;252m▀[38;2;127;111;109;48;2;174;165;164m▀[38;2;123;104;106;48;2;85;49;53m▀[38;2;251;250;251;48;2;211;205;207m▀[38;2;255;255;255;48;2;255;255;255m▀▀▀▀▀▀▀▀[0m
[38;2;228;113;116;48;2;229;113;114m▀▀▀[38;2;228;113;115m▀[38;2;229;113;114m▀▀[38;2;229;113;115;48;2;229;113;116m▀[38;2;229;113;116;48;2;229;112;118m▀[38;2;227;112;117;48;2;199;92;101m▀[38;2;161;62;67;48;2;148;58;67m▀[38;2;197;98;102;48;2;228;114;118m▀[38;2;226;114;117;48;2;232;113;113m▀[38;2;228;112;114;48;2;230;113;115m▀[38;2;230;113;116;48;2;229;113;116m▀[38;2;229;113;116m▀▀▀▀▀▀[38;2;231;112;114;48;2;230;113;115m▀[38;2;230;112;114;48;2;207;94;98m▀[38;2;229;113;115;48;2;227;113;116m▀[38;2;228;113;116;48;2;227;112;115m▀[38;2;230;113;115;48;2;213;98;102m▀[38;2;229;113;116;48;2;230;114;117m▀[48;2;229;113;116m▀▀▀▀▀▀[38;2;230;113;116m▀▀[38;2;231;112;116;48;2;231;112;117m▀▀[38;2;224;112;116;48;2;229;116;118m▀[38;2;151;59;71;48;2;204;107;109m▀[38;2;175;71;86;48;2;145;56;72m▀[38;2;223;107;120;48;2;165;63;89m▀[38;2;229;111;118;48;2;222;106;123m▀[38;2;232;111;116;48;2;230;111;116m▀[38;2;220;113;114;48;2;224;115;117m▀[38;2;148;105;90;48;2;169;101;90m▀[38;2;221;205;137;48;2;223;206;139m▀[38;2;253;239;145;48;2;250;238;146m▀[38;2;216;193;108;48;2;235;225;148m▀[38;2;202;173;114;48;2;165;115;98m▀[38;2;156;118;89;48;2;212;115;120m▀[38;2;176;128;93;48;2;230;110;123m▀[38;2;180;121;89;48;2;230;111;119m▀[38;2;178;104;95;48;2;226;114;119m▀[38;2;138;76;75;48;2;162;94;95m▀[38;2;219;116;124;48;2;164;106;105m▀[38;2;223;118;125;48;2;219;114;124m▀[38;2;238;214;215;48;2;227;154;160m▀[38;2;108;158;180;48;2;212;224;231m▀[38;2;68;134;164;48;2;78;138;164m▀[38;2;67;132;166;48;2;69;132;166m▀[38;2;68;131;169;48;2;73;136;172m▀[38;2;71;131;171;48;2;71;130;168m▀[38;2;117;158;182;48;2;106;150;177m▀[38;2;254;253;255;48;2;252;252;254m▀[38;2;255;254;251;48;2;255;254;251m▀[38;2;255;255;253;48;2;255;255;253m▀▀▀[38;2;254;254;252m▀[38;2;255;255;253;48;2;254;254;252m▀[38;2;254;254;252m▀[38;2;146;122;123;48;2;218;212;212m▀[38;2;138;124;123;48;2;99;77;78m▀[38;2;254;254;252;48;2;255;254;253m▀[48;2;255;255;254m▀[38;2;255;255;255;48;2;255;255;255m▀▀▀▀▀▀[0m
[38;2;229;113;114;48;2;228;114;114m▀▀[48;2;229;113;114m▀▀[48;2;223;107;110m▀[38;2;230;113;117;48;2;228;111;117m▀[38;2;230;112;117;48;2;232;113;119m▀[38;2;224;107;116;48;2;182;75;88m▀[38;2;138;44;57;48;2;145;50;65m▀[38;2;207;103;112;48;2;230;116;119m▀[38;2;228;112;113;48;2;228;112;113m▀[48;2;228;112;114m▀[38;2;229;113;116;48;2;229;113;116m▀▀[48;2;228;113;117m▀▀[38;2;226;110;113;48;2;217;101;104m▀[38;2;227;111;114;48;2;231;115;118m▀[38;2;229;113;116;48;2;229;113;116m▀[48;2;229;113;117m▀[38;2;219;111;119;48;2;184;81;95m▀[38;2;153;56;72;48;2;144;56;79m▀[38;2;208;101;109;48;2;176;77;93m▀[38;2;230;114;116;48;2;230;116;118m▀[38;2;199;89;98;48;2;218;105;111m▀[38;2;213;101;109;48;2;162;59;73m▀[38;2;229;113;117;48;2;219;106;114m▀[38;2;229;112;116;48;2;230;113;116m▀[38;2;229;113;116;48;2;229;112;117m▀▀[38;2;230;113;116;48;2;229;113;116m▀[38;2;228;113;116m▀[38;2;225;114;115;48;2;226;129;128m▀[38;2;223;115;118;48;2;238;169;161m▀[38;2;226;151;143;48;2;253;224;204m▀[38;2;222;146;141;48;2;253;227;208m▀[38;2;223;114;118;48;2;223;146;143m▀[38;2;224;117;116;48;2;217;107;109m▀[38;2;177;84;89;48;2;223;117;119m▀[38;2;145;55;80;48;2;145;56;66m▀[38;2;160;59;85;48;2;151;62;85m▀[38;2;215;100;116;48;2;155;56;82m▀[38;2;227;113;118;48;2;209;96;115m▀[38;2;223;117;117;48;2;231;112;121m▀[38;2;168;107;97;48;2;230;114;124m▀[38;2;163;124;101;48;2;227;115;124m▀[38;2;172;93;91;48;2;184;102;105m▀[38;2;228;116;116;48;2;183;126;125m▀[38;2;232;114;112;48;2;180;109;111m▀[38;2;235;111;112;48;2;180;93;98m▀[38;2;234;110;117;48;2;180;88;98m▀[38;2;221;115;121;48;2;157;101;104m▀[38;2;175;143;139;48;2;198;177;177m▀[38;2;147;107;105;48;2;198;114;130m▀[38;2;208;111;119;48;2;152;69;78m▀[38;2;224;112;122;48;2;225;112;125m▀[38;2;232;188;195;48;2;218;116;120m▀[38;2;175;204;213;48;2;236;223;217m▀[38;2;71;134;162;48;2;131;170;190m▀[38;2;108;155;183;48;2;76;136;163m▀[38;2;94;145;175;48;2;147;186;204m▀[38;2;82;132;164;48;2;76;129;161m▀[38;2;244;247;249;48;2;215;224;230m▀[38;2;254;254;252;48;2;255;254;251m▀[38;2;255;255;253;48;2;255;255;253m▀▀▀▀▀▀[38;2;236;235;234;48;2;201;195;193m▀[38;2;97;75;75;48;2;131;110;111m▀[38;2;251;250;250;48;2;235;240;245m▀[38;2;247;248;250;48;2;111;160;177m▀[38;2;186;206;215;48;2;71;132;167m▀[38;2;189;210;218;48;2;70;130;167m▀[38;2;250;250;251;48;2;161;187;202m▀[38;2;254;253;254;48;2;252;252;253m▀[38;2;255;255;255;48;2;255;255;255m▀▀[0m
[38;2;226;115;114;48;2;228;130;130m▀[38;2;227;114;114;48;2;226;115;114m▀[38;2;228;114;114;48;2;227;114;114m▀[38;2;228;113;115;48;2;220;107;111m▀[38;2;217;100;105;48;2;219;103;110m▀[38;2;233;113;122;48;2;231;114;123m▀[38;2;223;107;117;48;2;179;74;91m▀[38;2;128;37;55;48;2;115;35;51m▀[38;2;189;86;98;48;2;223;112;121m▀[38;2;231;115;116;48;2;229;113;113m▀[38;2;228;111;113;48;2;228;112;115m▀[38;2;229;112;115;48;2;228;112;116m▀[38;2;228;113;118;48;2;228;113;118m▀▀[38;2;228;113;119;48;2;229;114;119m▀[38;2;210;99;105;48;2;192;86;96m▀[38;2;222;107;112;48;2;230;114;119m▀[38;2;230;113;115;48;2;229;112;115m▀[38;2;229;112;115;48;2;228;113;118m▀[38;2;219;107;114;48;2;178;77;92m▀[38;2;155;57;73;48;2;135;55;67m▀[38;2;113;35;49;48;2;131;75;76m▀[38;2;150;62;78;48;2;140;65;74m▀[38;2;223;115;119;48;2;201;100;105m▀[38;2;228;115;119;48;2;227;114;119m▀[38;2;162;64;79;48;2;181;80;91m▀[38;2;179;75;88;48;2;160;62;77m▀[38;2;226;114;120;48;2;194;89;99m▀[38;2;227;112;117;48;2;227;112;119m▀[38;2;227;114;121;48;2;227;112;117m▀[38;2;240;189;182;48;2;230;116;120m▀[38;2;227;115;118;48;2;226;114;117m▀[38;2;227;154;148;48;2;221;116;119m▀[38;2;252;227;207;48;2;226;148;144m▀[38;2;253;227;207;48;2;224;126;128m▀[38;2;251;229;208;48;2;226;134;135m▀[38;2;230;171;164;48;2;222;115;119m▀[38;2;213;108;110;48;2;232;111;119m▀[38;2;213;102;106;48;2;172;71;75m▀[38;2;206;99;109;48;2;222;109;121m▀[38;2;130;51;62;48;2;135;58;68m▀[38;2;144;59;79;48;2;138;56;73m▀[38;2;153;53;78;48;2;145;57;78m▀[38;2;211;96;115;48;2;157;54;78m▀[38;2;229;113;119;48;2;213;99;111m▀[38;2;229;116;116;48;2;230;114;113m▀[38;2;197;103;105;48;2;231;114;118m▀[38;2;168;114;116;48;2;209;98;108m▀[38;2;176;141;140;48;2;225;118;131m▀[38;2;187;157;154;48;2;201;102;114m▀[38;2;190;180;171;48;2;135;106;104m▀[38;2;178;176;168;48;2;175;150;150m▀[38;2;165;154;154;48;2;168;95;101m▀[38;2;173;141;150;48;2;165;112;110m▀[38;2;152;109;119;48;2;165;126;122m▀[38;2;150;85;99;48;2;166;139;137m▀[38;2;216;105;115;48;2;167;91;102m▀[38;2;220;143;142;48;2;224;112;119m▀[38;2;226;232;237;48;2;226;185;181m▀[38;2;84;140;166;48;2;177;200;214m▀[38;2;152;195;207;48;2;106;156;177m▀[38;2;82;135;161;48;2;110;159;179m▀[38;2;161;185;202;48;2;98;144;169m▀[38;2;240;239;238;48;2;219;221;223m▀[38;2;253;252;250;48;2;187;182;182m▀[38;2;254;254;252;48;2;254;253;250m▀[38;2;255;255;253;48;2;255;255;253m▀▀▀[38;2;254;254;252;48;2;254;255;253m▀[38;2;192;194;192;48;2;191;209;219m▀[38;2;219;230;233;48;2;83;135;170m▀[38;2;93;150;183;48;2;69;131;170m▀[38;2;68;131;170;48;2;69;131;171m▀[38;2;68;130;169m▀[38;2;68;129;171m▀[38;2;123;162;182;48;2;143;181;201m▀[38;2;250;251;252;48;2;250;252;252m▀[38;2;255;255;255;48;2;255;255;255m▀▀[0m
[38;2;237;192;184;48;2;227;132;130m▀[38;2;227;116;117;48;2;226;116;116m▀[38;2;227;113;116;48;2;228;114;117m▀[38;2;199;88;95;48;2;189;82;93m▀[38;2;229;115;124;48;2;231;115;121m▀[38;2;223;113;121;48;2;193;86;105m▀[38;2;133;40;63;48;2;114;24;52m▀[38;2;141;50;69;48;2;178;78;95m▀[38;2;225;116;122;48;2;226;121;125m▀[38;2;239;164;168;48;2;238;172;174m▀[38;2;227;117;121;48;2;223;115;118m▀[38;2;230;137;138;48;2;226;123;127m▀[38;2;228;113;120;48;2;226;113;118m▀[38;2;228;114;117;48;2;225;112;120m▀[38;2;196;91;100;48;2;166;63;76m▀[38;2;209;100;109;48;2;226;112;120m▀[38;2;228;113;117;48;2;228;113;118m▀▀[38;2;215;106;115;48;2;179;77;91m▀[38;2;150;58;76;48;2;140;49;69m▀[38;2;100;44;45;48;2;151;108;97m▀[38;2;222;175;160;48;2;253;194;165m▀[38;2;166;106;104;48;2;215;160;148m▀[38;2;175;82;93;48;2;143;63;71m▀[38;2;229;117;123;48;2;224;114;123m▀[38;2;211;103;111;48;2;225;114;121m▀[38;2;145;50;68;48;2;144;50;67m▀[38;2;169;68;83;48;2;170;70;84m▀[38;2;214;104;115;48;2;176;72;87m▀[38;2;227;112;119;48;2;223;112;121m▀[38;2;227;114;118;48;2;227;114;118m▀[38;2;227;114;116;48;2;227;114;116m▀[38;2;226;114;116;48;2;228;113;116m▀[38;2;228;113;116;48;2;228;114;114m▀[38;2;227;114;114m▀[38;2;229;113;117;48;2;228;113;114m▀[38;2;228;112;116;48;2;227;113;113m▀[38;2;231;111;115;48;2;227;112;115m▀[38;2;202;98;104;48;2;226;115;120m▀[38;2;175;76;85;48;2;151;57;71m▀[38;2;198;105;118;48;2;199;101;109m▀[38;2;85;19;29;48;2;120;48;59m▀[38;2;147;63;81;48;2;109;40;52m▀[38;2;148;58;80;48;2;150;63;82m▀[38;2;159;57;80;48;2;148;58;81m▀[38;2;220;108;121;48;2;167;65;88m▀[38;2;230;113;118;48;2;228;113;123m▀[38;2;218;104;113;48;2;228;114;120m▀[38;2;208;97;111;48;2;182;78;90m▀[38;2;191;107;118;48;2;174;136;133m▀[38;2;187;172;173;48;2;133;87;92m▀[38;2;190;107;112;48;2;177;75;87m▀[38;2;230;111;117;48;2;229;111;118m▀[38;2;229;111;118;48;2;230;111;117m▀[38;2;228;111;117;48;2;229;111;116m▀[38;2;227;115;122;48;2;230;111;117m▀[38;2;116;55;60;48;2;185;87;95m▀[38;2;204;97;112;48;2;106;37;48m▀[38;2;217;125;125;48;2;190;85;92m▀[38;2;234;231;227;48;2;221;170;165m▀[38;2;100;147;173;48;2;181;205;217m▀[38;2;100;155;180;48;2;71;132;164m▀[38;2;71;130;158;48;2;66;131;164m▀[38;2;184;206;219;48;2;94;144;174m▀[38;2;137;132;132;48;2;223;228;231m▀[38;2;213;208;203;48;2;130;117;113m▀[38;2;254;253;251;48;2;252;250;247m▀[38;2;254;253;250;48;2;223;227;230m▀[38;2;245;249;247;48;2;109;151;181m▀[38;2;150;180;198;48;2;67;130;174m▀[38;2;72;129;168;48;2;69;128;171m▀[38;2;70;128;168;48;2;69;128;168m▀[38;2;69;130;167;48;2;70;130;166m▀[38;2;69;130;166;48;2;70;130;165m▀[38;2;68;130;168;48;2;68;130;168m▀[38;2;68;129;169;48;2;76;134;170m▀[38;2;136;167;187;48;2;196;218;226m▀[38;2;252;252;253;48;2;252;252;252m▀[38;2;255;255;255;48;2;255;255;255m▀▀[0m
[38;2;229;116;115;48;2;228;116;115m▀[38;2;227;115;114;48;2;228;116;116m▀[38;2;201;95;102;48;2;170;70;82m▀[38;2;196;93;102;48;2;218;108;115m▀[38;2;231;115;122;48;2;221;110;124m▀[38;2;157;57;84;48;2;125;33;63m▀[38;2;115;27;53;48;2;125;34;57m▀[38;2;202;94;106;48;2;219;106;114m▀[38;2;229;115;115;48;2;229;115;115m▀▀▀[38;2;229;114;117;48;2;229;114;117m▀[38;2;227;112;118;48;2;227;113;117m▀[38;2;191;84;95;48;2;151;51;67m▀[38;2;186;79;91;48;2;206;96;106m▀[38;2;228;113;119;48;2;229;113;121m▀[38;2;229;113;117;48;2;227;114;119m▀[38;2;216;107;115;48;2;182;81;96m▀[38;2;154;58;78;48;2;137;53;69m▀[38;2;117;53;59;48;2;182;136;122m▀[38;2;240;185;161;48;2;252;195;168m▀[38;2;252;193;165;48;2;217;167;146m▀[38;2;252;195;180;48;2;162;113;105m▀[38;2;143;76;78;48;2;144;88;88m▀[38;2;185;90;99;48;2;177;86;95m▀[38;2;191;92;102;48;2;228;116;126m▀[38;2;162;69;80;48;2;187;88;99m▀[38;2;152;61;73;48;2;139;54;63m▀[38;2;168;69;87;48;2;173;72;92m▀[38;2;194;89;106;48;2;174;72;92m▀[38;2;226;113;120;48;2;216;105;116m▀[38;2;228;112;118;48;2;229;113;118m▀[38;2;229;114;117;48;2;229;114;117m▀[38;2;230;114;117;48;2;230;114;117m▀[38;2;229;115;115m▀[38;2;230;114;117m▀[38;2;229;113;116;48;2;229;113;116m▀▀[38;2;224;112;117;48;2;227;112;115m▀[38;2;169;71;81;48;2;188;88;96m▀[38;2;167;72;81;48;2;161;66;80m▀[38;2;183;94;104;48;2;190;96;102m▀[38;2;94;41;48;48;2;164;119;117m▀[38;2;142;57;75;48;2;121;62;70m▀[38;2;151;59;81;48;2;149;60;81m▀[38;2;151;58;82;48;2;152;58;82m▀[38;2;188;85;102;48;2;154;57;85m▀[38;2;226;115;122;48;2;208;102;114m▀[38;2;174;92;99;48;2;213;109;123m▀[38;2;156;102;102;48;2;158;72;81m▀[38;2;197;97;110;48;2;214;110;121m▀[38;2;139;46;67;48;2;136;45;66m▀[38;2;209;99;112;48;2;153;57;74m▀[38;2;229;111;117;48;2;226;114;120m▀[38;2;228;113;116;48;2;227;114;116m▀[48;2;227;113;116m▀[38;2;231;113;115;48;2;232;115;117m▀[38;2;106;33;44;48;2;156;66;73m▀[38;2;131;40;67;48;2;115;30;55m▀[38;2;168;81;105;48;2;134;46;73m▀[38;2;233;227;227;48;2;188;144;153m▀[38;2;95;144;174;48;2;162;192;209m▀[38;2;66;131;169;48;2;68;130;167m▀[38;2;67;131;169;48;2;68;130;168m▀[38;2;112;158;186;48;2;65;130;166m▀[38;2;221;230;236;48;2;73;128;163m▀[38;2;161;186;200;48;2;70;131;165m▀[38;2;74;134;164;48;2;60;132;169m▀[38;2;65;132;171;48;2;64;131;170m▀[38;2;66;131;171;48;2;66;131;170m▀[38;2;65;131;168;48;2;127;174;186m▀[38;2;74;135;168;48;2;229;240;242m▀[38;2;133;177;197;48;2;252;254;252m▀[38;2;199;217;222;48;2;250;253;252m▀[38;2;211;222;225;48;2;251;254;254m▀[38;2;230;238;240;48;2;251;255;255m▀[38;2;249;254;255;48;2;253;255;254m▀[38;2;253;254;254;48;2;252;255;254m▀[38;2;253;255;254;48;2;253;255;254m▀▀[0m
[38;2;227;115;115;48;2;227;114;114m▀[38;2;225;115;120;48;2;205;101;112m▀[38;2;147;48;67;48;2;147;48;70m▀[38;2;227;113;123;48;2;232;117;130m▀[38;2;191;87;109;48;2;164;65;91m▀[38;2;116;27;56;48;2;116;30;57m▀[38;2;136;43;67;48;2;142;50;73m▀[38;2;225;112;118;48;2;227;115;121m▀[38;2;229;115;115;48;2;229;115;115m▀▀▀[38;2;230;114;115;48;2;227;114;117m▀[38;2;194;87;98;48;2;164;61;76m▀[38;2;139;42;61;48;2;145;48;66m▀[38;2;226;112;118;48;2;231;115;123m▀[38;2;229;113;119;48;2;227;112;119m▀[38;2;222;112;121;48;2;199;97;109m▀[38;2;157;60;82;48;2;139;53;69m▀[38;2;128;73;77;48;2;198;153;145m▀[38;2;245;194;176;48;2;168;120;108m▀[38;2;183;132;121;48;2;233;183;159m▀[38;2;201;148;132;48;2;250;194;166m▀[38;2;248;194;169;48;2;251;195;165m▀[38;2;228;175;149;48;2;251;195;166m▀[38;2;148;70;77;48;2;151;83;85m▀[38;2;226;117;128;48;2;211;105;116m▀[38;2;200;91;106;48;2;205;95;112m▀[38;2;127;48;56;48;2;135;54;63m▀[38;2;169;71;88;48;2;147;65;76m▀[38;2;171;71;92;48;2;171;72;93m▀[38;2;186;80;94;48;2;173;70;91m▀[38;2;229;114;120;48;2;212;102;113m▀[38;2;229;114;117;48;2;229;114;117m▀[38;2;230;114;117;48;2;230;114;117m▀▀▀[48;2;231;115;118m▀[48;2;230;115;118m▀[38;2;231;113;118;48;2;230;114;117m▀[38;2;215;107;114;48;2;226;116;122m▀[38;2;153;59;70;48;2;150;57;66m▀[38;2;168;76;82;48;2;166;72;81m▀[38;2;167;98;98;48;2;154;79;82m▀[38;2;210;161;159;48;2;161;112;106m▀[38;2;133;58;71;48;2;155;104;104m▀[38;2;151;59;82;48;2;149;63;83m▀[38;2;154;57;84;48;2;155;58;84m▀[38;2;172;71;92;48;2;157;58;83m▀[38;2;226;114;125;48;2;211;101;112m▀[38;2;167;65;81;48;2;184;80;96m▀[38;2;209;103;118;48;2;178;77;94m▀[38;2;153;58;79;48;2;166;68;87m▀[38;2;130;43;63;48;2;129;44;64m▀[38;2;192;90;100;48;2;151;60;76m▀[38;2;227;114;115;48;2;223;114;117m▀[48;2;227;114;115m▀[38;2;230;114;115;48;2;229;113;116m▀[38;2;201;94;98;48;2;224;110;113m▀[38;2;100;25;40;48;2;122;43;48m▀[38;2;130;48;74;48;2;103;29;49m▀[38;2;141;71;87;48;2;131;52;75m▀[38;2;213;226;231;48;2;218;214;216m▀[38;2;72;132;164;48;2;77;135;164m▀[38;2;69;131;164;48;2;70;130;163m▀[38;2;67;130;165;48;2;67;130;163m▀[38;2;66;130;166;48;2;66;130;165m▀[38;2;63;131;165;48;2;64;131;166m▀[38;2;62;131;167;48;2;81;143;172m▀[38;2;79;138;170;48;2;217;231;233m▀[38;2;186;213;221;48;2;251;253;253m▀[38;2;250;255;255;48;2;253;255;255m▀[38;2;251;255;254;48;2;254;255;255m▀[38;2;251;255;255;48;2;251;255;255m▀▀▀▀[38;2;253;255;254;48;2;253;255;254m▀▀▀▀[0m
[38;2;225;113;117;48;2;224;114;118m▀[38;2;176;73;97;48;2;156;56;84m▀[38;2;156;57;80;48;2;162;65;91m▀[38;2;228;115;129;48;2;217;108;125m▀[38;2;142;50;75;48;2;124;37;61m▀[38;2;117;36;62;48;2;119;41;65m▀[38;2;147;55;78;48;2;148;55;79m▀[38;2;227;114;121;48;2;227;115;121m▀[38;2;228;113;116;48;2;228;113;116m▀[38;2;228;114;116;48;2;229;114;116m▀[38;2;229;115;115;48;2;228;115;116m▀[38;2;207;102;107;48;2;179;76;91m▀[38;2;137;46;60;48;2;125;40;54m▀[38;2;158;65;78;48;2;173;77;89m▀[38;2;225;113;123;48;2;226;115;125m▀[38;2;225;115;125;48;2;217;108;119m▀[38;2;171;74;92;48;2;143;58;73m▀[38;2;145;84;89;48;2;138;89;80m▀[38;2;175;128;116;48;2;245;193;171m▀[38;2;245;193;167;48;2;248;198;174m▀[38;2;251;195;165;48;2;251;212;187m▀[38;2;251;194;165;48;2;252;221;198m▀[38;2;251;190;160;48;2;251;233;212m▀[38;2;250;191;164;48;2;252;243;221m▀[38;2;178;121;110;48;2;216;201;189m▀[38;2;203;95;107;48;2;171;80;91m▀[38;2;210;102;118;48;2;215;105;123m▀[38;2;144;62;78;48;2;161;72;90m▀[38;2;102;38;48;48;2;86;30;37m▀[38;2;173;76;95;48;2;175;78;98m▀[38;2;176;72;93;48;2;178;75;96m▀[38;2;184;79;95;48;2;177;75;94m▀[38;2;229;115;121;48;2;215;106;115m▀[38;2;231;115;118;48;2;234;118;121m▀▀▀[38;2;233;116;119;48;2;234;117;120m▀[38;2;232;117;120;48;2;232;117;120m▀[38;2;227;116;117;48;2;228;120;120m▀[38;2;217;111;115;48;2;203;98;102m▀[38;2;151;56;65;48;2;148;55;62m▀[38;2;167;71;82;48;2;170;74;86m▀[38;2;171;84;91;48;2;172;73;85m▀[38;2;161;107;104;48;2;161;101;100m▀[38;2;154;110;97;48;2;246;197;170m▀[38;2;113;51;55;48;2;157;110;100m▀[38;2;160;64;86;48;2;160;64;85m▀[38;2;160;63;87;48;2;162;64;87m▀[38;2;180;78;97;48;2;161;63;84m▀[38;2;201;96;110;48;2;211;104;120m▀[38;2;153;59;78;48;2;148;52;70m▀[38;2;182;80;97;48;2;172;73;88m▀[38;2;141;52;72;48;2;153;60;80m▀[38;2;133;49;68;48;2;128;46;66m▀[38;2;199;96;104;48;2;160;68;86m▀[38;2;226;114;117;48;2;226;114;117m▀[38;2;229;114;118;48;2;228;114;118m▀[38;2;228;113;121;48;2;229;113;124m▀[38;2;157;63;74;48;2;173;72;86m▀[38;2;78;12;22;48;2;104;30;42m▀[38;2;122;51;67;48;2;79;17;27m▀[38;2;231;215;219;48;2;210;187;188m▀[38;2;83;134;164;48;2;116;159;186m▀[38;2;67;131;165;48;2;64;132;166m▀[38;2;66;132;166;48;2;63;133;166m▀[48;2;66;132;166m▀[38;2;80;135;158;48;2;175;204;215m▀[38;2;206;225;229;48;2;198;158;169m▀[38;2;138;126;129;48;2;128;53;67m▀[38;2;226;223;224;48;2;139;105;112m▀[38;2;254;254;252;48;2;255;254;251m▀[38;2;254;254;253;48;2;255;255;253m▀[38;2;254;255;255;48;2;254;255;255m▀▀▀▀▀▀▀▀[0m
[38;2;221;111;118;48;2;206;100;107m▀[38;2;140;45;75;48;2;135;42;73m▀[38;2;163;66;92;48;2;160;61;87m▀[38;2;205;99;117;48;2;197;92;111m▀[38;2;121;32;60;48;2;121;32;59m▀[38;2;131;47;76;48;2;135;48;77m▀[38;2;146;53;76;48;2;142;49;73m▀[38;2;226;113;120;48;2;222;110;116m▀[38;2;228;113;118;48;2;228;113;118m▀[38;2;228;113;117;48;2;228;113;117m▀[38;2;223;113;120;48;2;205;97;110m▀[38;2;159;60;78;48;2;154;58;76m▀[38;2;124;39;52;48;2;125;42;54m▀[38;2;175;77;90;48;2;174;77;90m▀[38;2;226;115;126;48;2;229;119;127m▀[38;2;193;90;102;48;2;176;75;89m▀[38;2;127;74;75;48;2;189;166;159m▀[38;2;234;210;193;48;2;250;249;227m▀[38;2;250;234;213;48;2;251;247;227m▀[38;2;252;247;222;48;2;250;248;227m▀[38;2;253;248;228;48;2;251;249;228m▀[48;2;253;248;228m▀[38;2;253;248;229m▀[38;2;251;249;229m▀[38;2;249;244;230;48;2;253;248;234m▀[38;2;153;85;92;48;2;159;118;117m▀[38;2;215;106;122;48;2;208;102;119m▀[38;2;173;79;96;48;2;182;84;101m▀[38;2;165;142;138;48;2;183;169;160m▀[38;2;152;72;86;48;2;154;106;110m▀[38;2;183;79;100;48;2;187;85;106m▀[38;2;182;79;100;48;2;187;84;105m▀[38;2;194;89;104;48;2;186;81;101m▀[38;2;236;121;126;48;2;228;116;125m▀[38;2;237;121;124;48;2;238;122;125m▀[38;2;235;119;122;48;2;236;120;123m▀[38;2;230;114;117;48;2;226;110;113m▀[38;2;234;118;121;48;2;236;120;123m▀[38;2;207;98;99;48;2;236;121;124m▀[38;2;224;115;120;48;2;231;118;124m▀[38;2;130;46;50;48;2;128;46;49m▀[38;2;164;72;85;48;2;136;55;65m▀[38;2;174;72;89;48;2;178;72;96m▀[38;2;144;74;80;48;2;143;68;81m▀[38;2;247;195;161;48;2;230;180;149m▀[38;2;236;187;155;48;2;249;195;159m▀[38;2;141;66;74;48;2;166;115;101m▀[38;2;163;65;88;48;2;162;70;88m▀[38;2;162;64;87;48;2;164;66;89m▀[38;2;199;96;113;48;2;188;87;106m▀[38;2;161;64;79;48;2;175;74;90m▀[38;2;157;66;80;48;2;145;55;72m▀[38;2;155;60;80;48;2;158;62;83m▀[38;2;129;45;66;48;2;131;45;67m▀[38;2;151;59;81;48;2;156;61;85m▀[38;2;213;105;116;48;2;191;86;105m▀[38;2;230;113;118;48;2;229;114;121m▀[38;2;229;113;124;48;2;229;113;123m▀[38;2;185;79;95;48;2;189;82;99m▀[38;2;133;48;64;48;2;151;59;78m▀[38;2;84;18;27;48;2;102;32;44m▀[38;2;162;141;137;48;2;167;147;143m▀[38;2;123;166;188;48;2;123;165;186m▀[38;2;67;131;168;48;2;69;129;170m▀[38;2;65;132;167;48;2;70;132;166m▀[38;2;116;167;189;48;2;188;207;217m▀[38;2;220;206;214;48;2;138;95;107m▀[38;2;141;69;87;48;2;148;59;83m▀[38;2;145;58;75;48;2;147;57;77m▀[38;2;97;38;49;48;2;134;55;71m▀[38;2;228;223;222;48;2;141;120;122m▀[38;2;254;254;253;48;2;254;255;253m▀[38;2;254;255;255;48;2;254;255;255m▀▀▀▀▀▀▀▀[0m
[38;2;194;90;102;48;2;178;76;93m▀[38;2;138;46;78;48;2;140;48;80m▀[38;2;149;56;79;48;2;135;49;69m▀[38;2;187;86;104;48;2;177;81;98m▀[38;2;126;36;61;48;2;131;39;64m▀[38;2;140;50;76;48;2;144;53;79m▀[38;2;146;53;78;48;2;146;55;83m▀[38;2;211;100;109;48;2;198;90;103m▀[38;2;229;114;120;48;2;229;114;119m▀[38;2;228;115;122;48;2;227;113;122m▀[38;2;187;82;98;48;2;171;68;86m▀[38;2;150;56;74;48;2;126;41;54m▀[38;2;120;39;51;48;2;132;48;61m▀[38;2;170;71;87;48;2;168;69;85m▀[38;2;221;114;128;48;2;204;100;117m▀[38;2;137;75;82;48;2;163;128;131m▀[38;2;241;239;226;48;2;251;248;236m▀[38;2;250;248;232;48;2;250;247;232m▀[38;2;250;247;229;48;2;250;247;230m▀[38;2;250;247;228;48;2;250;247;229m▀[38;2;253;248;229;48;2;252;248;229m▀▀[48;2;253;248;229m▀▀[38;2;253;250;235;48;2;253;248;231m▀[38;2;184;154;151;48;2;211;190;184m▀[38;2;202;101;115;48;2;181;87;100m▀[38;2;185;88;103;48;2;192;93;108m▀[38;2;179;160;152;48;2;179;156;149m▀[38;2;177;153;149;48;2;225;213;205m▀[38;2;184;89;108;48;2;161;84;97m▀[38;2;190;86;106;48;2;197;95;114m▀[38;2;192;85;105;48;2;197;94;109m▀[38;2;214;105;116;48;2;202;98;111m▀[38;2;237;123;126;48;2;236;128;127m▀[38;2;237;123;125;48;2;236;127;126m▀[38;2;226;112;115;48;2;221;115;115m▀[38;2;237;123;125;48;2;235;127;127m▀[38;2;235;121;123;48;2;236;127;127m▀[38;2;224;113;118;48;2;215;111;113m▀[38;2;145;68;74;48;2;153;87;93m▀[38;2;120;58;62;48;2;153;121;119m▀[38;2;179;78;102;48;2;181;85;105m▀[38;2;155;71;88;48;2;170;80;96m▀[38;2;217;160;137;48;2;194;152;133m▀[38;2;254;191;157;48;2;246;196;160m▀[38;2;232;181;152;48;2;249;193;158m▀[38;2;140;67;75;48;2;156;103;95m▀[38;2;167;69;92;48;2;170;74;96m▀[38;2;176;75;98;48;2;172;73;95m▀[38;2;180;82;101;48;2;179;83;102m▀[38;2;140;51;68;48;2;138;50;68m▀[38;2;164;68;89;48;2;165;69;91m▀[38;2;135;47;68;48;2;142;49;72m▀[38;2;160;64;88;48;2;161;64;89m▀[38;2;176;74;94;48;2;165;64;87m▀[38;2;226;116;128;48;2;220;112;123m▀[38;2;228;114;122;48;2;227;115;122m▀[38;2;191;85;100;48;2;187;82;99m▀[38;2;157;59;83;48;2;161;58;87m▀[38;2;105;37;53;48;2;116;52;71m▀[38;2;210;193;194;48;2;216;210;213m▀[38;2;106;152;177;48;2;85;136;168m▀[38;2;69;129;171;48;2;71;129;170m▀[38;2;72;132;160;48;2;88;145;167m▀[38;2;233;235;242;48;2;219;212;217m▀[38;2;167;145;148;48;2;242;238;236m▀[38;2;118;42;61;48;2;101;57;67m▀[38;2;152;62;84;48;2;150;62;84m▀[38;2;151;63;85;48;2;153;63;85m▀[38;2;95;44;54;48;2;120;44;61m▀[38;2;244;243;241;48;2;187;172;174m▀[38;2;254;255;255;48;2;254;255;255m▀▀▀▀▀▀▀▀[0m
[38;2;172;71;90;48;2;164;64;84m▀[38;2;144;52;82;48;2;145;51;79m▀[38;2;134;44;67;48;2;136;45;67m▀[38;2;169;78;97;48;2;163;73;93m▀[38;2;131;40;62;48;2;133;44;66m▀[38;2;151;59;84;48;2;153;60;84m▀[38;2;151;57;83;48;2;154;59;85m▀[38;2;179;78;96;48;2;167;65;88m▀[38;2;228;114;121;48;2;227;114;122m▀[38;2;220;109;118;48;2;212;102;113m▀[38;2;161;69;83;48;2;153;73;85m▀[38;2;96;35;42;48;2;154;119;119m▀[38;2;145;60;78;48;2;150;66;88m▀[38;2;169;70;92;48;2;170;72;98m▀[38;2;162;74;89;48;2;159;100;111m▀[38;2;220;205;204;48;2;251;244;239m▀[38;2;252;246;234;48;2;253;247;235m▀[38;2;253;247;233;48;2;253;247;233m▀▀[48;2;251;245;231m▀[38;2;243;237;221;48;2;196;176;165m▀[38;2;207;191;178;48;2;226;214;200m▀[38;2;184;164;153;48;2;247;242;226m▀[38;2;175;153;142;48;2;238;234;217m▀[38;2;179;152;145;48;2;186;177;165m▀[38;2;171;137;133;48;2;251;242;230m▀[38;2;155;76;79;48;2;167;101;99m▀[38;2;189;96;103;48;2;199;111;112m▀[38;2;178;157;147;48;2;178;161;150m▀[38;2;249;246;234;48;2;249;250;237m▀[38;2;155;101;107;48;2;170;141;139m▀[38;2;198;98;115;48;2;203;109;126m▀[38;2;199;101;113;48;2;205;108;116m▀[38;2;196;99;110;48;2;201;107;111m▀[38;2;231;129;127;48;2;225;127;124m▀[38;2;235;133;129;48;2;237;137;131m▀[38;2;220;119;116;48;2;221;123;118m▀[38;2;234;132;131;48;2;234;134;131m▀[38;2;236;131;130;48;2;240;134;133m▀[38;2;208;107;109;48;2;201;104;107m▀[38;2;161;101;104;48;2;170;114;117m▀[38;2;205;192;183;48;2;241;237;225m▀[38;2;169;83;95;48;2;158;82;90m▀[38;2;182;85;103;48;2;188;88;106m▀[38;2;178;155;150;48;2;173;149;143m▀[38;2;245;239;227;48;2;253;249;238m▀[38;2;245;201;174;48;2;250;237;223m▀[38;2;197;147;128;48;2;238;191;169m▀[38;2;160;69;86;48;2;145;71;78m▀[38;2;173;75;97;48;2;175;77;99m▀[38;2;175;79;99;48;2;175;78;98m▀[38;2;140;50;69;48;2;145;54;74m▀[38;2;171;72;95;48;2;172;74;97m▀[38;2;150;56;81;48;2;151;57;81m▀[38;2;157;61;87;48;2;158;62;87m▀[38;2;164;64;88;48;2;164;66;91m▀[38;2;208;101;113;48;2;194;89;102m▀[38;2;226;114;121;48;2;226;115;123m▀[38;2;185;78;98;48;2;181;76;96m▀[38;2;163;61;88;48;2;164;62;89m▀[38;2;144;83;102;48;2;173;123;140m▀[38;2;217;224;229;48;2;182;200;215m▀[38;2;72;132;166;48;2;69;130;166m▀[38;2;68;131;166;48;2;68;131;166m▀[38;2;107;159;176;48;2;98;152;169m▀[38;2;177;171;172;48;2;206;201;202m▀[38;2;238;235;232;48;2;220;215;212m▀[38;2;190;174;174;48;2;250;249;245m▀[38;2;114;42;58;48;2;108;63;73m▀[38;2;154;63;86;48;2;154;67;88m▀[38;2;152;66;88;48;2;154;65;87m▀[38;2;130;96;102;48;2;112;57;66m▀[38;2;255;254;253;48;2;249;248;246m▀[38;2;254;255;255;48;2;254;255;255m▀▀▀▀▀▀▀[0m
[38;2;160;61;85;48;2;160;62;85m▀[38;2;149;54;78;48;2;155;58;82m▀[38;2;143;51;72;48;2;153;61;81m▀[38;2;150;61;80;48;2;135;46;65m▀[38;2;136;46;67;48;2;139;49;70m▀[38;2;157;62;84;48;2;162;67;89m▀[38;2;158;60;85;48;2;165;64;90m▀[38;2;164;63;84;48;2;167;66;90m▀[38;2;217;106;120;48;2;199;92;110m▀[38;2;199;91;105;48;2;186;83;101m▀[38;2;139;68;79;48;2;161;103;113m▀[38;2;202;183;178;48;2;209;193;187m▀[38;2;159;67;87;48;2;170;74;90m▀[38;2;170;77;97;48;2;147;82;87m▀[38;2;189;166;163;48;2;244;235;224m▀[38;2;252;245;238;48;2;220;212;201m▀[38;2;253;246;235;48;2;143;129;122m▀[38;2;253;247;235;48;2;95;70;64m▀[38;2;254;246;232;48;2;69;37;34m▀[38;2;253;247;235;48;2;57;27;25m▀[38;2;253;246;234;48;2;69;35;32m▀[38;2;252;245;233;48;2;90;53;51m▀[38;2;213;205;194;48;2;74;36;33m▀[38;2;140;130;121;48;2;212;188;182m▀[38;2;248;240;228;48;2;254;246;234m▀[38;2;254;245;231;48;2;254;247;233m▀[38;2;172;129;119;48;2;177;154;140m▀[38;2;200;117;115;48;2;196;119;116m▀[38;2;190;173;162;48;2;210;193;183m▀[38;2;252;249;237;48;2;254;246;237m▀[38;2;205;187;184;48;2;244;232;224m▀[38;2;188;108;116;48;2;169;107;111m▀[38;2;212;116;120;48;2;220;127;128m▀[38;2;213;115;116;48;2;219;125;121m▀[38;2;226;125;122;48;2;225;128;122m▀[38;2;241;141;134;48;2;245;150;140m▀[38;2;223;127;121;48;2;226;133;124m▀[38;2;235;138;134;48;2;238;145;137m▀[38;2;234;131;131;48;2;230;134;128m▀[38;2;201;108;109;48;2;208;120;119m▀[38;2;163;127;126;48;2;178;156;150m▀[38;2;249;245;235;48;2;248;246;237m▀[38;2;159;97;102;48;2;166;122;121m▀[38;2;192;97;113;48;2;191;102;117m▀[38;2;176;152;147;48;2;184;161;156m▀[38;2;252;250;237;48;2;253;249;237m▀[38;2;252;244;237;48;2;255;247;238m▀[38;2;246;231;216;48;2;253;243;233m▀[38;2;150;93;90;48;2;170;134;124m▀[38;2;177;80;102;48;2;176;92;105m▀[38;2;176;79;99;48;2;177;80;97m▀[38;2;143;55;71;48;2;142;56;68m▀[38;2;174;76;96;48;2;179;82;97m▀[38;2;155;61;80;48;2;152;59;75m▀[38;2;159;63;85;48;2;164;68;89m▀[38;2;169;71;96;48;2;170;73;97m▀[38;2;183;80;95;48;2;174;74;92m▀[38;2;226;114;122;48;2;223;113;122m▀[38;2;177;72;92;48;2;173;70;90m▀[38;2;165;65;92;48;2;168;69;95m▀[38;2;184;133;149;48;2;178;114;133m▀[38;2;163;179;199;48;2;206;215;229m▀[38;2;70;129;165;48;2;77;134;170m▀[38;2;68;130;166;48;2;68;131;166m▀[38;2;77;132;152;48;2;116;158;179m▀[38;2;202;209;208;48;2;202;200;200m▀[38;2;208;205;202;48;2;196;191;189m▀[38;2;253;254;249;48;2;253;253;251m▀[38;2;183;164;167;48;2;244;240;237m▀[38;2;126;50;69;48;2;101;51;62m▀[38;2;159;64;88;48;2;167;68;93m▀[38;2;138;61;79;48;2;171;77;100m▀[38;2;209;201;201;48;2;170;144;148m▀[38;2;253;254;254;48;2;253;254;254m▀[38;2;254;255;255;48;2;254;255;255m▀▀▀▀▀▀[0m
[38;2;161;63;88;48;2;162;65;89m▀[38;2;159;61;86m▀[38;2;159;67;86;48;2;161;66;86m▀[38;2;136;50;67;48;2;142;53;70m▀[38;2;143;53;73;48;2;146;56;76m▀[38;2;164;68;90;48;2;165;69;92m▀[38;2;169;67;93;48;2;169;69;93m▀[38;2;171;68;94;48;2;173;70;95m▀[38;2;183;75;97;48;2;177;69;95m▀[38;2;180;83;104;48;2;166;73;94m▀[38;2;175;144;146;48;2;206;188;187m▀[38;2;207;192;186;48;2;210;189;186m▀[38;2;168;83;95;48;2;165;79;91m▀[38;2;164;109;112;48;2;67;8;11m▀[38;2;117;91;87;48;2;51;7;6m▀[38;2;46;15;12;48;2;75;32;31m▀[38;2;55;13;11;48;2;78;32;31m▀[38;2;61;13;13;48;2;70;23;23m▀[38;2;57;5;7;48;2;60;9;10m▀[38;2;59;4;7;48;2;61;7;9m▀[48;2;59;5;7m▀[38;2;61;5;5;48;2;62;4;5m▀[38;2;74;7;8;48;2;76;7;7m▀[38;2;95;6;13;48;2;95;6;11m▀[38;2;134;70;66;48;2;110;14;15m▀[38;2;214;201;182;48;2;125;25;27m▀[38;2;184;164;147;48;2;155;84;83m▀[38;2;187;122;118;48;2;179;122;117m▀[38;2;227;216;206;48;2;248;240;229m▀[38;2;254;246;237;48;2;254;245;236m▀[38;2;253;246;236;48;2;252;248;237m▀[38;2;171;130;128;48;2;178;156;147m▀[38;2;225;139;135;48;2;230;151;142m▀[38;2;223;134;127;48;2;230;148;135m▀[38;2;224;135;125;48;2;231;149;134m▀[38;2;247;158;143;48;2;244;162;143m▀[38;2;227;138;126;48;2;209;127;111m▀[38;2;238;148;138;48;2;238;154;143m▀[38;2;222;131;123;48;2;224;137;127m▀[38;2;206;122;120;48;2;189;113;110m▀[38;2;196;181;174;48;2;227;221;212m▀[38;2;248;246;238;48;2;251;247;238m▀[38;2;171;137;132;48;2;181;148;142m▀[38;2;190;104;119;48;2;179;103;113m▀[38;2;203;185;178;48;2;223;214;203m▀[38;2;252;249;237;48;2;254;248;237m▀[38;2;254;247;237;48;2;254;247;237m▀[38;2;254;246;235;48;2;248;241;230m▀[38;2;201;177;170;48;2;119;88;85m▀[38;2;155;81;87;48;2;138;66;71m▀[38;2;172;80;91;48;2;168;79;86m▀[38;2;143;61;68;48;2;148;65;72m▀[38;2;179;80;92;48;2;183;86;98m▀[38;2;149;56;70;48;2;150;59;74m▀[38;2;171;75;97;48;2;179;82;102m▀[38;2;174;75;100;48;2;180;79;103m▀[38;2;172;73;93;48;2;168;70;89m▀[38;2;207;103;117;48;2;188;86;103m▀[38;2;171;71;91;48;2;169;72;91m▀[38;2;170;70;92;48;2;170;71;92m▀[38;2;167;75;95;48;2;184;121;134m▀[38;2;201;168;178;48;2;215;206;208m▀[38;2;211;227;234;48;2;227;224;226m▀[38;2;192;207;217;48;2;234;231;234m▀[38;2;231;226;234;48;2;206;204;204m▀[38;2;147;102;113;48;2;186;174;167m▀[38;2;198;180;183;48;2;213;209;203m▀[38;2;253;251;251;48;2;252;252;252m▀[38;2;254;252;250;48;2;253;253;249m▀[38;2;141;108;114;48;2;202;187;188m▀[38;2;152;67;86;48;2;119;51;63m▀[38;2;196;92;114;48;2;202;98;117m▀[38;2;137;103;107;48;2;124;82;87m▀[38;2;253;254;253;48;2;252;251;250m▀[38;2;254;255;255;48;2;255;255;255m▀[48;2;254;255;255m▀▀▀▀▀[0m
[38;2;166;68;93;48;2;172;72;98m▀[38;2;164;66;91;48;2;167;67;93m▀[38;2;166;71;93;48;2;169;70;93m▀[38;2;143;54;74;48;2;158;66;87m▀[38;2;143;56;73;48;2;129;42;59m▀[38;2;170;74;94;48;2;173;76;96m▀[38;2;171;73;94;48;2;173;77;97m▀[38;2;175;74;96;48;2;178;78;98m▀[38;2;182;74;94;48;2;185;80;96m▀[38;2;151;70;83;48;2;152;85;90m▀[38;2;137;124;118;48;2;238;233;225m▀[38;2;100;67;67;48;2;84;49;49m▀[38;2;129;50;62;48;2;109;47;54m▀[38;2;63;15;15;48;2;72;28;27m▀[38;2;75;30;30;48;2;50;5;4m▀[38;2;62;13;14;48;2;95;62;59m▀[38;2;52;5;4;48;2;196;183;176m▀[38;2;74;35;33;48;2;241;235;228m▀[38;2;122;94;89;48;2;237;230;229m▀[38;2;154;131;124;48;2;240;228;233m▀[38;2;167;147;141;48;2;239;227;235m▀[38;2;160;144;139;48;2;240;226;235m▀[38;2;157;128;126;48;2;239;226;235m▀[38;2;139;95;95;48;2;238;228;235m▀[38;2;132;47;45;48;2;238;233;239m▀[38;2;121;23;20;48;2;214;197;202m▀[38;2;128;33;36;48;2;150;100;95m▀[38;2;153;103;99;48;2;133;81;78m▀[38;2;253;244;233;48;2;206;194;182m▀[38;2;254;246;237;48;2;253;245;235m▀[38;2;253;246;236;48;2;254;245;236m▀[38;2;203;191;182;48;2;234;229;218m▀[38;2;216;145;133;48;2;196;140;126m▀[38;2;236;157;142;48;2;244;167;149m▀[38;2;237;157;141;48;2;243;166;148m▀[38;2;245;166;147;48;2;247;170;149m▀[38;2;197;122;109;48;2;192;122;110m▀[38;2;237;158;145;48;2;237;161;146m▀[38;2;225;146;135;48;2;231;155;144m▀[38;2;183;125;121;48;2;181;156;146m▀[38;2;253;245;234;48;2;255;247;236m▀[38;2;254;247;237;48;2;255;248;233m▀[38;2;185;155;149;48;2;183;151;146m▀[38;2;168;104;108;48;2;173;131;130m▀[38;2;251;242;230;48;2;254;245;233m▀[38;2;254;246;233;48;2;253;245;232m▀[38;2;249;242;232;48;2;131;113;105m▀[38;2;115;94;87;48;2;53;3;2m▀[38;2;52;6;4;48;2;78;25;25m▀[38;2;135;63;68;48;2;155;83;88m▀[38;2;159;77;83;48;2;145;66;71m▀[38;2;171;84;91;48;2;192;97;106m▀[38;2;187;90;103;48;2;185;89;102m▀[38;2;145;61;72;48;2;149;66;77m▀[38;2;182;83;103;48;2;186;83;102m▀[38;2;184;81;103;48;2;186;83;104m▀[38;2;164;64;84;48;2;162;64;83m▀[38;2;176;76;96;48;2;177;78;98m▀[38;2;171;74;94;48;2;171;76;95m▀[38;2;177;96;111;48;2;190;131;139m▀[38;2;226;231;233;48;2;173;197;204m▀[38;2;104;152;182;48;2;70;128;165m▀[38;2;72;129;168;48;2;68;128;170m▀[38;2;82;140;180;48;2;67;128;170m▀[38;2;79;136;171;48;2;66;129;168m▀[38;2;140;178;196;48;2;65;129;168m▀[38;2;222;232;230m▀[38;2;251;253;247;48;2;82;140;175m▀[38;2;252;253;247;48;2;106;158;183m▀[38;2;245;244;242;48;2;104;156;181m▀[38;2;215;213;213;48;2;80;132;162m▀[38;2;228;222;225;48;2;85;136;165m▀[38;2;176;166;167;48;2;174;201;211m▀[38;2;248;248;243;48;2;249;252;252m▀[38;2;255;255;251;48;2;255;255;252m▀[38;2;255;255;253;48;2;255;255;255m▀[48;2;255;255;254m▀[38;2;255;255;255;48;2;255;255;255m▀▀▀[0m
[38;2;177;73;100;48;2;182;74;102m▀[38;2;173;69;97;48;2;177;73;100m▀[38;2;173;71;98;48;2;177;74;100m▀[38;2;173;75;99;48;2;179;76;100m▀[38;2;121;37;54;48;2;141;55;73m▀[38;2;177;79;99;48;2;174;77;97m▀[38;2;177;79;100;48;2;182;82;101m▀[38;2;180;79;100;48;2;185;82;101m▀[38;2;187;83;97;48;2;188;87;102m▀[38;2;167;108;111;48;2;143;90;92m▀[38;2;132;113;109;48;2;58;13;15m▀[38;2;58;8;12;48;2;54;2;7m▀[38;2;68;11;16;48;2;63;23;23m▀[38;2;53;14;13;48;2;155;139;135m▀[38;2;151;127;126;48;2;64;42;53m▀[38;2;148;126;135;48;2;69;45;77m▀[38;2;88;63;74;48;2;81;53;93m▀[38;2;56;33;41;48;2;80;57;97m▀[38;2;54;25;33;48;2;86;59;99m▀[38;2;85;53;60;48;2;81;46;84m▀[38;2;150;129;136;48;2;60;22;46m▀[38;2;238;223;231;48;2;83;55;62m▀[38;2;239;226;233;48;2;219;207;211m▀[38;2;239;229;235;48;2;228;222;223m▀[38;2;238;228;236;48;2;235;229;233m▀[38;2;238;227;234;48;2;240;232;238m▀[38;2;174;157;157;48;2;181;175;179m▀[38;2;219;196;192;48;2;251;245;246m▀[38;2;209;187;181;48;2;252;246;238m▀[38;2;250;243;232;48;2;234;221;210m▀[38;2;255;245;235;48;2;255;245;235m▀[38;2;252;242;232m▀[38;2;186;137;122;48;2;181;149;134m▀[38;2;249;174;154;48;2;253;183;161m▀[38;2;249;174;153;48;2;254;181;158m▀[38;2;250;176;151;48;2;250;179;155m▀[38;2;188;129;112;48;2;165;111;94m▀[38;2;244;169;148;48;2;246;173;149m▀[38;2;212;149;139;48;2;183;143;134m▀[38;2;214;207;195;48;2;246;245;231m▀[38;2;252;245;231;48;2;252;243;229m▀[38;2;254;246;230;48;2;194;175;164m▀[38;2;184;146;142;48;2;150;107;105m▀[38;2;180;158;150;48;2;210;197;188m▀[38;2;253;246;233;48;2;190;181;170m▀[38;2;155;140;131;48;2;48;13;9m▀[38;2;56;4;4;48;2;70;41;35m▀[38;2;68;39;31;48;2;223;218;205m▀[38;2;210;198;189;48;2;227;220;208m▀[38;2;161;98;102;48;2;127;96;92m▀[38;2;106;44;44;48;2;166;124;121m▀[38;2;195;101;112;48;2;196;108;117m▀[38;2;168;82;91;48;2;155;72;81m▀[38;2;168;80;91;48;2;194;96;113m▀[38;2;190;84;106;48;2;189;86;107m▀[38;2;188;85;106m▀[38;2;155;64;81;48;2;152;63;80m▀[38;2;179;80;100;48;2;182;84;104m▀[38;2;173;79;99;48;2;178;83;103m▀[38;2;188;127;137;48;2;186;122;133m▀[38;2;172;197;206;48;2;177;203;212m▀[38;2;68;130;166;48;2;67;130;165m▀[38;2;67;129;168;48;2;68;130;166m▀[48;2;103;156;178m▀[38;2;66;129;169;48;2;117;162;183m▀[38;2;66;130;169;48;2;121;165;186m▀[38;2;66;130;168;48;2;122;167;187m▀▀[38;2;64;131;168;48;2;108;158;183m▀[48;2;73;136;170m▀[38;2;65;131;167;48;2;67;132;169m▀[38;2;65;131;166;48;2;64;130;168m▀[38;2;85;141;165;48;2;113;158;179m▀[38;2;245;246;250;48;2;249;249;252m▀[38;2;255;253;254;48;2;255;253;255m▀▀[38;2;255;255;255;48;2;255;255;255m▀▀▀▀[0m
[38;2;185;81;104;48;2;194;88;108m▀[38;2;180;74;100;48;2;181;77;100m▀[38;2;178;75;95;48;2;179;76;96m▀[38;2;181;78;99;48;2;183;80;100m▀[38;2;173;76;96;48;2;184;82;104m▀[38;2;157;67;83;48;2;151;61;77m▀[38;2;187;85;102;48;2;190;91;106m▀[38;2;187;86;101;48;2;192;91;105m▀[38;2;187;92;104;48;2;194;99;111m▀[38;2;88;21;25;48;2;81;13;18m▀[38;2;60;3;7;48;2;56;6;8m▀[38;2;69;24;26;48;2;121;99;94m▀[38;2;152;133;127;48;2;110;93;92m▀[38;2;55;37;44;48;2;50;26;51m▀[38;2;60;44;80;48;2;59;43;81m▀[38;2;70;53;92;48;2;61;48;87m▀[38;2;71;55;95;48;2;67;51;90m▀[38;2;72;56;96;48;2;68;52;92m▀[38;2;73;56;98;48;2;69;53;92m▀[38;2;77;55;99;48;2;71;55;94m▀[38;2;83;53;96;48;2;69;53;94m▀[38;2;64;28;53;48;2;72;51;86m▀[38;2;110;80;84;48;2;66;18;28m▀[38;2;252;252;248;48;2;192;179;178m▀[38;2;254;254;252;48;2;254;254;250m▀[38;2;244;242;244;48;2;254;253;253m▀[38;2;216;213;214;48;2;253;252;253m▀[38;2;253;251;253;48;2;254;252;254m▀[38;2;255;252;246;48;2;255;252;249m▀[38;2;254;248;234;48;2;253;248;233m▀[38;2;254;248;233;48;2;254;248;233m▀[38;2;253;246;230;48;2;253;246;230m▀[38;2;180;158;144;48;2;181;164;150m▀[38;2;253;188;165;48;2;252;190;168m▀[38;2;251;183;160;48;2;251;189;162m▀[38;2;192;139;120;48;2;128;87;73m▀[38;2;183;132;115;48;2;227;176;154m▀[38;2;229;172;153;48;2;178;150;141m▀[38;2;200;184;176;48;2;251;241;233m▀[38;2;250;244;233;48;2;228;219;211m▀[38;2;193;181;169;48;2;216;208;198m▀[38;2;222;210;199;48;2;220;207;196m▀[38;2;142;105;104;48;2;159;143;135m▀[38;2;218;209;200;48;2;90;62;58m▀[38;2;63;26;22;48;2;64;29;24m▀[38;2;73;38;34;48;2;219;211;198m▀[38;2;226;215;202;48;2;253;246;231m▀[38;2;254;246;232;48;2;254;246;233m▀[38;2;208;199;189;48;2;188;181;173m▀[38;2;164;154;144;48;2;238;230;222m▀[38;2;152;104;101;48;2;144;89;89m▀[38;2;197;114;120;48;2;166;90;95m▀[38;2;162;79;84;48;2;196;105;109m▀[38;2;198;96;110;48;2;200;100;111m▀[38;2;194;91;108;48;2;196;95;108m▀[38;2;193;90;108;48;2;195;94;109m▀[38;2;153;65;79;48;2;152;66;76m▀[38;2;188;86;107;48;2;190;87;105m▀[38;2;181;83;103;48;2;183;82;106m▀[38;2;184;121;133;48;2;186;130;144m▀[38;2;176;202;211;48;2;173;199;208m▀[38;2;68;129;165;48;2;69;130;166m▀[38;2;102;143;170;48;2;136;179;194m▀[38;2;233;227;231;48;2;236;228;226m▀[38;2;190;159;170;48;2;167;131;139m▀[38;2;166;146;151;48;2;103;68;78m▀[38;2;252;252;252;48;2;249;248;247m▀[38;2;254;255;255;48;2;255;255;254m▀[38;2;250;255;253;48;2;254;254;254m▀[38;2;229;243;245;48;2;254;254;252m▀[38;2;164;196;206;48;2;234;229;226m▀[38;2;168;192;207;48;2;183;131;141m▀[38;2;227;230;232;48;2;156;95;111m▀[38;2;231;232;233;48;2;209;199;204m▀[38;2;254;254;254;48;2;254;254;254m▀[38;2;255;253;255;48;2;255;253;255m▀[38;2;254;254;254;48;2;254;254;254m▀▀▀▀[0m
[38;2;204;95;113;48;2;210;102;117m▀[38;2;181;78;101;48;2;181;77;100m▀[38;2;181;78;98;48;2;183;80;100m▀[38;2;185;82;101;48;2;186;83;102m▀[38;2;187;83;104;48;2;188;85;104m▀[38;2;173;79;100;48;2;186;89;108m▀[38;2;166;75;89;48;2;141;63;75m▀[38;2;191;94;106;48;2;191;100;111m▀[38;2;186;91;103;48;2;177;88;98m▀[38;2;78;10;13;48;2;80;13;15m▀[38;2;64;22;23;48;2;150;113;116m▀[38;2;207;194;189;48;2;182;168;168m▀[38;2;47;18;17;48;2;51;21;17m▀[38;2;87;83;78;48;2;120;131;108m▀[38;2;59;58;75;48;2;69;77;84m▀[38;2;51;44;79;48;2;42;41;76m▀[38;2;54;45;82;48;2;44;41;75m▀[38;2;55;47;83;48;2;45;42;76m▀[38;2;58;47;85;48;2;47;42;77m▀[38;2;60;48;86;48;2;49;42;78m▀[38;2;65;53;90;48;2;51;40;76m▀[38;2;98;87;121m▀[38;2;63;32;50;48;2;46;34;64m▀[38;2;102;71;73;48;2;50;22;24m▀[38;2;252;253;249;48;2;228;226;223m▀[38;2;254;254;251;48;2;254;254;252m▀[38;2;255;253;254;48;2;255;253;254m▀▀[38;2;255;252;249;48;2;255;252;249m▀[38;2;253;248;233;48;2;253;248;233m▀[38;2;254;248;233;48;2;254;248;233m▀[38;2;253;246;230;48;2;253;246;230m▀[38;2;184;171;156;48;2;196;182;166m▀[38;2;251;191;167;48;2;243;190;168m▀[38;2;212;166;148;48;2;176;148;137m▀[38;2;167;132;120;48;2;177;147;140m▀[38;2;206;167;156;48;2;189;175;168m▀[38;2;216;205;200;48;2;254;245;237m▀[38;2;254;243;236;48;2;254;244;233m▀[48;2;255;244;234m▀[38;2;254;246;237;48;2;254;245;235m▀[38;2;200;191;183;48;2;208;197;188m▀[38;2;141;120;115;48;2;60;18;17m▀[38;2;51;19;15;48;2;174;153;147m▀[38;2;203;191;178;48;2;253;245;230m▀[38;2;252;245;230;48;2;254;246;231m▀[38;2;254;246;232m▀[38;2;238;230;218;48;2;253;246;234m▀[38;2;211;205;197;48;2;252;245;235m▀[38;2;205;193;185;48;2;176;154;146m▀[38;2;163;110;107;48;2;158;97;92m▀[38;2;165;87;87;48;2;209;123;117m▀[38;2;204;113;113;48;2;209;117;117m▀[38;2;201;106;109;48;2;206;111;115m▀[38;2;197;100;108;48;2;201;105;111m▀[38;2;194;99;108;48;2;195;101;108m▀[38;2;150;67;74;48;2;149;68;73m▀[38;2;192;87;105;48;2;192;89;105m▀[38;2;186;81;108;48;2;187;84;109m▀[38;2;204;159;172;48;2;220;178;193m▀[38;2;152;186;198;48;2;121;166;183m▀[38;2;69;130;166;48;2;69;129;166m▀[38;2;70;129;166;48;2;67;128;163m▀[38;2;107;153;180;48;2;67;129;165m▀[38;2;170;195;207;48;2;69;132;162m▀[38;2;209;219;226;48;2;70;129;157m▀[38;2;234;238;241;48;2;67;129;160m▀[38;2;240;244;246;48;2;66;128;164m▀[38;2;219;224;227;48;2;65;128;164m▀[38;2;225;233;236;48;2;69;131;169m▀[38;2;239;233;231;48;2;187;206;219m▀[38;2;161;88;93;48;2;218;154;162m▀[38;2;149;74;85;48;2;143;68;71m▀[38;2;221;213;215;48;2;238;237;233m▀[38;2;255;253;255;48;2;255;253;255m▀▀[38;2;254;254;254;48;2;254;254;254m▀▀▀▀[0m
[38;2;221;110;124;48;2;213;104;121m▀[38;2;181;77;99;48;2;187;82;103m▀[38;2;185;82;101;48;2;189;86;105m▀[38;2;188;85;102;48;2;190;87;104m▀[38;2;191;88;103;48;2;193;91;105m▀[38;2;192;91;107;48;2;196;96;108m▀[38;2;167;80;91;48;2;196;101;112m▀[38;2;155;74;82;48;2;120;45;49m▀[38;2;172;82;92;48;2;161;73;79m▀[38;2;80;23;23;48;2;122;74;72m▀[38;2;221;197;198;48;2;240;232;229m▀[38;2;160;140;145;48;2;159;136;142m▀[38;2;57;26;45;48;2;58;27;46m▀[38;2;33;33;65;48;2;31;34;65m▀[38;2;31;35;65;48;2;33;34;66m▀[38;2;36;34;71;48;2;34;33;70m▀[38;2;37;37;73;48;2;34;34;70m▀[38;2;38;38;74m▀▀[38;2;39;38;73;48;2;36;34;70m▀[38;2;45;39;65;48;2;64;63;76m▀[38;2;75;68;83;48;2;232;231;229m▀[38;2;205;202;206;48;2;254;252;251m▀[38;2;166;158;162;48;2;250;247;249m▀[38;2;193;189;189;48;2;246;244;245m▀[38;2;253;253;253;48;2;254;254;252m▀[38;2;255;253;254;48;2;254;253;251m▀[48;2;254;253;250m▀[38;2;254;252;245;48;2;253;252;239m▀[38;2;254;248;234;48;2;253;247;233m▀[38;2;254;248;233;48;2;254;248;232m▀[38;2;252;246;230;48;2;251;246;231m▀[38;2;196;183;174;48;2;182;171;166m▀[38;2;177;149;139;48;2;182;172;168m▀[38;2;165;153;141;48;2;161;152;144m▀[38;2;172;161;151;48;2;253;247;235m▀[38;2;254;245;235;48;2;254;246;233m▀[38;2;255;245;234;48;2;254;247;232m▀[38;2;255;246;231;48;2;254;247;229m▀[38;2;255;246;229;48;2;255;246;228m▀[38;2;247;240;226;48;2;190;151;142m▀[38;2;108;55;54;48;2;122;49;46m▀[38;2;133;100;95;48;2;237;224;213m▀[38;2;253;243;231;48;2;209;202;187m▀[38;2;253;248;232;48;2;174;146;137m▀[38;2;252;249;232;48;2;142;108;101m▀[48;2;120;74;71m▀[38;2;250;247;230;48;2;119;71;69m▀[38;2;241;231;220;48;2;143;110;107m▀[38;2;128;86;80;48;2;185;121;121m▀[38;2;203;123;118;48;2;224;141;136m▀[38;2;213;126;120;48;2;219;134;127m▀[38;2;212;120;119;48;2;215;125;121m▀[38;2;207;114;117;48;2;210;118;120m▀[38;2;203;108;112;48;2;203;110;113m▀[38;2;197;106;111;48;2;193;102;107m▀[38;2;130;54;57;48;2;126;50;54m▀[38;2;191;96;106;48;2;191;98;106m▀[38;2;183;95;113;48;2;182;102;117m▀[38;2;231;211;219;48;2;229;224;229m▀[38;2;92;145;171;48;2;77;132;166m▀[38;2;71;130;166;48;2;94;151;177m▀[38;2;69;132;166;48;2;192;217;221m▀[38;2;68;132;168;48;2;207;225;221m▀[38;2;69;131;167;48;2;210;224;222m▀[38;2;70;131;165;48;2;210;223;220m▀[38;2;68;132;167;48;2;185;208;213m▀[38;2;67;131;165;48;2;122;164;183m▀[38;2;67;130;164;48;2;71;133;159m▀[48;2;71;134;160m▀[38;2;136;165;182;48;2;191;210;219m▀[38;2;225;177;184;48;2;214;160;168m▀[38;2;131;70;71;48;2;129;87;86m▀[38;2;247;247;245;48;2;252;253;252m▀[38;2;254;254;254;48;2;254;254;254m▀▀▀▀▀▀[0m
[38;2;190;84;104;48;2;189;85;103m▀[38;2;191;85;105m▀[38;2;193;87;106;48;2;191;87;106m▀[38;2;193;89;104;48;2;194;92;106m▀[38;2;197;93;106;48;2;198;94;107m▀[38;2;200;97;108;48;2;200;98;109m▀[38;2;200;102;113;48;2;199;101;109m▀[38;2;164;78;85;48;2;201;106;113m▀[38;2;119;38;38;48;2;103;30;28m▀[38;2;151;108;105;48;2;122;76;76m▀[38;2;214;214;212;48;2;232;232;231m▀[38;2;177;160;164;48;2;215;206;205m▀[38;2;59;29;46;48;2;59;30;47m▀[38;2;32;34;65;48;2;35;38;69m▀[38;2;32;34;66;48;2;38;43;78m▀[38;2;36;33;71;48;2;36;37;76m▀[38;2;36;33;63;48;2;53;51;74m▀[38;2;32;34;57;48;2;183;184;192m▀[38;2;48;48;75;48;2;133;135;148m▀[38;2;32;31;59;48;2;39;41;57m▀[38;2;184;185;184;48;2;241;242;241m▀[38;2;254;254;250;48;2;253;254;248m▀[38;2;255;254;251;48;2;255;254;250m▀[38;2;254;253;251m▀[38;2;255;253;254;48;2;255;253;254m▀[38;2;255;253;251;48;2;254;253;251m▀[38;2;255;254;249;48;2;255;255;248m▀[38;2;254;253;247;48;2;254;254;243m▀[38;2;254;250;237;48;2;254;249;234m▀[38;2;254;248;231;48;2;254;247;230m▀[38;2;254;247;230;48;2;254;247;229m▀[38;2;252;245;229;48;2;253;246;230m▀[38;2;241;234;224;48;2;253;244;231m▀[38;2;198;191;183;48;2;252;245;234m▀[38;2;255;246;236;48;2;255;247;236m▀[38;2;254;248;234;48;2;254;248;233m▀[38;2;253;248;229;48;2;253;248;229m▀[38;2;253;248;228;48;2;253;248;228m▀[38;2;253;247;228;48;2;253;247;229m▀[38;2;244;237;218;48;2;252;248;231m▀[38;2;171;95;88;48;2;203;157;151m▀[38;2;152;61;53;48;2;173;102;94m▀[38;2;99;30;26;48;2;174;133;124m▀[38;2;72;8;9;48;2;189;162;152m▀[38;2;62;8;8;48;2;205;193;179m▀[38;2;55;5;4;48;2;224;220;204m▀[38;2;68;12;12;48;2;246;234;220m▀[38;2;92;34;36;48;2;254;235;224m▀[38;2;167;129;127;48;2;248;231;218m▀[38;2;222;172;168;48;2;224;205;192m▀[38;2;226;144;136;48;2;223;146;136m▀[38;2;222;138;126;48;2;225;143;126m▀[38;2;216;131;121;48;2;219;136;124m▀[38;2;211;122;120;48;2;215;126;123m▀[38;2;206;114;116;48;2;212;121;123m▀[38;2;155;76;80;48;2;123;54;55m▀[38;2;136;60;63;48;2;156;80;84m▀[38;2;194;101;107;48;2;197;104;109m▀[38;2;195;133;138;48;2;217;168;166m▀[38;2;194;210;215;48;2;150;187;196m▀[38;2;72;129;161;48;2;73;130;164m▀[38;2;109;153;178;48;2;78;134;167m▀[38;2;210;205;206;48;2;223;234;232m▀[38;2;65;19;32;48;2;134;111;117m▀[38;2;172;81;103;48;2;174;108;121m▀[38;2;158;77;92;48;2;156;76;89m▀[38;2;186;166;166;48;2;172;146;150m▀[38;2;251;252;250;48;2;251;254;251m▀[38;2;219;229;231;48;2;253;253;251m▀[38;2;229;237;240;48;2;253;252;253m▀[38;2;225;215;217;48;2;198;174;177m▀[38;2;147;88;90;48;2;119;60;63m▀[38;2;153;129;128;48;2;208;201;198m▀[38;2;252;252;252;48;2;253;253;254m▀[38;2;254;254;254;48;2;254;254;254m▀▀▀▀▀▀[0m
[38;2;190;88;104;48;2;190;89;103m▀[38;2;189;87;103;48;2;191;90;104m▀[38;2;192;90;104;48;2;193;92;106m▀[38;2;196;95;109;48;2;197;96;110m▀[38;2;198;96;110;48;2;191;92;103m▀[38;2;200;98;108;48;2;201;102;110m▀[38;2;203;104;109;48;2;196;97;101m▀[38;2;185;87;90;48;2;209;110;113m▀[38;2;128;63;62;48;2;170;87;93m▀[38;2;212;199;193;48;2;154;131;132m▀[38;2;198;196;193;48;2;253;252;248m▀[38;2;251;245;243;48;2;254;252;248m▀[38;2;84;58;68;48;2;161;143;143m▀[38;2;48;48;80;48;2;119;110;133m▀[38;2;45;57;98;48;2;75;89;132m▀[38;2;44;56;100;48;2;72;89;136m▀[38;2;24;33;69;48;2;35;53;102m▀[38;2;50;59;87;48;2;42;61;111m▀[38;2;42;54;88;48;2;42;63;114m▀[38;2;42;54;94;48;2;45;68;118m▀[38;2;171;172;184;48;2;118;176;204m▀[38;2;252;252;250;48;2;129;168;186m▀[38;2;251;254;250;48;2;138;148;164m▀[38;2;251;252;249;48;2;71;61;70m▀[38;2;243;242;243;48;2;180;177;178m▀[38;2;253;253;250;48;2;254;253;250m▀[38;2;255;253;245;48;2;254;251;241m▀[38;2;254;251;239;48;2;252;247;234m▀[38;2;252;249;232;48;2;252;248;231m▀[38;2;253;248;229;48;2;253;248;229m▀▀▀[38;2;254;247;230;48;2;254;247;229m▀[38;2;254;247;231m▀▀[38;2;254;247;230m▀[38;2;254;247;229m▀▀▀[38;2;255;248;230m▀[38;2;255;248;231m▀▀[38;2;254;247;230m▀[38;2;255;246;230;48;2;255;246;229m▀[38;2;245;232;216;48;2;253;241;224m▀[38;2;245;226;209;48;2;245;222;207m▀[38;2;246;226;210;48;2;250;233;217m▀[38;2;244;218;202;48;2;247;227;211m▀[38;2;247;225;210;48;2;252;234;219m▀[38;2;239;214;201;48;2;253;239;225m▀[38;2;195;153;144;48;2;236;225;213m▀[38;2;226;145;131;48;2;185;134;126m▀[38;2;221;140;125;48;2;226;144;132m▀[38;2;217;132;125;48;2;219;139;130m▀[38;2;185;104;103;48;2;159;89;88m▀[38;2;145;79;80;48;2;161;89;91m▀[38;2;189;104;109;48;2;206;116;122m▀[38;2;198;109;114;48;2;151;83;85m▀[38;2;229;203;202;48;2;208;211;209m▀[38;2;107;158;174;48;2;83;139;164m▀[38;2;69;131;167;48;2;67;130;168m▀[38;2;68;130;167;48;2;69;130;168m▀[38;2;99;151;178;48;2;67;131;165m▀[38;2;155;187;205;48;2;67;131;164m▀[38;2;192;214;220;48;2;67;132;162m▀[38;2;210;226;226;48;2;68;131;162m▀[38;2;218;231;234;48;2;67;132;161m▀[38;2;216;230;233;48;2;66;132;162m▀[38;2;155;180;189;48;2;68;132;163m▀[38;2;163;194;203;48;2;67;132;166m▀[38;2;217;219;221;48;2;157;191;206m▀[38;2;117;85;87;48;2;236;234;237m▀[38;2;250;247;245;48;2;255;252;252m▀[38;2;254;254;254;48;2;254;254;254m▀▀▀[38;2;255;255;255;48;2;255;255;255m▀▀▀▀[0m
[38;2;190;89;103;48;2;190;89;103m▀[38;2;193;92;106;48;2;195;94;108m▀[38;2;196;95;110;48;2;198;98;111m▀[38;2;196;98;108;48;2;196;98;107m▀[38;2;200;104;111;48;2;200;105;110m▀[38;2;163;77;80;48;2;201;110;112m▀[38;2;202;111;114;48;2;153;75;76m▀[38;2;210;117;120;48;2;197;119;120m▀[38;2;212;122;125;48;2;211;130;129m▀[38;2;157;87;92;48;2;216;136;133m▀[38;2;210;198;197;48;2;158;110;110m▀[38;2;252;253;250;48;2;239;239;235m▀[38;2;246;240;240;48;2;254;251;252m▀[38;2;200;194;198;48;2;203;198;202m▀[38;2;104;115;143;48;2;77;86;110m▀[38;2;78;103;149;48;2;82;113;154m▀[38;2;116;170;209;48;2;117;206;233m▀[38;2;70;130;169;48;2;126;225;249m▀[38;2;63;112;146;48;2;145;228;244m▀[38;2;111;185;206;48;2;179;242;251m▀[38;2;138;229;241;48;2;159;240;246m▀[38;2;136;229;243;48;2;136;229;241m▀[38;2;138;203;223;48;2;113;149;164m▀[38;2;80;62;73;48;2;172;160;154m▀[38;2;244;242;237;48;2;254;251;238m▀[38;2;254;252;242;48;2;253;249;233m▀[38;2;253;248;235;48;2;253;247;231m▀[38;2;254;247;232;48;2;254;246;232m▀[38;2;254;247;230;48;2;254;247;230m▀[38;2;253;248;229;48;2;253;248;229m▀▀▀[38;2;254;247;229;48;2;254;247;229m▀▀▀▀▀▀▀▀▀▀▀[38;2;254;247;230;48;2;254;247;230m▀[38;2;255;248;233;48;2;255;248;233m▀[38;2;255;247;234;48;2;255;247;235m▀[38;2;255;247;232;48;2;255;247;234m▀[38;2;255;248;233m▀[38;2;254;246;231;48;2;253;247;231m▀[38;2;253;248;232;48;2;250;248;230m▀[38;2;252;249;230;48;2;214;211;195m▀[38;2;138;111;101;48;2;125;80;74m▀[38;2;225;144;134;48;2;229;149;140m▀[38;2;192;117;111;48;2;157;90;88m▀[38;2;190;120;120;48;2;184;115;116m▀[38;2;167;93;95;48;2;184;116;117m▀[38;2;182;103;107;48;2;153;79;80m▀[38;2;123;61;61;48;2;168;92;92m▀[38;2;232;203;205;48;2;199;124;133m▀[38;2;147;183;194;48;2;232;210;216m▀[38;2;67;131;160;48;2;222;231;229m▀[38;2;65;129;161;48;2;199;217;219m▀[38;2;65;129;165;48;2;167;194;204m▀[38;2;66;129;171;48;2;150;184;199m▀[38;2;69;132;169;48;2;135;175;197m▀[38;2;69;133;169;48;2;128;169;192m▀[38;2;69;132;169;48;2;114;163;185m▀[38;2;68;133;168;48;2;78;137;168m▀[38;2;67;133;169;48;2;68;134;168m▀[38;2;67;133;168;48;2;84;143;175m▀[38;2;146;173;189;48;2;215;232;237m▀[38;2;252;253;253;48;2;253;254;254m▀[38;2;254;254;254;48;2;255;255;255m▀[48;2;254;254;254m▀[38;2;255;253;255;48;2;255;253;255m▀[48;2;254;254;254m▀[38;2;255;255;255;48;2;255;255;255m▀▀▀▀[0m
[38;2;189;96;107;48;2;137;56;63m▀[38;2;194;98;108;48;2;198;103;113m▀[38;2;197;100;107;48;2;202;105;111m▀[38;2;197;101;106;48;2;201;105;109m▀[38;2;200;102;111;48;2;204;108;112m▀[38;2;205;109;113;48;2;208;114;118m▀[38;2;207;118;118;48;2;211;119;119m▀[38;2;156;85;83;48;2;211;127;124m▀[38;2;187;115;113;48;2;136;76;72m▀[38;2;219;140;135;48;2;143;81;77m▀[38;2;218;144;139;48;2;231;151;141m▀[38;2;162;129;124;48;2;220;151;138m▀[38;2;249;248;245;48;2;186;169;161m▀[38;2;253;247;250;48;2;253;251;252m▀[38;2;201;199;201;48;2;253;252;246m▀[38;2;81;92;107;48;2;242;240;229m▀[38;2;119;179;198;48;2;154;154;150m▀[38;2;134;226;245;48;2;112;142;142m▀[38;2;156;234;246;48;2;108;137;139m▀[38;2;178;235;249;48;2;111;125;124m▀[38;2;152;198;212;48;2;144;137;136m▀[38;2;108;118;128;48;2;211;196;193m▀[38;2;125;108;104;48;2;251;243;232m▀[38;2;252;244;232;48;2;254;250;233m▀[38;2;254;248;231;48;2;254;247;228m▀[38;2;253;248;229;48;2;254;247;229m▀[38;2;254;247;229m▀▀▀▀▀▀▀▀▀▀▀▀▀▀▀▀▀▀[38;2;255;248;232;48;2;255;248;232m▀▀[38;2;255;247;234;48;2;255;247;234m▀▀[38;2;252;247;231;48;2;249;247;230m▀[38;2;243;241;224;48;2;122;100;91m▀[38;2;101;77;69;48;2;177;118;112m▀[38;2;214;148;140;48;2;186;122;114m▀[38;2;146;89;80;48;2;91;55;49m▀[38;2;125;68;67;48;2;69;22;24m▀[38;2;157;98;96;48;2;154;89;87m▀[38;2;154;90;89;48;2;214;135;133m▀[38;2;206;124;125;48;2;208;125;125m▀[38;2;169;89;91;48;2;170;91;91m▀[38;2;204;111;117;48;2;205;115;118m▀[38;2;200;100;109;48;2;204;109;114m▀[38;2;193;99;106;48;2;218;124;128m▀[38;2;200;123;128;48;2;192;98;101m▀[38;2;185;134;143;48;2;155;77;86m▀[38;2;188;173;182;48;2;157;138;140m▀[38;2;180;162;164;48;2;140;115;114m▀[38;2;185;148;151;48;2;121;58;63m▀[38;2;220;223;221;48;2;86;54;51m▀[38;2;227;235;236;48;2;78;48;46m▀[38;2;201;214;219;48;2;211;201;201m▀[38;2;236;247;248;48;2;253;251;252m▀[38;2;253;254;254;48;2;254;253;254m▀[38;2;254;254;254;48;2;254;254;254m▀[38;2;255;255;255;48;2;255;255;255m▀▀▀▀▀▀▀▀[0m
[38;2;181;94;103;48;2;152;85;88m▀[38;2;140;64;69;48;2;145;125;115m▀[38;2;200;108;116;48;2;146;81;85m▀[38;2;203;107;110;48;2;207;112;119m▀[38;2;186;93;94;48;2;210;115;118m▀[38;2;197;107;106;48;2;185;97;95m▀[38;2;210;118;120;48;2;178;94;92m▀[38;2;212;124;119;48;2;219;130;129m▀[38;2;220;135;131;48;2;223;135;131m▀[38;2;146;84;80;48;2;228;144;141m▀[38;2;140;102;93;48;2;181;125;124m▀[38;2;183;126;119;48;2;186;168;164m▀[38;2;206;150;143;48;2;171;147;143m▀[38;2;193;182;176;48;2;153;120;115m▀[38;2;252;250;245;48;2;196;188;178m▀[38;2;253;250;235;48;2;252;249;234m▀[38;2;251;247;232;48;2;251;246;233m▀[38;2;253;251;238;48;2;247;240;228m▀[38;2;254;249;238;48;2;247;235;220m▀[38;2;251;239;226;48;2;247;229;212m▀[38;2;251;235;219;48;2;235;214;200m▀[38;2;249;232;217;48;2;252;233;218m▀[38;2;243;217;205;48;2;250;226;212m▀[38;2;253;243;229;48;2;247;229;216m▀[38;2;254;246;230;48;2;253;247;230m▀[38;2;254;247;229;48;2;254;247;229m▀▀▀▀▀▀▀▀▀▀▀▀▀▀▀[48;2;254;247;231m▀[38;2;254;247;230m▀▀▀[38;2;255;248;232;48;2;254;248;232m▀[48;2;255;248;232m▀[38;2;254;247;233;48;2;245;238;226m▀[38;2;252;248;233;48;2;108;99;89m▀[38;2;128;113;102;48;2;144;96;88m▀[38;2;151;101;94;48;2;191;136;127m▀[38;2;192;140;133;48;2;115;87;86m▀[38;2;103;63;64;48;2;222;210;214m▀[38;2;86;47;45;48;2;148;129;122m▀[38;2;129;64;65;48;2;146;85;79m▀[38;2;225;141;138;48;2;225;142;133m▀[38;2;220;135;131;48;2;219;135;128m▀[38;2;212;128;125;48;2;214;129;125m▀[38;2;174;92;92;48;2;174;94;95m▀[38;2;213;129;134;48;2;218;158;163m▀[38;2;209;126;131;48;2;244;225;230m▀[38;2;227;180;178;48;2;193;209;216m▀[38;2;223;202;195;48;2;116;162;179m▀[38;2;239;230;230;48;2;72;134;156m▀[38;2;211;223;226;48;2;74;131;160m▀[38;2;205;224;227;48;2;75;130;160m▀[38;2;205;225;229;48;2;70;131;159m▀[38;2;215;223;223;48;2;78;137;158m▀[38;2;239;244;237;48;2;158;186;199m▀[38;2;251;255;250;48;2;252;253;252m▀[38;2;253;255;255;48;2;255;255;254m▀[38;2;255;255;255;48;2;255;255;255m▀▀▀▀▀▀▀▀▀▀[0m
[38;2;117;71;69;48;2;111;77;70m▀[38;2;248;249;229;48;2;247;250;229m▀[38;2;186;161;150;48;2;221;199;186m▀[38;2;152;81;82;48;2;189;141;136m▀[38;2;210;119;123;48;2;149;84;82m▀[38;2;213;119;121;48;2;212;126;127m▀[38;2;201;115;114;48;2;214;125;125m▀[38;2;158;85;82;48;2;222;134;133m▀[38;2;203;126;123;48;2;180;108;102m▀[38;2;227;146;142;48;2;162;96;91m▀[38;2;231;152;145;48;2;213;142;129m▀[38;2;203;137;132;48;2;238;161;142m▀[38;2;177;151;148;48;2;238;168;153m▀[38;2;227;219;215;48;2;175;132;125m▀[38;2;161;149;141;48;2;197;185;179m▀[38;2;168;157;148;48;2;241;241;232m▀[38;2;246;241;231;48;2;241;234;225m▀[38;2;242;231;219;48;2;252;240;228m▀[38;2;233;217;200;48;2;253;237;221m▀[38;2;251;231;212;48;2;251;233;215m▀[38;2;246;224;208;48;2;251;236;219m▀[38;2;250;226;210;48;2;254;242;225m▀[38;2;253;234;217;48;2;255;245;227m▀[38;2;255;246;228;48;2;254;247;229m▀[38;2;254;247;229m▀▀▀▀▀▀▀▀▀▀▀▀[38;2;253;245;228;48;2;240;234;217m▀[38;2;212;197;183;48;2;225;209;195m▀[38;2;255;246;229;48;2;255;246;231m▀[38;2;255;246;231;48;2;255;245;233m▀[38;2;254;245;233;48;2;241;233;223m▀[38;2;251;242;231;48;2;92;84;76m▀[38;2;254;245;232;48;2;242;234;222m▀[38;2;253;247;232;48;2;237;229;216m▀[38;2;198;196;181;48;2;153;139;132m▀[38;2;200;187;179;48;2;47;9;6m▀[38;2;89;58;54;48;2;51;4;5m▀[38;2;77;35;32;48;2;88;44;45m▀[38;2;147;106;99;48;2;174;159;159m▀[38;2;129;110;109;48;2;253;250;252m▀[38;2;247;246;244;48;2;254;253;253m▀[38;2;253;252;252;48;2;254;253;251m▀[38;2;206;194;190;48;2;178;161;160m▀[38;2;155;96;89;48;2;179;113;110m▀[38;2;226;146;134;48;2;226;146;134m▀[38;2;223;140;129;48;2;224;144;132m▀[38;2;218;133;127;48;2;223;157;158m▀[38;2;195;152;152;48;2;225;235;235m▀[38;2;225;231;228;48;2;94;143;173m▀[38;2;111;154;182;48;2;68;128;168m▀[38;2;70;133;165;48;2;66;130;163m▀[38;2;68;132;165;48;2;75;139;170m▀[38;2;67;132;166;48;2;116;162;184m▀[38;2;68;131;167;48;2;89;143;173m▀[38;2;70;130;166;48;2;70;130;166m▀[38;2;68;131;164;48;2;69;131;164m▀[38;2;66;132;165;48;2;67;131;166m▀[38;2;66;132;164;48;2;67;132;164m▀[38;2;147;183;195;48;2;71;134;156m▀[38;2;250;251;252;48;2;217;229;233m▀[38;2;254;254;254;48;2;254;254;254m▀▀[38;2;255;255;255;48;2;255;255;255m▀▀▀▀▀▀▀▀[0m
[38;2;73;42;40;48;2;141;120;120m▀[38;2;238;236;222;48;2;134;116;112m▀[38;2;249;240;224;48;2;251;250;234m▀[38;2;191;154;144;48;2;239;218;204m▀[38;2;224;175;166;48;2;197;149;136m▀[38;2;140;88;80;48;2;237;187;174m▀[38;2;210;131;129;48;2;153;101;92m▀[38;2;220;132;130;48;2;192;120;114m▀[38;2;225;139;132;48;2;228;144;136m▀[38;2;230;151;139;48;2;228;145;134m▀[38;2;153;97;88;48;2;229;157;138m▀[38;2;122;70;66;48;2;181;126;116m▀[38;2;188;125;114;48;2;188;169;165m▀[38;2;242;177;166;48;2;176;154;150m▀[38;2;222;167;155;48;2;173;142;131m▀[38;2;175;148;136;48;2;182;132;120m▀[38;2;216;208;196;48;2;185;137;126m▀[38;2;251;247;236;48;2;189;157;147m▀[38;2;254;247;237;48;2;221;210;199m▀[38;2;254;245;230;48;2;253;250;238m▀[38;2;253;247;228;48;2;247;242;228m▀[38;2;254;247;229;48;2;254;248;233m▀[38;2;255;248;231;48;2;255;248;232m▀[38;2;255;248;230m▀[38;2;254;247;229;48;2;254;247;229m▀▀▀▀▀▀▀▀[48;2;255;246;231m▀▀[48;2;255;246;232m▀▀[38;2;254;247;230;48;2;255;246;231m▀[38;2;255;248;232;48;2;254;247;233m▀[38;2;254;247;233;48;2;253;246;235m▀[38;2;254;245;235;48;2;133;125;118m▀[38;2;188;181;173;48;2;163;156;149m▀[38;2;164;154;147;48;2;201;191;184m▀[38;2;159;142;136;48;2;78;51;48m▀[38;2;115;104;97;48;2;140;127;120m▀[38;2;170;158;152;48;2;147;140;135m▀[38;2;74;42;43;48;2;223;211;216m▀[38;2;119;98;99;48;2;254;248;252m▀[38;2;237;231;230;48;2;253;252;254m▀[38;2;253;255;254;48;2;254;254;254m▀▀[38;2;254;254;254m▀[38;2;254;254;252;48;2;253;253;250m▀[38;2;144;121;116;48;2;115;83;77m▀[38;2;210;140;131;48;2;233;159;147m▀[38;2;231;150;138;48;2;234;152;138m▀[38;2;226;147;136;48;2;231;151;139m▀[38;2;232;211;204;48;2;232;226;227m▀[38;2;143;177;188;48;2;91;141;166m▀[38;2;67;129;167;48;2;66;130;168m▀[38;2;66;129;167;48;2;66;130;167m▀[38;2;88;138;160;48;2;168;199;209m▀[38;2;211;225;232;48;2;161;141;144m▀[38;2;222;218;221;48;2;198;193;191m▀[38;2;237;248;246;48;2;231;242;241m▀[38;2;88;144;176;48;2;78;135;165m▀[38;2;68;130;164;48;2;68;131;162m▀[38;2;67;131;166;48;2;68;131;165m▀[48;2;67;131;167m▀[38;2;66;132;166;48;2;65;132;167m▀[38;2;158;193;204;48;2;132;175;187m▀[38;2;254;254;255;48;2;253;254;255m▀[38;2;254;254;254;48;2;254;254;254m▀[38;2;255;255;255;48;2;255;255;255m▀▀▀▀▀▀▀▀[0m
[38;2;246;240;241;48;2;253;253;253m▀[38;2;94;76;81;48;2;247;246;249m▀[38;2;128;111;111;48;2;149;133;140m▀[38;2;247;239;228;48;2;81;54;59m▀[38;2;247;230;215;48;2;167;150;147m▀[38;2;198;158;144;48;2;238;226;216m▀[38;2;203;154;135;48;2;247;222;206m▀[38;2;192;144;124;48;2;246;200;176m▀[38;2;160;99;87;48;2;239;190;165m▀[38;2;224;149;139;48;2;168;122;103m▀[38;2;230;155;137;48;2;172;111;102m▀[38;2;232;160;141;48;2;234;162;144m▀[38;2;190;135;123;48;2;236;162;142m▀[38;2;155;137;134;48;2;210;147;131m▀[38;2;216;209;206;48;2;83;37;32m▀[38;2;250;240;236;48;2;76;40;39m▀[38;2;219;210;201;48;2;127;105;102m▀[38;2;200;190;178;48;2;169;154;149m▀[38;2;183;170;161;48;2;204;195;188m▀[38;2;188;176;167;48;2;237;232;225m▀[38;2;100;90;84;48;2;175;168;163m▀[38;2;150;143;134;48;2;212;205;199m▀[38;2;187;179;167;48;2;177;169;160m▀[38;2;253;246;233;48;2;142;134;124m▀[38;2;253;247;233;48;2;174;166;156m▀[38;2;254;247;230;48;2;241;235;223m▀[38;2;255;248;232;48;2;254;247;233m▀▀[48;2;255;248;232m▀▀▀▀[38;2;254;248;231;48;2;253;250;234m▀[38;2;253;248;234;48;2;251;250;236m▀[38;2;254;247;236;48;2;237;229;220m▀[38;2;254;245;236;48;2;181;164;160m▀[38;2;253;245;234;48;2;119;90;89m▀[38;2;245;234;227;48;2;54;20;20m▀[38;2;169;154;147;48;2;62;33;33m▀[38;2;142;130;125;48;2;186;170;166m▀[38;2;166;155;149;48;2;211;199;193m▀[38;2;212;202;195;48;2;203;192;186m▀[38;2;129;116;111;48;2;199;191;185m▀[38;2;204;194;189;48;2;224;215;209m▀[38;2;128;118;116;48;2;127;112;112m▀[38;2;245;240;243;48;2;251;248;250m▀[38;2;255;252;255;48;2;254;253;255m▀[38;2;254;252;255;48;2;254;252;255m▀[38;2;254;254;254;48;2;255;253;255m▀▀[48;2;254;253;254m▀[38;2;232;230;227;48;2;174;164;160m▀[38;2;129;81;76;48;2;174;129;119m▀[38;2;240;162;154;48;2;234;187;174m▀[38;2;238;156;150;48;2;234;189;177m▀[38;2;234;154;147;48;2;214;166;155m▀[38;2;233;228;229;48;2;207;196;195m▀[38;2;84;135;160;48;2;107;151;171m▀[38;2;65;129;167;48;2;67;128;167m▀[38;2;67;130;168;48;2;67;129;168m▀[38;2;208;221;228;48;2;197;215;218m▀[38;2;105;76;76;48;2;182;176;168m▀[38;2;225;226;220;48;2;124;97;100m▀[38;2;195;191;190;48;2;99;68;75m▀[38;2;147;180;195;48;2;252;249;250m▀[38;2;71;133;161;48;2;180;202;212m▀[38;2;68;132;162;48;2;102;148;177m▀[38;2;70;131;168;48;2;90;142;174m▀[38;2;71;133;163;48;2;148;180;197m▀[38;2;174;198;202;48;2;242;249;248m▀[38;2;254;253;255;48;2;254;254;255m▀[38;2;255;253;255;48;2;255;253;255m▀[38;2;255;255;255;48;2;255;255;255m▀▀▀▀▀▀▀▀[0m
[38;2;254;254;254;48;2;254;255;255m▀[38;2;253;255;254;48;2;254;254;254m▀[38;2;254;253;254;48;2;254;253;254m▀[38;2;237;233;236;48;2;254;252;254m▀[38;2;168;153;158;48;2;254;253;255m▀[38;2;110;88;92;48;2;253;253;253m▀[38;2;108;81;83;48;2;251;252;252m▀[38;2;120;93;96;48;2;253;253;253m▀[38;2;119;87;90;48;2;254;253;255m▀[38;2;107;72;71;48;2;254;252;254m▀[38;2;124;94;95;48;2;254;251;252m▀[38;2;100;67;66;48;2;253;248;250m▀[38;2;151;98;87;48;2;199;186;190m▀[38;2;224;157;137;48;2;123;94;94m▀[38;2;237;175;159;48;2;87;47;44m▀[38;2;135;87;81;48;2;146;105;102m▀[38;2;51;7;3;48;2;144;102;102m▀[38;2;52;6;4;48;2;98;51;52m▀[38;2;52;5;2;48;2;65;20;20m▀[38;2;53;4;4;48;2;70;22;22m▀[38;2;63;20;21;48;2;51;4;8m▀[38;2;120;94;91;48;2;79;43;47m▀[38;2;238;232;222;48;2;217;205;201m▀[38;2;200;194;185;48;2;206;197;187m▀[38;2;187;181;172;48;2;199;190;181m▀[38;2;179;172;164;48;2;232;223;214m▀[38;2;186;176;167;48;2;184;174;166m▀[38;2;195;179;171;48;2;100;79;72m▀[38;2;199;180;173;48;2;138;94;91m▀[38;2;196;178;171;48;2;85;40;39m▀[38;2;177;159;152;48;2;71;34;33m▀[38;2;151;135;127;48;2;47;11;9m▀[38;2;114;95;90;48;2;56;11;14m▀[38;2;78;48;46;48;2;101;52;61m▀[38;2;49;10;13;48;2;82;46;54m▀[38;2;51;8;11;48;2;99;83;86m▀[38;2;54;18;15;48;2;140;154;162m▀[38;2;68;36;35;48;2;138;150;156m▀[38;2;115;95;91;48;2;138;122;119m▀[38;2;191;179;174;48;2;160;147;142m▀[38;2;244;232;225;48;2;147;134;131m▀[38;2;197;185;179;48;2;142;130;127m▀[38;2;244;233;225;48;2;154;143;140m▀[38;2;196;186;180;48;2;164;152;149m▀[38;2;130;115;113;48;2;131;115;113m▀[38;2;253;249;250;48;2;104;90;91m▀[38;2;254;252;253;48;2;247;244;245m▀[38;2;254;253;254;48;2;254;253;253m▀[38;2;255;253;255;48;2;255;253;255m▀[38;2;254;252;254;48;2;254;252;254m▀[38;2;253;251;252;48;2;226;224;225m▀[38;2;122;116;114;48;2;221;217;218m▀[38;2;231;233;225;48;2;134;169;188m▀[38;2;181;205;214;48;2;69;132;170m▀[38;2;157;185;198;48;2;69;131;169m▀[38;2;209;225;227;48;2;82;136;171m▀[38;2;225;221;217;48;2;232;237;238m▀[38;2;182;200;207;48;2;238;240;240m▀[38;2;69;128;165;48;2;115;159;187m▀[38;2;67;129;168;48;2;68;128;168m▀[38;2;138;175;188;48;2;80;132;163m▀[38;2;193;193;185;48;2;225;234;231m▀[38;2;79;43;48;48;2;155;136;137m▀[38;2;184;174;174;48;2;251;249;248m▀[38;2;255;253;253;48;2;255;254;252m▀[38;2;254;253;253;48;2;254;254;254m▀[38;2;254;254;254m▀▀▀▀[38;2;255;253;255;48;2;255;253;255m▀[38;2;255;254;255;48;2;255;254;255m▀[38;2;255;255;255;48;2;255;255;255m▀▀▀▀▀▀▀▀[0m
[38;2;255;255;255;48;2;254;254;254m▀[38;2;254;254;254m▀▀▀[38;2;255;255;255;48;2;255;255;255m▀▀▀[38;2;254;255;255m▀[38;2;253;254;254;48;2;254;252;254m▀[48;2;247;245;247m▀[38;2;254;253;254;48;2;185;175;181m▀[38;2;252;252;254;48;2;115;90;102m▀[38;2;241;234;237;48;2;65;40;52m▀[38;2;100;79;86;48;2;158;155;160m▀[38;2;182;176;179;48;2;231;249;247m▀[38;2;215;228;225;48;2;223;252;247m▀[38;2;109;119;115;48;2;173;184;185m▀[38;2;129;135;136;48;2;99;105;113m▀[38;2;99;84;91;48;2;174;175;197m▀[38;2;100;85;95;48;2;155;151;169m▀[38;2;171;161;170;48;2;150;145;155m▀[38;2;146;135;142;48;2;224;219;225m▀[38;2;122;106;110;48;2;254;252;253m▀[38;2;157;131;133;48;2;252;253;252m▀[38;2;151;124;123;48;2;252;254;252m▀[38;2;134;107;106;48;2;253;252;251m▀[38;2;190;166;163;48;2;222;215;215m▀[38;2;178;158;151;48;2;166;148;148m▀[38;2;240;192;166;48;2;146;122;111m▀[38;2;239;193;165;48;2;219;190;159m▀[38;2;175;160;156;48;2;178;158;159m▀[38;2;179;177;173;48;2;253;251;252m▀[38;2;125;129;128;48;2;153;145;152m▀[38;2;131;136;138;48;2;136;155;156m▀[38;2;106;108;112;48;2;158;179;185m▀[38;2;119;124;134;48;2;116;123;137m▀[38;2;128;160;167;48;2;134;155;170m▀[38;2;135;162;165;48;2;115;118;128m▀[38;2;107;96;96;48;2;231;227;225m▀[38;2;184;176;174;48;2;253;250;249m▀[38;2;254;252;248;48;2;254;254;252m▀[38;2;254;253;250;48;2;253;255;254m▀[38;2;255;254;251;48;2;255;255;255m▀[38;2;254;254;251;48;2;255;255;254m▀[38;2;254;251;251;48;2;253;252;253m▀[38;2;165;154;156;48;2;230;224;226m▀[38;2;192;186;187;48;2;136;128;128m▀[38;2;254;253;254;48;2;254;252;253m▀[38;2;254;252;254;48;2;253;253;253m▀[38;2;252;251;251;48;2;210;206;205m▀[38;2;237;236;238;48;2;212;224;225m▀[38;2;155;184;203;48;2;75;133;163m▀[38;2;68;131;164;48;2;68;131;165m▀[38;2;67;131;167;48;2;68;131;166m▀[38;2;69;131;171;48;2;69;131;167m▀[38;2;73;131;172;48;2;111;156;185m▀[38;2;216;218;221;48;2;243;232;231m▀[38;2;228;191;176;48;2;204;149;136m▀[38;2;223;232;234;48;2;202;180;176m▀[38;2;81;135;172;48;2;158;185;201m▀[38;2;70;130;168;48;2;70;128;167m▀[38;2;139;172;186;48;2;76;130;163m▀[38;2;251;253;251;48;2;201;220;223m▀[38;2;254;254;252;48;2;253;254;253m▀[38;2;254;254;254;48;2;255;255;255m▀[38;2;255;255;255m▀▀▀[38;2;254;254;254;48;2;254;254;254m▀▀▀▀[38;2;255;255;255;48;2;255;255;255m▀▀▀▀▀▀▀▀[0m
[38;2;254;254;254;48;2;254;254;254m▀▀▀▀[38;2;255;255;255;48;2;255;255;255m▀▀▀[38;2;254;253;255;48;2;255;253;255m▀[38;2;237;233;237;48;2;173;167;171m▀[38;2;86;78;82;48;2;177;171;175m▀[38;2;138;142;144;48;2;226;252;248m▀[38;2;155;168;169;48;2;223;251;248m▀[38;2;134;159;162;48;2;197;224;226m▀[38;2;148;175;178;48;2;145;173;176m▀[38;2;222;249;249;48;2;202;230;233m▀[38;2;222;252;250;48;2;222;251;252m▀[38;2;226;249;247;48;2;220;249;249m▀[38;2;146;157;161;48;2;220;247;246m▀[38;2;167;169;183;48;2;137;149;152m▀[38;2;157;150;158;48;2;133;128;134m▀[38;2;254;252;255;48;2;254;252;254m▀[38;2;254;254;254;48;2;254;254;254m▀▀[38;2;253;255;254m▀[48;2;254;255;255m▀[38;2;254;255;255m▀[38;2;253;255;255m▀[38;2;255;255;254;48;2;255;255;255m▀[38;2;251;249;248;48;2;254;254;254m▀[38;2;192;182;180m▀[38;2;157;146;146;48;2;234;229;229m▀[38;2;199;188;190;48;2;127;74;88m▀[38;2;123;86;96;48;2;189;94;117m▀[38;2;136;132;135;48;2;120;67;79m▀[38;2;157;180;185;48;2;170;170;180m▀[38;2;125;149;159;48;2;142;158;170m▀[38;2;131;149;166;48;2;125;148;160m▀[38;2;130;127;135;48;2;114;113;117m▀[38;2;255;254;250;48;2;253;254;249m▀[48;2;255;255;251m▀[38;2;255;255;253;48;2;255;255;253m▀▀[38;2;255;255;255;48;2;255;255;255m▀[38;2;254;254;254;48;2;254;254;254m▀▀[38;2;252;249;250;48;2;250;247;248m▀[38;2;108;92;92;48;2;125;110;110m▀[38;2;123;102;104;48;2;186;166;168m▀[38;2;128;101;105;48;2;148;124;128m▀[38;2;168;151;153;48;2;204;195;195m▀[38;2;151;181;191;48;2;123;168;184m▀[38;2;69;131;169;48;2;65;133;174m▀[38;2;67;130;169;48;2;66;131;172m▀[38;2;67;131;168;48;2;66;130;171m▀[38;2;76;129;166;48;2;82;133;169m▀[38;2;215;225;233;48;2;208;211;211m▀[38;2;192;155;161;48;2;118;105;105m▀[38;2;104;67;63;48;2;235;235;228m▀[38;2;211;204;199;48;2;248;253;252m▀[38;2;238;241;242;48;2;250;253;254m▀[38;2;88;137;170;48;2;151;179;198m▀[38;2;70;130;168;48;2;68;128;168m▀[38;2;107;157;173;48;2;73;132;164m▀[38;2;247;251;250;48;2;198;222;226m▀[38;2;255;255;255;48;2;255;255;255m▀▀▀▀[38;2;254;254;254;48;2;254;254;254m▀▀▀▀[38;2;255;255;255;48;2;255;255;255m▀▀▀▀▀▀▀▀[0m
[38;2;255;255;255;48;2;255;255;255m▀▀▀▀▀▀▀[38;2;254;254;254;48;2;254;255;251m▀[38;2;170;163;163;48;2;237;232;228m▀[38;2;160;149;152;48;2;76;60;61m▀[38;2;226;251;246;48;2;211;226;225m▀[38;2;226;250;247;48;2;225;250;247m▀[38;2;223;249;249;48;2;222;249;247m▀[38;2;222;248;248m▀[38;2;193;218;218;48;2;210;236;236m▀[38;2;222;248;247;48;2;176;201;203m▀[38;2;221;248;247;48;2;185;210;213m▀[38;2;219;248;246;48;2;191;216;219m▀[38;2;225;247;246;48;2;191;216;216m▀[38;2;132;138;139;48;2;188;209;209m▀[38;2;162;160;165;48;2;135;149;154m▀[38;2;229;229;236;48;2;176;182;196m▀[38;2;242;242;244;48;2;183;187;214m▀[38;2;253;252;252;48;2;188;191;215m▀[38;2;254;254;252;48;2;204;205;221m▀[38;2;254;254;254;48;2;228;227;235m▀[38;2;255;255;254;48;2;247;246;249m▀[38;2;255;255;255;48;2;254;254;254m▀[48;2;255;255;255m▀[38;2;254;255;255;48;2;254;255;255m▀[38;2;254;253;251;48;2;253;254;252m▀[38;2;159;123;129;48;2;180;162;164m▀[38;2;194;91;119;48;2;154;52;79m▀[38;2;182;83;108;48;2;177;76;102m▀[38;2;132;113;122;48;2;158;115;127m▀[38;2;173;167;178;48;2;188;183;186m▀[38;2;143;166;174;48;2;232;248;248m▀[38;2;121;124;128;48;2;200;210;213m▀[38;2;240;239;235;48;2;193;188;188m▀[38;2;254;254;250;48;2;255;255;251m▀[38;2;255;255;253;48;2;255;255;253m▀▀[38;2;254;254;254;48;2;254;254;254m▀[38;2;255;255;253;48;2;255;255;253m▀[38;2;254;254;252;48;2;253;254;251m▀[38;2;223;224;233;48;2;193;199;217m▀[38;2;135;129;136;48;2;186;184;195m▀[38;2;209;198;198;48;2;96;85;87m▀[38;2;254;253;249;48;2;234;231;228m▀[38;2;254;255;250;48;2;253;253;249m▀[38;2;146;180;192;48;2;217;230;231m▀[38;2;66;133;173;48;2;73;134;166m▀[38;2;67;132;174;48;2;64;132;174m▀[38;2;67;132;172;48;2;67;132;172m▀[38;2;73;131;168;48;2;65;131;165m▀[38;2;223;237;239;48;2;136;170;186m▀[38;2;252;255;254;48;2;249;254;254m▀[38;2;251;255;254;48;2;251;255;255m▀[38;2;250;254;254;48;2;250;254;254m▀[48;2;244;248;249m▀[38;2;191;219;226;48;2;126;166;180m▀[38;2;68;129;164;48;2;68;130;162m▀[38;2;73;131;167;48;2;73;131;165m▀[38;2;167;198;207;48;2;167;197;205m▀[38;2;254;255;255;48;2;255;255;255m▀[38;2;255;255;255m▀▀▀▀▀▀▀▀▀▀▀▀▀▀▀[0m
[38;2;255;255;255;48;2;255;255;255m▀▀▀▀▀▀▀▀[38;2;254;254;251;48;2;254;254;254m▀[38;2;196;187;185;48;2;253;252;252m▀[38;2;76;66;69;48;2;96;76;85m▀[38;2;218;225;226;48;2;129;123;128m▀[38;2;225;249;247;48;2;165;174;173m▀[38;2;217;251;248;48;2;229;248;247m▀[38;2;213;240;243;48;2;222;248;249m▀[38;2;127;153;157;48;2;152;181;185m▀[38;2;126;152;159;48;2;148;178;185m▀[38;2;123;148;156;48;2;149;179;187m▀[38;2;125;149;159;48;2;163;193;202m▀[38;2;128;151;160;48;2;183;215;222m▀[38;2;130;147;157;48;2;193;224;229m▀[38;2;116;124;133;48;2;148;169;172m▀[38;2;208;208;217;48;2;169;169;173m▀[38;2;246;248;250;48;2;252;253;254m▀[38;2;252;254;254;48;2;253;255;252m▀[38;2;252;255;252;48;2;253;255;250m▀[38;2;236;236;239;48;2;254;254;251m▀[38;2;217;215;224;48;2;223;221;231m▀[38;2;243;242;246;48;2;188;190;215m▀[38;2;253;252;253;48;2;210;210;226m▀[38;2;252;254;253;48;2;244;247;248m▀[38;2;208;199;198;48;2;215;212;211m▀[38;2;147;58;80;48;2;155;79;98m▀[38;2;182;81;107;48;2;194;89;115m▀[38;2;168;87;109;48;2;186;90;114m▀[38;2;175;168;166;48;2;118;88;91m▀[38;2;228;251;243;48;2;101;90;98m▀[38;2;185;196;196;48;2;114;104;110m▀[38;2;143;137;137;48;2;136;130;134m▀[38;2;254;253;249;48;2;235;234;233m▀[38;2;255;255;253;48;2;254;254;254m▀▀[38;2;254;254;252;48;2;254;254;253m▀[48;2;235;235;239m▀[38;2;225;224;231;48;2;223;222;230m▀[38;2;231;231;238;48;2;252;252;252m▀[38;2;253;252;253;48;2;251;249;252m▀[38;2;211;206;207;48;2;166;166;169m▀[38;2;89;65;70;48;2;144;157;154m▀[38;2;100;84;86;48;2;157;159;157m▀[38;2;208;208;207;48;2;60;42;46m▀[38;2;170;194;206;48;2;219;214;213m▀[38;2;70;133;170;48;2;163;190;207m▀[38;2;64;131;172;48;2;68;131;168m▀[38;2;68;133;169;48;2;67;132;171m▀[38;2;67;133;167;48;2;67;132;170m▀[38;2;112;153;177;48;2;68;131;170m▀[38;2;160;192;204;48;2;70;130;168m▀[38;2;151;186;200m▀[38;2;98;141;166;48;2;69;130;170m▀[38;2;71;128;160;48;2;67;130;165m▀[38;2;68;129;162;48;2;68;129;164m▀[38;2;73;130;161;48;2;93;145;167m▀[38;2;192;215;219;48;2;239;248;248m▀[38;2;255;255;254;48;2;253;255;255m▀[38;2;255;255;255;48;2;255;255;255m▀▀▀▀▀▀▀▀▀▀▀▀▀▀▀[0m
[38;2;255;255;255;48;2;255;255;255m▀▀▀▀▀▀▀▀▀[38;2;252;251;251;48;2;255;253;254m▀[38;2;97;74;83;48;2;104;81;91m▀[38;2;239;242;244;48;2;220;235;233m▀[38;2;196;206;207;48;2;222;246;244m▀[38;2;134;140;142;48;2;226;246;245m▀[38;2;150;157;159;48;2;225;240;240m▀[38;2;207;218;220;48;2;172;182;185m▀[38;2;226;242;245;48;2;156;163;164m▀[38;2;222;243;245;48;2;162;167;167m▀[38;2;228;251;251;48;2;162;167;170m▀[38;2;223;249;251;48;2;157;164;166m▀[38;2;226;249;248;48;2;157;156;154m▀[38;2;210;225;222;48;2;98;95;92m▀[38;2;139;136;139;48;2;162;170;184m▀[38;2;170;180;180;48;2;173;199;209m▀[38;2;166;179;177;48;2;164;200;209m▀[38;2;169;178;176;48;2;164;198;207m▀[38;2;167;173;174;48;2;159;196;204m▀[38;2;147;152;158;48;2;160;195;203m▀[38;2;127;129;141;48;2;138;153;158m▀[38;2;152;148;163;48;2;145;147;150m▀[38;2;182;179;189;48;2;188;191;197m▀[38;2;197;195;196;48;2;161;165;167m▀[38;2;115;48;63;48;2;108;61;69m▀[38;2;158;68;85;48;2;130;57;68m▀[38;2;180;87;106;48;2;113;44;54m▀[38;2;155;106;112;48;2;122;100;99m▀[38;2;131;130;143;48;2;147;167;180m▀[38;2;132;123;129;48;2;120;124;126m▀[38;2;147;143;148;48;2;154;152;155m▀[38;2;164;163;165;48;2;131;128;133m▀[38;2;253;252;253;48;2;127;125;128m▀[38;2;253;252;254;48;2;110;109;114m▀[38;2;229;228;231;48;2;90;87;94m▀[38;2;197;193;205;48;2;108;106;116m▀[38;2;214;212;219;48;2;118;134;138m▀[38;2;164;164;167;48;2;158;190;186m▀[38;2;125;135;138;48;2;164;200;200m▀[38;2;157;181;184;48;2;194;228;231m▀[38;2;202;236;232;48;2;218;253;251m▀[38;2;196;232;225;48;2;183;219;215m▀[38;2;163;170;169;48;2;205;236;232m▀[38;2;94;76;79;48;2;149;150;151m▀[38;2;249;244;243;48;2;168;157;161m▀[38;2;195;216;224;48;2;253;251;250m▀[38;2;92;145;172;48;2;239;247;247m▀[38;2;66;132;169;48;2;167;197;208m▀[38;2;65;130;168;48;2;105;153;176m▀[38;2;67;131;169;48;2;75;132;165m▀[38;2;68;130;170;48;2;76;131;163m▀[38;2;71;129;167;48;2;97;144;167m▀[38;2;72;130;166;48;2;148;180;194m▀[38;2;85;139;169;48;2;225;238;241m▀[38;2;206;224;231;48;2;250;254;253m▀[38;2;252;254;254;48;2;252;253;254m▀[38;2;254;255;255;48;2;254;255;255m▀[38;2;255;255;255;48;2;255;255;255m▀▀▀▀▀▀▀▀▀▀▀▀▀▀▀[0m
[38;2;255;255;255;48;2;255;255;255m▀▀▀▀▀▀▀▀▀[38;2;254;254;254;48;2;255;255;252m▀[38;2;112;93;96;48;2;119;101;101m▀[38;2;194;206;202;48;2;129;135;130m▀[38;2;224;248;245;48;2;168;191;191m▀[38;2;222;247;246;48;2;131;156;159m▀[38;2;186;212;212;48;2;150;179;181m▀[38;2;158;184;186;48;2;200;229;231m▀[38;2;160;182;183;48;2;220;250;251m▀[38;2;164;182;183;48;2;221;252;251m▀[38;2;153;172;172;48;2;221;251;251m▀[38;2;156;172;173;48;2;201;228;229m▀[38;2;161;163;165;48;2;135;144;147m▀[38;2;181;187;184;48;2;228;246;244m▀[38;2;175;193;198;48;2;227;249;250m▀[38;2;141;162;169;48;2;228;250;252m▀[38;2;131;149;156;48;2;227;251;253m▀[38;2;136;151;159;48;2;226;252;253m▀[38;2;142;156;164;48;2;224;252;254m▀[38;2;155;172;176;48;2;225;252;254m▀[38;2;220;237;239;48;2;225;249;251m▀[38;2;230;248;249;48;2;226;249;249m▀[38;2;227;247;250;48;2;222;250;251m▀[38;2;230;248;249m▀[38;2;139;123;126;48;2;170;164;168m▀[38;2;125;50;67;48;2;154;69;93m▀[38;2;144;61;77;48;2;166;76;97m▀[38;2;139;57;76;48;2;181;86;109m▀[38;2;121;116;119;48;2;185;114;132m▀[38;2;142;143;141;48;2;122;92;98m▀[38;2;128;121;124;48;2;152;142;145m▀[38;2;163;156;159;48;2;157;147;152m▀[38;2;110;103;110;48;2;124;116;125m▀[38;2;170;181;187;48;2;146;171;176m▀[38;2;155;168;173;48;2;172;207;210m▀[38;2;150;164;169;48;2;217;247;249m▀[38;2;158;183;184;48;2;183;212;212m▀[38;2;165;198;195;48;2;160;187;186m▀[38;2;185;217;218;48;2;151;181;181m▀[38;2;194;226;228;48;2;194;224;224m▀[38;2;186;219;219;48;2;211;242;241m▀[38;2;185;218;217;48;2;219;251;250m▀[38;2;221;252;249;48;2;222;252;250m▀[38;2;218;245;240;48;2;222;251;248m▀[38;2;102;93;96;48;2;172;169;171m▀[38;2;245;242;242;48;2;176;168;168m▀[38;2;254;254;252;48;2;254;254;254m▀[38;2;253;255;254;48;2;253;255;254m▀▀▀▀▀[38;2;254;254;252;48;2;254;254;254m▀[38;2;252;255;254m▀[48;2;253;255;254m▀[38;2;253;254;255;48;2;252;254;255m▀[38;2;255;255;255;48;2;254;255;255m▀▀[48;2;255;255;255m▀▀▀▀▀▀▀▀▀▀▀▀▀▀[0m
[38;2;255;255;255;48;2;255;255;255m▀▀▀▀▀▀▀▀▀[38;2;255;255;253;48;2;255;255;253m▀[38;2;132;119;121;48;2;148;136;138m▀[38;2;105;105;106;48;2;135;140;141m▀[38;2;143;168;170;48;2;103;119;124m▀[38;2;151;181;185;48;2;187;220;224m▀[38;2;204;235;237;48;2;219;253;253m▀[38;2;219;253;252;48;2;220;252;250m▀[38;2;220;252;251;48;2;220;252;251m▀[38;2;221;251;251;48;2;221;251;251m▀[38;2;222;250;251;48;2;223;250;252m▀[38;2;224;245;247;48;2;208;230;231m▀[38;2;163;167;169;48;2;189;194;196m▀[38;2;222;249;246;48;2;220;250;248m▀[38;2;223;252;248;48;2;222;253;247m▀[38;2;225;251;250;48;2;223;252;248m▀[38;2;222;252;249;48;2;221;252;247m▀[38;2;221;252;250;48;2;221;251;249m▀[38;2;220;252;251m▀[38;2;221;252;250;48;2;222;251;249m▀[38;2;223;251;249m▀[38;2;224;250;249;48;2;223;250;249m▀[38;2;223;250;251;48;2;222;250;251m▀[48;2;214;242;242m▀[38;2;153;153;155;48;2;130;138;137m▀[38;2;145;82;97;48;2;122;91;92m▀[38;2;181;90;111;48;2;207;148;161m▀[38;2;174;79;101;48;2;197;121;139m▀[38;2;205;124;146;48;2;203;131;149m▀[38;2;187;156;166;48;2;194;166;172m▀[38;2;134;129;137;48;2;142;135;148m▀[38;2;147;168;179;48;2;142;161;173m▀[38;2;155;151;162;48;2;144;155;163m▀[38;2;130;142;149;48;2;131;125;137m▀[38;2;148;186;189;48;2;151;188;191m▀[38;2;199;230;232;48;2;169;202;205m▀[38;2;221;251;249;48;2;221;251;247m▀[38;2;222;251;248;48;2;222;251;247m▀[38;2;221;251;248m▀[38;2;221;251;249m▀[38;2;219;252;249;48;2;221;251;249m▀[38;2;221;251;249m▀▀[38;2;220;252;249;48;2;220;252;249m▀[38;2;226;239;239;48;2;226;250;249m▀[38;2;119;110;112;48;2;123;118;119m▀[38;2;252;252;252;48;2;243;241;242m▀[38;2;253;254;254;48;2;253;254;254m▀[38;2;253;255;254;48;2;253;255;254m▀▀[38;2;246;234;239;48;2;230;148;166m▀[38;2;236;182;196;48;2;240;84;115m▀[38;2;244;223;226;48;2;223;102;121m▀[38;2;252;250;252;48;2;242;217;222m▀[38;2;251;254;254;48;2;250;252;253m▀[38;2;251;253;255;48;2;233;188;201m▀[38;2;251;250;253;48;2;232;108;136m▀[38;2;252;248;252;48;2;233;89;119m▀[38;2;252;253;254;48;2;232;183;197m▀[38;2;253;253;254;48;2;249;251;253m▀[38;2;254;255;255;48;2;254;255;255m▀▀▀▀[38;2;255;255;255;48;2;255;255;255m▀▀▀▀▀▀▀▀[0m
[38;2;255;255;255;48;2;255;255;255m▀▀▀▀▀▀▀▀▀[38;2;255;255;253;48;2;255;255;253m▀[38;2;164;153;156;48;2;185;174;177m▀[38;2;130;137;136;48;2;116;123;122m▀[38;2;123;143;146;48;2;151;179;182m▀[38;2;156;180;184;48;2;107;131;136m▀[38;2;223;252;251;48;2;160;183;186m▀[38;2;221;252;248;48;2;220;248;246m▀[38;2;221;251;249;48;2;221;251;249m▀[48;2;221;252;247m▀[38;2;226;250;248;48;2;228;249;243m▀[38;2;183;197;197;48;2;149;155;154m▀[38;2;213;237;233;48;2;224;249;243m▀[38;2;222;251;247;48;2;223;252;247m▀[38;2;223;252;247m▀[38;2;223;252;248;48;2;223;252;248m▀[38;2;221;252;247;48;2;221;252;247m▀[38;2;221;251;249;48;2;221;251;249m▀▀▀[38;2;222;251;249;48;2;222;251;249m▀[38;2;221;251;249m▀[38;2;220;251;251;48;2;220;251;251m▀[38;2;183;215;214;48;2;163;196;195m▀[38;2;126;135;136;48;2;123;133;135m▀[38;2;189;179;178;48;2;249;250;248m▀[38;2;156;141;141;48;2;148;133;133m▀[38;2;203;183;185;48;2;115;91;93m▀[38;2;202;169;177;48;2;136;111;114m▀[38;2;190;169;172;48;2;151;133;135m▀[38;2;133;126;139;48;2;121;114;130m▀[38;2;138;155;167;48;2;132;149;162m▀[38;2;152;178;186;48;2;144;175;186m▀[38;2;109;102;113;48;2;135;147;155m▀[38;2;150;176;180;48;2;133;145;152m▀[38;2;160;197;197;48;2;159;196;196m▀[38;2;220;250;249;48;2;220;250;249m▀[38;2;222;251;248;48;2;222;251;248m▀[38;2;222;251;247;48;2;222;251;247m▀▀[38;2;221;251;249;48;2;221;251;249m▀▀▀▀[38;2;223;250;248;48;2;222;250;249m▀[38;2;163;163;164;48;2;181;185;186m▀[38;2;209;206;206;48;2;187;183;183m▀[38;2;253;254;254;48;2;253;254;254m▀[38;2;253;255;254;48;2;253;255;254m▀▀[38;2;226;163;176;48;2;249;238;241m▀[38;2;245;80;116;48;2;227;109;133m▀[38;2;247;78;114;48;2;250;75;115m▀[38;2;233;104;137;48;2;248;77;122m▀[38;2;234;134;160;48;2;247;76;119m▀[38;2;234;83;119;48;2;248;76;118m▀[38;2;241;79;115;48;2;246;77;116m▀[38;2;245;78;113;48;2;242;97;132m▀[38;2;227;135;161;48;2;241;214;225m▀[38;2;250;250;254;48;2;249;252;253m▀[38;2;252;255;254;48;2;254;255;255m▀[38;2;254;255;255m▀▀▀[38;2;255;255;255;48;2;255;255;255m▀▀▀▀▀▀▀▀[0m
[38;2;255;255;255;48;2;255;255;255m▀▀▀▀▀▀▀▀▀[38;2;254;254;253;48;2;254;253;252m▀[38;2;203;193;195;48;2;169;154;161m▀[38;2;102;109;111;48;2;90;97;104m▀[38;2;141;177;180;48;2;138;177;183m▀[38;2;146;180;188;48;2;144;179;189m▀[38;2;106;120;129;48;2;156;183;191m▀[38;2;156;177;181;48;2;98;103;114m▀[38;2;222;251;250;48;2;224;251;245m▀[38;2;225;251;242;48;2;182;190;185m▀[38;2;170;180;175;48;2;223;227;224m▀[38;2;167;176;174;48;2;171;183;179m▀[38;2;225;250;244;48;2;227;250;244m▀[38;2;222;251;246;48;2;222;251;246m▀▀▀[38;2;222;251;247;48;2;222;251;247m▀▀[38;2;222;251;249;48;2;221;251;249m▀▀[38;2;222;251;250;48;2;222;250;251m▀[38;2;221;251;252;48;2;221;250;253m▀[38;2;199;229;231;48;2;171;204;210m▀[38;2;161;194;193;48;2;152;183;185m▀[38;2;118;113;117;48;2;109;89;97m▀[38;2;248;243;241;48;2;145;124;127m▀[38;2;138;120;121;48;2;127;103;106m▀[38;2;138;112;115;48;2;138;113;116m▀[38;2;135;109;112;48;2;112;88;90m▀[38;2;103;77;80;48;2;106;81;84m▀[38;2;121;108;121;48;2;117;100;110m▀[38;2;136;154;166;48;2;134;148;160m▀[38;2;141;178;185;48;2;145;172;180m▀[38;2;139;160;165;48;2;134;134;146m▀[38;2;158;152;160;48;2;129;111;120m▀[38;2;151;175;175;48;2;97;98;101m▀[38;2;220;249;246;48;2;216;244;241m▀[38;2;222;251;247;48;2;222;251;247m▀▀▀[38;2;222;251;249;48;2;222;251;249m▀▀▀[38;2;221;251;249;48;2;221;251;249m▀[38;2;222;251;249;48;2;225;249;248m▀[38;2;180;184;184;48;2;146;146;146m▀[38;2;187;182;183;48;2;215;211;211m▀[38;2;253;254;253;48;2;253;253;251m▀[38;2;254;254;254;48;2;255;253;254m▀[38;2;253;255;254;48;2;254;254;254m▀[38;2;252;254;253;48;2;253;254;254m▀[38;2;240;213;217;48;2;252;251;251m▀[38;2;237;93;123;48;2;233;158;174m▀[38;2;245;78;119;48;2;237;83;116m▀[38;2;244;79;118;48;2;233;83;118m▀[38;2;244;79;117;48;2;236;176;191m▀[38;2;225;140;154;48;2;251;251;253m▀[38;2;245;236;239;48;2;252;251;254m▀[38;2;255;253;255;48;2;254;254;254m▀[38;2;253;254;255m▀[38;2;255;255;255;48;2;255;255;255m▀▀▀▀▀▀▀▀▀▀▀▀[0m
[38;2;255;255;255;48;2;255;255;255m▀▀▀▀▀▀[38;2;254;254;254;48;2;254;254;254m▀[38;2;253;253;253;48;2;212;210;211m▀[38;2;202;190;195;48;2;64;29;41m▀[38;2;79;51;60;48;2;127;138;135m▀[38;2;78;72;80;48;2;136;167;169m▀[38;2;127;152;161;48;2;135;171;181m▀[38;2;139;176;185;48;2;139;176;187m▀[38;2;142;177;188;48;2;140;177;188m▀[38;2;150;180;187;48;2;149;177;188m▀[38;2;105;112;120;48;2;130;138;147m▀[38;2;212;221;221;48;2;133;124;130m▀[38;2;193;200;198;48;2;230;250;244m▀[38;2;226;244;242;48;2;213;242;240m▀[38;2;150;173;170;48;2;150;186;185m▀[38;2;223;251;246;48;2;221;251;246m▀[38;2;222;251;246;48;2;222;251;245m▀[48;2;222;251;246m▀▀[38;2;222;251;247;48;2;221;250;246m▀[38;2;221;252;247;48;2;207;238;234m▀[38;2;221;252;250;48;2;186;225;220m▀[38;2;220;251;249;48;2;167;210;204m▀[38;2;206;241;240;48;2;157;202;200m▀[38;2;181;217;222;48;2;155;200;203m▀[38;2;157;195;198;48;2;150;184;186m▀[38;2;108;128;131;48;2;120;143;144m▀[38;2;124;94;103;48;2;118;92;100m▀[38;2;142;111;117;48;2;142;111;118m▀[38;2;143;114;119;48;2;131;102;107m▀[38;2;133;106;111;48;2;97;71;75m▀[38;2;99;77;80;48;2;103;82;85m▀[38;2;105;85;88;48;2;106;84;88m▀[38;2;86;63;68;48;2;71;37;41m▀[38;2;130;139;147;48;2;132;137;145m▀[38;2;145;163;173;48;2;134;150;159m▀[38;2;163;159;168;48;2;135;138;142m▀[38;2;139;132;139;48;2;141;144;151m▀[38;2;131;132;139;48;2;136;149;160m▀[38;2;169;188;188;48;2;114;126;133m▀[38;2;223;251;248;48;2;178;199;197m▀[38;2;222;251;247;48;2;202;230;227m▀[38;2;222;252;247;48;2;223;250;247m▀[38;2;223;252;250;48;2;223;252;250m▀▀[38;2;223;251;250m▀[38;2;223;251;249;48;2;215;243;242m▀[38;2;226;235;236;48;2;103;94;99m▀[38;2;101;93;94;48;2;196;185;188m▀[38;2;251;250;248;48;2;254;253;251m▀[38;2;255;254;252;48;2;255;254;252m▀[38;2;255;253;254;48;2;255;253;254m▀▀[38;2;254;254;254;48;2;254;254;254m▀[38;2;255;253;255;48;2;255;253;255m▀[38;2;251;243;247;48;2;253;252;254m▀[38;2;238;200;209;48;2;254;251;253m▀[38;2;242;227;231;48;2;254;252;254m▀[38;2;254;251;254;48;2;254;251;254m▀[38;2;254;252;255;48;2;254;252;255m▀[38;2;255;253;255;48;2;255;253;255m▀[38;2;254;254;254;48;2;254;254;254m▀▀[38;2;255;255;255;48;2;255;255;255m▀▀▀▀▀▀▀▀▀▀▀▀[0m
[?25h