[?25l[0m[38;2;255;255;255;48;2;255;255;255m▀▀▀▀▀▀▀▀[38;2;254;254;254;48;2;250;250;250m▀[38;2;195;195;195;48;2;193;193;193m▀[38;2;239;239;239;48;2;253;253;253m▀[38;2;254;254;254;48;2;254;254;254m▀[38;2;255;255;255;48;2;255;255;255m▀▀▀▀▀▀▀▀▀▀▀▀▀▀▀▀▀▀▀▀▀▀▀▀▀▀▀▀▀▀▀▀▀▀▀[38;2;254;254;254;48;2;254;254;254m▀[38;2;211;211;211;48;2;253;253;253m▀[38;2;231;231;231;48;2;197;197;197m▀[38;2;254;254;254;48;2;253;253;253m▀[38;2;255;255;255;48;2;255;255;255m▀▀▀▀▀▀▀▀▀▀▀▀▀▀▀▀▀▀▀▀▀▀▀▀▀▀▀▀▀[0m
[38;2;255;255;255;48;2;255;255;255m▀▀▀▀▀▀▀▀[38;2;210;210;210;48;2;201;201;201m▀[38;2;240;240;240;48;2;253;253;253m▀[38;2;255;255;254;48;2;255;255;255m▀[38;2;255;255;255;48;2;255;254;253m▀[38;2;251;247;246;48;2;236;191;182m▀[38;2;244;227;224;48;2;230;158;146m▀[38;2;251;248;247;48;2;226;167;156m▀[38;2;252;254;254;48;2;245;220;213m▀[38;2;254;255;254;48;2;254;252;250m▀[48;2;255;255;255m▀[38;2;255;255;255m▀▀▀▀▀▀▀▀▀▀▀▀▀▀▀▀▀▀[48;2;254;254;254m▀▀▀▀▀▀▀▀▀▀▀▀[38;2;253;253;253m▀[38;2;240;239;239;48;2;254;252;253m▀[38;2;215;215;215;48;2;209;208;209m▀[38;2;253;253;253;48;2;246;245;246m▀[38;2;255;255;255;48;2;255;255;255m▀▀▀▀▀▀▀▀▀▀▀▀▀▀▀▀▀▀▀▀▀▀▀▀▀▀▀▀[0m
[38;2;255;255;255;48;2;255;255;255m▀▀▀▀▀▀▀[38;2;252;252;252;48;2;250;250;250m▀[38;2;209;209;209;48;2;229;229;229m▀[38;2;253;254;254;48;2;254;254;254m▀[48;2;253;253;252m▀[38;2;247;232;228;48;2;234;185;177m▀[38;2;239;155;141;48;2;242;180;144m▀[38;2;249;216;153;48;2;253;237;157m▀[38;2;243;201;150;48;2;253;235;150m▀[38;2;229;163;138;48;2;251;224;147m▀[38;2;233;177;164;48;2;242;184;140m▀[38;2;247;226;225;48;2;229;156;138m▀[38;2;254;253;253;48;2;235;210;210m▀[38;2;254;254;254;48;2;253;253;253m▀[38;2;255;255;255;48;2;255;255;255m▀▀▀▀[48;2;254;254;254m▀▀▀▀[38;2;254;254;254m▀[38;2;255;255;255;48;2;234;234;234m▀[38;2;254;254;254;48;2;192;190;191m▀[48;2;158;157;157m▀[48;2;137;135;136m▀[48;2;131;129;130m▀[48;2;125;125;125m▀[38;2;253;252;252;48;2;120;118;119m▀[38;2;243;242;242;48;2;122;119;120m▀[38;2;228;227;227;48;2;130;125;126m▀[38;2;214;213;213;48;2;128;122;124m▀[38;2;199;198;199;48;2;124;118;120m▀[38;2;188;186;186;48;2;123;116;119m▀[38;2;183;180;181;48;2;124;116;119m▀[48;2;124;117;119m▀[38;2;189;185;186;48;2;133;125;128m▀[38;2;199;197;198;48;2;161;154;156m▀[38;2;214;212;213;48;2;170;163;166m▀[38;2;234;231;232;48;2;149;141;144m▀[38;2;249;247;248;48;2;132;126;128m▀[38;2;254;253;254;48;2;121;117;118m▀[48;2;118;116;117m▀[38;2;252;251;252;48;2;130;127;128m▀[38;2;213;212;213;48;2;142;138;139m▀[38;2;254;253;254;48;2;211;208;209m▀[38;2;254;252;253;48;2;250;247;248m▀[38;2;255;253;254;48;2;254;252;253m▀[48;2;255;253;254m▀[38;2;254;254;254;48;2;254;254;254m▀▀▀▀▀▀▀▀[38;2;255;255;255;48;2;255;255;255m▀▀▀▀▀▀▀▀▀▀▀▀▀▀▀▀[0m
[38;2;255;255;255;48;2;255;255;255m▀▀▀▀▀▀▀[38;2;252;252;252;48;2;254;254;254m▀[38;2;243;243;243;48;2;252;252;252m▀[38;2;254;254;254;48;2;254;253;253m▀[38;2;249;235;231;48;2;236;189;183m▀[38;2;231;159;146;48;2;244;176;159m▀[38;2;249;219;150;48;2;253;238;149m▀[38;2;253;236;148;48;2;253;236;142m▀[38;2;255;236;147;48;2;254;237;145m▀[38;2;254;237;144;48;2;255;235;148m▀[38;2;250;224;147;48;2;240;189;138m▀[38;2;233;158;135;48;2;240;181;176m▀[38;2;243;223;223;48;2;252;248;249m▀[38;2;253;253;253;48;2;254;254;254m▀[38;2;255;255;255m▀▀[38;2;254;254;254;48;2;253;253;253m▀[48;2;193;193;193m▀[38;2;254;253;254;48;2;135;132;133m▀[38;2;242;240;241;48;2;143;138;140m▀[38;2;178;175;176;48;2;207;203;204m▀[38;2;141;138;139;48;2;247;241;243m▀[38;2;134;132;133;48;2;249;245;246m▀[38;2;154;152;153m▀[38;2;200;198;199m▀[38;2;237;235;236;48;2;248;244;245m▀[38;2;250;248;249m▀▀[38;2;249;247;248;48;2;247;245;246m▀[38;2;248;246;247m▀[38;2;248;244;245;48;2;248;244;245m▀▀▀▀[38;2;250;244;246m▀[38;2;251;245;247m▀[38;2;251;247;248m▀[38;2;240;236;237m▀[38;2;200;196;197;48;2;248;243;244m▀[38;2;177;172;174;48;2;248;245;246m▀[38;2;180;174;176;48;2;251;245;247m▀[38;2;218;212;214;48;2;221;216;218m▀[38;2;252;247;249;48;2;206;201;203m▀[38;2;251;245;247;48;2;251;246;248m▀[38;2;239;233;235;48;2;252;246;248m▀[38;2;203;197;199;48;2;251;245;247m▀[38;2;129;125;127;48;2;219;214;216m▀[38;2;115;111;112;48;2;249;244;245m▀[38;2;113;108;109;48;2;250;246;247m▀[38;2;150;147;148;48;2;209;204;206m▀[38;2;220;218;218;48;2;138;133;135m▀[38;2;253;252;253;48;2;108;102;104m▀[38;2;254;254;254;48;2;142;138;139m▀[38;2;253;253;253;48;2;225;223;224m▀[38;2;254;254;254;48;2;254;254;254m▀▀▀▀[38;2;255;255;255;48;2;255;255;255m▀▀▀▀▀▀▀▀▀▀▀▀▀▀▀▀[0m
[38;2;255;255;255;48;2;255;255;255m▀▀▀▀▀▀▀▀[38;2;252;254;254;48;2;253;254;253m▀[38;2;248;237;234;48;2;235;197;190m▀[38;2;233;159;139;48;2;238;180;140m▀[38;2;246;218;144;48;2;250;236;145m▀[38;2;251;237;144;48;2;251;237;145m▀[38;2;252;236;143;48;2;252;237;145m▀[38;2;253;238;145;48;2;252;235;149m▀[38;2;248;224;147;48;2;239;195;146m▀[38;2;233;165;141;48;2;236;193;187m▀[38;2;248;229;228;48;2;252;249;250m▀[38;2;253;251;252;48;2;253;250;250m▀[38;2;253;253;253;48;2;188;184;185m▀[38;2;249;247;248;48;2;125;123;124m▀[38;2;172;170;171;48;2;202;199;200m▀[38;2;126;124;125;48;2;252;250;251m▀[38;2;187;185;186;48;2;249;247;248m▀[38;2;249;246;247;48;2;248;244;245m▀[38;2;248;244;245m▀[38;2;248;242;244;48;2;248;242;244m▀[38;2;247;241;243m▀[38;2;248;242;244m▀▀[38;2;249;243;245;48;2;249;243;245m▀▀[38;2;248;244;245;48;2;248;244;245m▀▀▀▀▀▀▀▀▀▀▀▀[38;2;247;243;244;48;2;250;247;248m▀[38;2;252;250;250;48;2;254;252;252m▀[38;2;253;251;251;48;2;255;253;253m▀[38;2;250;246;247;48;2;254;250;251m▀[38;2;247;241;243;48;2;250;244;246m▀[38;2;240;235;237m▀[38;2;249;243;245;48;2;249;243;245m▀[38;2;250;244;246m▀[38;2;238;232;234m▀[48;2;248;242;244m▀[38;2;249;243;245;48;2;249;243;245m▀▀▀[38;2;250;244;246m▀[38;2;211;206;208m▀[38;2;127;121;123m▀[38;2;106;102;103;48;2;241;236;238m▀[38;2;185;183;184;48;2;164;159;161m▀[38;2;252;251;251;48;2;100;93;95m▀[38;2;254;253;253;48;2;173;169;170m▀[38;2;254;254;254;48;2;251;249;250m▀[48;2;254;254;254m▀▀[38;2;255;255;253;48;2;255;255;253m▀[38;2;254;254;249;48;2;253;253;243m▀[38;2;250;245;203;48;2;248;241;184m▀[38;2;255;253;251;48;2;255;253;251m▀[38;2;255;255;255;48;2;255;255;255m▀▀▀▀▀▀▀▀▀[0m
[38;2;255;255;255;48;2;255;255;255m▀▀▀▀▀▀▀▀[38;2;251;243;241;48;2;240;207;200m▀[38;2;228;167;151;48;2;235;177;138m▀[38;2;249;220;147;48;2;251;235;147m▀[38;2;251;237;146;48;2;253;237;149m▀[38;2;252;237;146;48;2;252;237;146m▀▀[38;2;251;232;158;48;2;242;205;147m▀[38;2;231;169;153;48;2;238;190;187m▀[38;2;249;236;236;48;2;252;250;250m▀[38;2;237;236;237;48;2;233;230;230m▀[38;2;130;125;127;48;2;252;249;250m▀[38;2;187;182;184;48;2;253;251;252m▀[38;2;255;253;255;48;2;255;253;255m▀▀[38;2;254;252;253;48;2;254;254;254m▀[38;2;253;249;250;48;2;255;252;253m▀[38;2;250;246;247;48;2;253;249;250m▀[38;2;250;245;247;48;2;249;245;246m▀[38;2;249;243;245;48;2;249;243;245m▀▀[38;2;248;242;244;48;2;248;243;245m▀[48;2;237;231;233m▀[38;2;249;243;245;48;2;246;240;242m▀[48;2;248;243;244m▀[38;2;248;244;245;48;2;248;244;245m▀▀▀▀▀▀▀▀▀▀▀▀▀[38;2;250;246;247m▀[38;2;252;248;249;48;2;249;245;246m▀[38;2;251;247;248;48;2;250;246;247m▀[38;2;250;244;246;48;2;250;244;246m▀[38;2;249;243;245;48;2;249;243;245m▀▀▀▀[38;2;248;242;244m▀[38;2;207;201;203;48;2;242;236;238m▀[38;2;204;198;200;48;2;233;227;229m▀[38;2;233;227;229;48;2;225;219;221m▀[38;2;250;244;246;48;2;250;244;246m▀▀▀▀▀[38;2;246;240;242;48;2;249;245;246m▀[38;2;169;164;166;48;2;250;246;247m▀[38;2;101;96;97;48;2;243;240;241m▀[38;2;196;194;195;48;2;154;151;152m▀[38;2;253;252;253;48;2;231;229;230m▀[38;2;253;253;253;48;2;253;252;252m▀[38;2;253;249;224;48;2;252;240;189m▀[38;2;250;239;180;48;2;249;237;165m▀[38;2;255;254;251;48;2;255;253;250m▀[38;2;255;255;255;48;2;255;255;255m▀▀▀▀▀▀▀▀▀[0m
[38;2;255;255;255;48;2;255;255;255m▀▀▀▀▀[38;2;254;255;255;48;2;254;255;255m▀[38;2;253;255;255;48;2;252;255;254m▀[38;2;252;251;250;48;2;237;222;220m▀[38;2;229;170;159;48;2;234;174;142m▀[38;2;246;213;145;48;2;253;235;151m▀[38;2;251;237;147;48;2;252;237;147m▀[38;2;253;236;149;48;2;253;235;149m▀[38;2;253;236;148;48;2;254;234;151m▀[38;2;250;234;151;48;2;244;211;156m▀[38;2;227;175;149;48;2;231;190;184m▀[38;2;248;237;230;48;2;253;253;248m▀[38;2;254;255;250;48;2;255;255;251m▀[38;2;255;255;254;48;2;254;254;254m▀[38;2;247;231;225;48;2;235;187;175m▀[38;2;239;199;188;48;2;235;168;149m▀[38;2;240;201;195;48;2;237;187;134m▀[38;2;242;200;195;48;2;235;183;140m▀[38;2;242;205;201;48;2;235;172;147m▀[38;2;249;232;229;48;2;234;170;159m▀[38;2;254;253;252;48;2;253;252;251m▀[38;2;242;239;240;48;2;230;228;229m▀[38;2;214;208;210;48;2;220;214;216m▀[38;2;202;196;198;48;2;250;244;246m▀[38;2;226;220;222;48;2;251;245;247m▀[38;2;250;244;246;48;2;251;246;248m▀[48;2;250;244;246m▀▀[48;2;248;242;245m▀[48;2;240;234;236m▀[38;2;249;243;245;48;2;249;243;245m▀▀▀▀▀▀▀▀▀[48;2;222;216;218m▀[48;2;249;243;245m▀▀▀▀▀▀▀▀[38;2;248;243;245m▀[38;2;208;202;204;48;2;233;227;229m▀[38;2;242;236;238;48;2;249;243;245m▀[38;2;251;245;247;48;2;251;245;247m▀[38;2;250;244;246;48;2;250;244;246m▀[38;2;249;243;245;48;2;249;243;245m▀▀[38;2;248;244;245;48;2;248;244;245m▀[38;2;249;244;246;48;2;247;244;245m▀[38;2;247;245;246;48;2;246;244;245m▀[38;2;249;246;247;48;2;249;247;248m▀[38;2;253;250;251;48;2;254;252;253m▀[38;2;255;252;246;48;2;251;246;198m▀[38;2;255;253;244;48;2;253;240;176m▀[38;2;254;254;245;48;2;252;240;176m▀[38;2;253;245;202;48;2;252;235;154m▀[38;2;253;236;150;48;2;254;235;149m▀[38;2;253;235;151;48;2;255;235;149m▀[38;2;254;248;215;48;2;253;238;167m▀[38;2;254;254;253;48;2;254;253;245m▀[38;2;255;255;255;48;2;255;255;255m▀[48;2;254;254;254m▀[48;2;255;255;255m▀▀▀▀▀▀[0m
[38;2;255;255;255;48;2;255;255;255m▀▀▀▀▀▀[38;2;253;252;249;48;2;245;232;225m▀[38;2;228;178;165;48;2;237;166;137m▀[38;2;246;209;146;48;2;252;234;148m▀[38;2;254;239;149;48;2;253;237;149m▀[38;2;252;236;148;48;2;252;236;149m▀[48;2;252;237;147m▀[38;2;253;237;155;48;2;251;236;147m▀[38;2;236;190;141;48;2;251;234;156m▀[38;2;234;180;169;48;2;242;207;150m▀[38;2;247;226;223;48;2;233;177;143m▀[38;2;252;250;249;48;2;232;167;154m▀[38;2;254;253;253;48;2;238;195;189m▀[38;2;238;193;180;48;2;233;180;164m▀[38;2;244;201;162;48;2;246;207;151m▀[38;2;252;235;145;48;2;254;235;144m▀[38;2;253;235;151;48;2;253;236;149m▀[38;2;246;215;153;48;2;248;221;154m▀[38;2;237;157;148;48;2;238;156;147m▀[38;2;252;249;250;48;2;252;249;249m▀[38;2;254;254;254;48;2;255;253;254m▀[38;2;255;253;254m▀[38;2;255;252;254m▀[38;2;250;244;246;48;2;253;251;252m▀[38;2;249;243;245;48;2;242;237;239m▀[38;2;251;245;247;48;2;210;204;206m▀[38;2;226;220;222;48;2;241;236;238m▀[38;2;226;221;223;48;2;248;244;245m▀[38;2;249;244;246;48;2;248;243;248m▀[38;2;249;243;245;48;2;248;243;247m▀[48;2;248;243;246m▀[48;2;249;243;245m▀▀▀▀▀▀[38;2;229;224;226;48;2;206;201;202m▀[38;2;233;228;230;48;2;248;242;244m▀[38;2;249;243;245;48;2;249;243;245m▀▀▀▀▀▀▀▀[38;2;248;242;244;48;2;248;242;244m▀[48;2;249;243;245m▀[38;2;250;244;246;48;2;250;244;246m▀▀[38;2;249;243;245;48;2;249;243;245m▀▀▀[38;2;248;244;245;48;2;248;244;245m▀[48;2;249;246;247m▀[38;2;246;244;245;48;2;247;245;246m▀[38;2;248;246;247;48;2;246;244;245m▀[38;2;254;252;253;48;2;250;248;249m▀[38;2;254;251;241;48;2;254;254;253m▀[38;2;251;239;175;48;2;254;253;240m▀[38;2;253;236;149;48;2;251;240;179m▀[38;2;254;237;148;48;2;253;237;145m▀[38;2;253;236;148;48;2;253;236;148m▀▀[38;2;254;235;148;48;2;253;236;147m▀[38;2;253;239;170;48;2;254;235;149m▀[38;2;253;248;223;48;2;251;235;153m▀[38;2;254;253;248;48;2;252;246;208m▀[38;2;255;255;253;48;2;255;255;252m▀[48;2;255;255;253m▀▀[38;2;255;255;255;48;2;255;255;255m▀▀▀[0m
[38;2;255;255;255;48;2;255;255;255m▀▀▀▀▀[38;2;255;254;255m▀[38;2;240;198;197;48;2;248;237;237m▀[38;2;236;182;141;48;2;236;185;184m▀[38;2;250;228;154;48;2;229;162;137m▀[38;2;252;235;154;48;2;232;178;141m▀[38;2;251;235;151;48;2;244;208;151m▀[38;2;252;235;150;48;2;251;231;155m▀[38;2;254;236;150;48;2;254;236;154m▀[38;2;255;235;151;48;2;255;235;153m▀[38;2;254;235;153;48;2;255;234;152m▀[38;2;255;232;154;48;2;255;233;153m▀[38;2;250;224;150;48;2;255;232;152m▀[38;2;243;204;144;48;2;254;233;151m▀[38;2;238;193;138;48;2;254;235;146m▀[38;2;251;225;150;48;2;254;235;143m▀[38;2;255;235;147;48;2;255;236;149m▀[38;2;255;236;148;48;2;255;235;148m▀[38;2;251;225;155;48;2;254;230;154m▀[38;2;236;159;145;48;2;236;162;142m▀[38;2;250;243;242;48;2;244;233;232m▀[38;2;254;254;254;48;2;253;253;254m▀[38;2;254;253;254;48;2;253;252;253m▀[38;2;254;252;253;48;2;205;202;203m▀[38;2;223;218;220;48;2;227;222;224m▀[38;2;213;208;210;48;2;253;251;252m▀[38;2;254;252;255;48;2;255;253;255m▀[38;2;252;247;251;48;2;254;250;253m▀[38;2;249;244;248;48;2;253;250;253m▀[38;2;247;244;247;48;2;251;248;254m▀[48;2;248;246;251m▀[48;2;247;244;249m▀[38;2;248;243;247;48;2;248;243;247m▀▀[38;2;249;243;247;48;2;249;243;247m▀▀▀[38;2;227;221;225;48;2;192;187;191m▀[38;2;223;218;221;48;2;247;241;245m▀[38;2;247;241;245;48;2;237;231;235m▀[38;2;249;243;247;48;2;249;243;247m▀▀▀▀▀▀▀▀[38;2;248;242;244;48;2;237;232;234m▀[38;2;247;241;243;48;2;236;230;232m▀[38;2;249;243;245;48;2;249;243;245m▀▀[38;2;249;244;248;48;2;249;244;248m▀▀▀▀▀▀▀[38;2;249;245;247;48;2;249;245;247m▀[38;2;253;249;249;48;2;250;246;246m▀[38;2;254;252;249;48;2;250;247;247m▀[38;2;254;250;220;48;2;254;252;239m▀[38;2;251;237;153;48;2;251;240;170m▀[38;2;253;236;147;48;2;253;236;149m▀[38;2;253;235;149;48;2;253;235;148m▀[38;2;254;235;148;48;2;252;239;172m▀[38;2;253;239;172;48;2;253;252;240m▀[38;2;254;247;215;48;2;253;252;253m▀[38;2;254;249;242;48;2;195;193;194m▀[38;2;254;253;251;48;2;252;251;249m▀[48;2;255;253;254m▀[38;2;255;253;254m▀▀▀▀[0m
[38;2;255;255;255;48;2;255;255;255m▀▀▀▀▀▀▀[38;2;254;254;254;48;2;254;254;254m▀[38;2;249;241;242;48;2;240;241;241m▀[38;2;240;205;200;48;2;253;253;252m▀[38;2;231;172;160;48;2;253;249;251m▀[38;2;226;158;139;48;2;247;234;235m▀[38;2;236;177;144;48;2;240;209;206m▀[38;2;242;198;148;48;2;234;184;174m▀[38;2;247;213;151;48;2;230;161;147m▀[38;2;252;224;151;48;2;230;157;131m▀[38;2;253;230;153;48;2;237;166;133m▀[38;2;254;232;153;48;2;239;176;139m▀[38;2;254;234;151;48;2;237;181;139m▀[38;2;254;237;151;48;2;244;204;145m▀[38;2;255;234;148;48;2;254;232;151m▀[38;2;255;234;149;48;2;255;234;150m▀[38;2;253;234;153;48;2;253;235;149m▀[38;2;232;173;136;48;2;232;180;138m▀[38;2;241;229;228;48;2;241;225;223m▀[38;2;249;249;249;48;2;241;240;241m▀[38;2;186;184;185;48;2;244;241;242m▀[38;2;237;235;236;48;2;252;248;249m▀[38;2;254;251;252;48;2;252;247;249m▀[38;2;255;252;253;48;2;252;247;248m▀[38;2;254;251;253;48;2;251;247;249m▀[38;2;254;251;254;48;2;234;228;232m▀[38;2;255;252;255;48;2;250;247;251m▀[38;2;253;251;255;48;2;250;248;253m▀[38;2;250;248;253m▀[38;2;248;246;251;48;2;249;247;252m▀[38;2;249;244;250;48;2;250;245;250m▀[48;2;249;244;249m▀[38;2;250;243;250;48;2;227;219;225m▀[38;2;244;237;244;48;2;166;157;163m▀[38;2;191;184;191;48;2;149;140;148m▀[38;2;197;191;197;48;2;245;237;244m▀[38;2;235;229;234;48;2;211;205;209m▀[38;2;239;234;238;48;2;251;245;249m▀[38;2;250;244;248;48;2;250;244;248m▀[38;2;249;243;247;48;2;249;243;247m▀▀▀▀▀▀▀[38;2;225;220;222;48;2;215;209;211m▀[38;2;231;225;227;48;2;230;225;227m▀[38;2;249;243;245;48;2;249;243;245m▀▀[38;2;249;244;248;48;2;249;244;248m▀▀▀▀▀▀▀[38;2;250;245;249m▀[38;2;253;249;250;48;2;250;245;247m▀[38;2;254;251;252;48;2;250;247;248m▀[38;2;254;254;250;48;2;253;253;253m▀[38;2;250;243;189;48;2;251;245;201m▀[38;2;253;234;148;48;2;252;235;153m▀[38;2;253;239;161;48;2;253;246;209m▀[38;2;253;251;230;48;2;251;255;253m▀[38;2;250;254;254;48;2;248;252;253m▀[38;2;248;249;252;48;2;246;247;251m▀[38;2;181;181;183;48;2;248;247;252m▀[38;2;127;127;127;48;2;146;146;147m▀[38;2;252;251;252;48;2;172;170;172m▀[38;2;255;253;254;48;2;255;253;254m▀▀▀▀[0m
[38;2;255;255;255;48;2;255;255;255m▀▀▀▀▀▀[38;2;253;254;254;48;2;250;250;250m▀[38;2;208;207;208;48;2;121;119;120m▀[38;2;148;148;148;48;2;238;237;238m▀[38;2;247;247;247;48;2;244;243;243m▀[38;2;249;251;250;48;2;246;246;246m▀[38;2;253;253;253;48;2;250;248;249m▀[38;2;252;252;252;48;2;218;216;217m▀[38;2;253;252;252;48;2;210;209;210m▀[38;2;253;251;249;48;2;216;213;215m▀[38;2;246;239;238;48;2;204;204;203m▀[38;2;242;221;222;48;2;249;244;245m▀[38;2;244;206;208;48;2;253;254;252m▀[38;2;240;179;172;48;2;250;239;238m▀[38;2;240;161;146;48;2;240;158;145m▀[38;2;255;233;151;48;2;255;232;153m▀[38;2;255;234;151;48;2;255;235;151m▀[38;2;253;235;150;48;2;253;236;150m▀[38;2;237;187;142;48;2;243;193;148m▀[38;2;241;215;211;48;2;240;204;196m▀[38;2;254;254;253;48;2;253;253;252m▀[38;2;251;247;248;48;2;250;246;247m▀[38;2;249;245;246;48;2;249;245;246m▀[38;2;251;245;247;48;2;246;240;242m▀[38;2;248;242;244;48;2;191;185;187m▀[38;2;203;197;199;48;2;221;215;217m▀[38;2;241;235;237;48;2;251;245;247m▀[38;2;249;244;248;48;2;249;244;248m▀▀[38;2;251;246;252;48;2;250;245;251m▀[38;2;250;246;250;48;2;250;246;247m▀[38;2;249;245;244;48;2;196;191;190m▀[38;2;208;202;202;48;2;136;129;128m▀[38;2;161;151;153;48;2;163;152;152m▀[38;2;157;145;150;48;2;146;134;139m▀[38;2;170;161;166;48;2;210;200;206m▀[38;2;253;246;250;48;2;244;235;240m▀[38;2;203;196;200;48;2;204;196;201m▀[38;2;252;246;250;48;2;252;245;250m▀[38;2;249;243;247;48;2;249;243;247m▀[38;2;248;243;247;48;2;248;243;247m▀▀▀▀▀▀▀[38;2;195;190;192;48;2;174;168;170m▀[38;2;211;205;207;48;2;187;181;183m▀[38;2;249;243;245;48;2;249;243;245m▀[48;2;250;244;246m▀[38;2;249;244;248;48;2;249;244;248m▀▀▀▀▀▀▀▀▀[38;2;250;245;249;48;2;250;245;249m▀[38;2;254;253;252;48;2;254;251;251m▀[38;2;252;244;217;48;2;254;252;244m▀[38;2;252;243;187;48;2;253;251;238m▀[38;2;253;253;247;48;2;252;254;253m▀[38;2;250;254;254;48;2;228;229;230m▀[38;2;247;251;253;48;2;245;246;250m▀[38;2;246;247;251;48;2;246;247;251m▀▀[38;2;243;243;246;48;2;245;246;250m▀[38;2;101;99;102;48;2;221;220;223m▀[38;2;223;221;224;48;2;109;108;110m▀[38;2;254;252;254;48;2;251;249;251m▀[38;2;255;253;255;48;2;255;253;255m▀▀[0m
[38;2;255;255;255;48;2;255;255;255m▀▀▀▀[38;2;254;254;254;48;2;254;254;254m▀[48;2;243;243;243m▀[38;2;170;168;168;48;2;127;123;124m▀[38;2;194;190;192;48;2;252;245;248m▀[38;2;249;245;246;48;2;251;246;248m▀[38;2;247;245;247;48;2;251;246;251m▀[38;2;247;245;246;48;2;248;246;247m▀[38;2;227;225;226;48;2;200;196;198m▀[38;2;188;183;184;48;2;169;162;166m▀[38;2;169;162;164;48;2;142;135;139m▀[38;2;107;102;103;48;2;176;172;174m▀[38;2;137;133;134;48;2;225;220;223m▀[38;2;246;241;241;48;2;224;216;217m▀[38;2;247;243;244;48;2;219;213;214m▀[38;2;252;245;247;48;2;253;250;251m▀[38;2;234;159;150;48;2;234;171;168m▀[38;2;249;221;154;48;2;239;161;141m▀[38;2;252;232;156;48;2;237;160;140m▀[38;2;253;237;158;48;2;235;159;138m▀[38;2;243;197;152;48;2;233;157;136m▀[38;2;235;197;188;48;2;236;197;189m▀[38;2;252;253;254;48;2;252;254;253m▀[38;2;251;248;249;48;2;247;243;244m▀[38;2;244;240;241;48;2;191;185;187m▀[38;2;188;182;184;48;2;166;160;162m▀[38;2;180;174;176;48;2;236;231;233m▀[38;2;248;242;244;48;2;249;243;245m▀[38;2;249;243;245m▀[38;2;250;244;248;48;2;250;243;248m▀[38;2;250;244;250;48;2;249;244;250m▀[38;2;250;245;249;48;2;192;187;191m▀[38;2;202;186;181;48;2;200;164;144m▀[38;2;210;166;137;48;2;251;193;158m▀[38;2;207;161;133;48;2;250;193;161m▀[38;2;160;137;132;48;2;179;144;129m▀[38;2;150;140;144;48;2;162;153;156m▀[38;2;249;241;246;48;2;252;244;249m▀[38;2;207;199;204;48;2;173;163;169m▀[38;2;225;215;220;48;2;247;238;243m▀[38;2;251;244;248;48;2;250;243;247m▀[38;2;249;243;247;48;2;249;243;247m▀[38;2;248;243;247;48;2;248;243;247m▀▀▀▀▀▀[48;2;247;242;246m▀[38;2;158;153;155;48;2;143;137;139m▀[38;2;175;169;171;48;2;172;166;168m▀[38;2;237;231;233;48;2;211;205;207m▀[38;2;251;245;247;48;2;251;245;247m▀[38;2;249;244;248;48;2;249;244;248m▀▀▀▀▀▀▀▀▀▀[38;2;252;248;248;48;2;251;247;248m▀[38;2;254;249;252;48;2;253;249;250m▀[38;2;253;250;253m▀[38;2;251;251;252;48;2;252;248;250m▀[38;2;169;169;171;48;2;241;239;241m▀[38;2;238;240;241;48;2;172;172;174m▀[38;2;246;245;250;48;2;251;250;254m▀[38;2;248;247;252;48;2;251;250;255m▀[48;2;252;252;255m▀▀[38;2;143;142;145;48;2;241;239;241m▀[38;2;190;188;191;48;2;101;99;102m▀[38;2;255;253;255;48;2;252;250;252m▀[48;2;255;253;255m▀[0m
[38;2;255;255;255;48;2;255;255;255m▀▀▀▀[38;2;252;252;252;48;2;246;245;246m▀[38;2;163;160;161;48;2;128;122;124m▀[38;2;208;202;204;48;2;252;244;247m▀[38;2;251;245;247;48;2;253;249;250m▀[38;2;254;249;253;48;2;254;251;253m▀[38;2;254;251;253;48;2;230;194;194m▀[38;2;253;252;254;48;2;237;189;181m▀[38;2;253;253;254;48;2;242;208;201m▀[38;2;238;236;238;48;2;246;230;227m▀[38;2;249;248;249;48;2;253;249;248m▀[38;2;200;197;200;48;2;254;250;252m▀[38;2;233;228;232;48;2;247;244;248m▀[38;2;188;181;184;48;2;228;222;224m▀[38;2;231;226;227;48;2;252;246;248m▀[38;2;255;251;252;48;2;243;237;239m▀[38;2;248;245;246;48;2;234;228;230m▀[38;2;242;235;236;48;2;228;224;225m▀[38;2;247;234;235;48;2;253;251;252m▀[38;2;250;239;240m▀[38;2;251;242;244;48;2;254;250;251m▀[38;2;253;250;249;48;2;252;249;249m▀[38;2;251;249;249;48;2;205;199;201m▀[38;2;198;191;193;48;2;179;170;173m▀[38;2;173;165;168;48;2;162;153;156m▀[38;2;193;185;188;48;2;239;232;234m▀[38;2;249;243;245;48;2;250;244;246m▀[48;2;249;243;245m▀▀[38;2;248;244;249;48;2;218;204;203m▀[38;2;199;190;192;48;2;187;145;123m▀[38;2;196;156;137;48;2;253;192;157m▀[38;2;249;190;157;48;2;254;193;154m▀[38;2;253;193;156;48;2;254;194;154m▀[38;2;253;195;158;48;2;254;194;157m▀[38;2;224;180;160;48;2;205;160;138m▀[38;2;194;187;183;48;2;229;226;218m▀[38;2;248;240;243;48;2;233;228;230m▀[38;2;153;143;148;48;2;145;134;140m▀[38;2;252;243;248;48;2;252;243;249m▀[38;2;250;243;247;48;2;251;243;248m▀[38;2;249;243;247;48;2;249;243;247m▀[38;2;248;243;247;48;2;248;243;247m▀▀▀▀▀▀[38;2;237;232;236;48;2;220;215;219m▀[38;2;133;128;130;48;2;96;88;91m▀[38;2;172;167;168;48;2;172;164;167m▀[38;2;186;180;182;48;2;173;167;169m▀[38;2;250;244;246;48;2;237;231;233m▀[38;2;249;243;247;48;2;249;243;247m▀▀[38;2;250;244;248;48;2;250;244;248m▀[48;2;241;235;239m▀[38;2;252;246;250;48;2;247;241;245m▀[38;2;253;247;251;48;2;248;242;246m▀[38;2;254;248;252;48;2;249;243;247m▀[48;2;250;244;248m▀[38;2;255;249;253;48;2;251;244;249m▀[38;2;255;250;254;48;2;252;245;249m▀[38;2;254;251;254;48;2;252;246;250m▀[38;2;255;251;255;48;2;253;247;251m▀[48;2;252;247;251m▀[38;2;254;251;255m▀[38;2;253;249;253;48;2;253;248;252m▀[38;2;187;185;187;48;2;249;245;248m▀[38;2;227;226;229;48;2;163;161;165m▀[38;2;253;251;254;48;2;253;251;255m▀[38;2;254;252;255m▀▀[38;2;253;252;254;48;2;253;252;254m▀[38;2;152;150;153;48;2;237;236;238m▀[38;2;185;183;186;48;2;104;102;105m▀[38;2;254;253;255;48;2;252;251;253m▀[0m
[38;2;255;255;255;48;2;255;255;255m▀▀▀[38;2;254;254;254;48;2;254;254;254m▀[38;2;190;186;187;48;2;131;126;128m▀[38;2;189;182;185;48;2;243;235;238m▀[38;2;251;243;246;48;2;249;241;243m▀[38;2;253;250;251;48;2;251;248;249m▀[38;2;254;251;250;48;2;253;248;245m▀[38;2;231;172;156;48;2;233;167;147m▀[38;2;244;181;144;48;2;253;233;153m▀[38;2;241;166;139;48;2;255;233;155m▀[38;2;237;155;139;48;2;250;224;152m▀[38;2;234;162;153;48;2;245;201;144m▀[38;2;237;198;192;48;2;238;169;136m▀[38;2;250;235;235;48;2;230;157;141m▀[38;2;253;250;251;48;2;235;183;177m▀[38;2;254;251;254;48;2;245;225;222m▀[38;2;237;233;235;48;2;254;251;251m▀[38;2;169;163;166;48;2;251;248;250m▀[38;2;208;203;205;48;2;233;227;229m▀[38;2;244;238;240;48;2;243;237;239m▀[38;2;250;244;246;48;2;250;244;246m▀[48;2;233;227;229m▀[38;2;219;214;216;48;2;183;178;179m▀[38;2;175;169;171;48;2;181;175;177m▀[38;2;172;163;166;48;2;161;152;155m▀[38;2;194;186;189;48;2;233;225;228m▀[38;2;252;243;246;48;2;251;244;247m▀[38;2;251;244;246;48;2;250;244;247m▀[38;2;248;244;242;48;2;243;241;235m▀[38;2;233;220;216;48;2;165;137;130m▀[38;2;174;137;121;48;2;246;193;161m▀[38;2;251;194;160;48;2;253;191;152m▀[38;2;255;194;155;48;2;255;192;154m▀[38;2;255;193;156;48;2;255;193;156m▀[38;2;255;194;157;48;2;255;194;157m▀[48;2;254;194;158m▀[38;2;191;154;132;48;2;184;161;144m▀[38;2;248;242;241;48;2;253;243;250m▀[38;2;218;209;215;48;2;198;186;194m▀[38;2;144;134;140;48;2;134;123;129m▀[38;2;253;244;249;48;2;252;243;248m▀[38;2;251;243;248;48;2;251;244;248m▀[38;2;249;243;247;48;2;249;243;247m▀[38;2;248;243;247;48;2;248;243;247m▀▀▀▀▀[48;2;247;242;246m▀[38;2;199;193;196;48;2;174;167;168m▀[38;2;87;70;66;48;2;164;137;121m▀[38;2;160;146;143;48;2;142;120;110m▀[38;2;173;166;168;48;2;176;166;166m▀[38;2;213;207;209;48;2;190;184;185m▀[38;2;250;244;248;48;2;249;243;247m▀[48;2;250;244;248m▀[48;2;249;243;247m▀[38;2;233;227;231;48;2;236;230;234m▀[38;2;247;241;245;48;2;234;228;232m▀[38;2;250;244;248;48;2;250;244;248m▀[38;2;249;243;247;48;2;249;243;247m▀▀▀[48;2;246;240;244m▀[48;2;249;243;247m▀▀[38;2;250;244;248;48;2;250;244;248m▀▀[38;2;251;245;249;48;2;251;245;249m▀▀[38;2;180;175;180;48;2;239;235;240m▀[38;2;227;222;228;48;2;165;161;166m▀[38;2;252;247;253;48;2;251;246;252m▀▀[38;2;251;249;254;48;2;248;246;251m▀[38;2;252;250;254;48;2;247;245;250m▀[38;2;119;118;120;48;2;193;191;195m▀[38;2;223;221;222;48;2;149;147;149m▀[0m
[38;2;255;255;255;48;2;255;255;255m▀▀[38;2;254;255;254;48;2;254;254;254m▀[38;2;238;236;237;48;2;177;172;174m▀[38;2;141;133;136;48;2;200;191;194m▀[38;2;247;238;241;48;2;248;240;243m▀[38;2;244;239;241;48;2;242;238;239m▀[38;2;251;250;250;48;2;253;250;251m▀[38;2;250;241;236;48;2;249;237;230m▀[38;2;235;171;146;48;2;236;174;143m▀[38;2;254;234;154;48;2;255;234;152m▀[38;2;254;235;151;48;2;255;234;150m▀[38;2;255;235;147;48;2;255;235;147m▀[38;2;255;235;146;48;2;255;235;146m▀[38;2;254;233;148;48;2;254;236;145m▀[38;2;250;216;147;48;2;254;235;145m▀[38;2;240;184;139;48;2;253;235;147m▀[38;2;233;159;138;48;2;250;221;147m▀[38;2;236;179;179;48;2;240;169;135m▀[38;2;249;237;240;48;2;238;202;192m▀[38;2;254;253;250;48;2;254;253;248m▀[38;2;242;238;237;48;2;241;237;236m▀[38;2;244;238;239;48;2;223;217;218m▀[38;2;195;189;191;48;2;185;179;181m▀[38;2;185;178;181;48;2;186;180;182m▀[38;2;174;168;170;48;2;159;153;155m▀[38;2;176;167;170;48;2;210;201;204m▀[38;2;247;239;242;48;2;248;238;242m▀[38;2;248;244;249;48;2;248;243;244m▀[38;2;247;247;250;48;2;197;192;187m▀[38;2;173;156;146;48;2;203;181;167m▀[38;2;231;192;169;48;2;251;239;212m▀[38;2;240;212;190;48;2;253;245;225m▀[38;2;190;172;160;48;2;202;195;184m▀[38;2;248;236;222;48;2;210;202;188m▀[38;2;251;241;225;48;2;253;245;228m▀[38;2;254;245;229m▀[38;2;251;243;231;48;2;249;241;229m▀[38;2;187;181;172;48;2;191;186;178m▀[38;2;252;244;245;48;2;248;240;237m▀[38;2;166;154;158;48;2;130;118;119m▀[38;2;131;121;125;48;2;138;125;127m▀[38;2;250;241;246;48;2;248;239;244m▀[38;2;252;243;248;48;2;252;243;248m▀[38;2;250;244;248;48;2;250;244;248m▀▀▀▀▀▀[38;2;237;232;236;48;2;217;212;215m▀[38;2;149;141;141;48;2;146;129;123m▀[38;2;215;170;142;48;2;244;189;159m▀[38;2;173;135;114;48;2;208;164;138m▀[38;2;176;165;164;48;2;166;151;146m▀[38;2;176;170;172;48;2;175;166;169m▀[38;2;241;235;239;48;2;216;210;214m▀[38;2;250;244;248;48;2;250;244;248m▀[38;2;249;243;247;48;2;249;243;247m▀[38;2;239;233;237;48;2;238;232;236m▀[38;2;219;213;217;48;2;202;196;200m▀[38;2;250;244;248;48;2;250;244;248m▀▀▀▀[38;2;222;216;220;48;2;217;212;216m▀[38;2;249;243;247;48;2;239;234;238m▀[48;2;249;243;247m▀▀▀[38;2;250;244;248m▀▀[38;2;251;244;250;48;2;250;243;250m▀[38;2;159;153;159;48;2;206;200;206m▀[38;2;247;240;247;48;2;198;192;198m▀[38;2;252;245;252;48;2;252;245;252m▀[38;2;249;244;250;48;2;249;244;250m▀▀[38;2;243;238;243;48;2;248;243;249m▀[38;2;103;98;104;48;2;110;105;111m▀[0m
[38;2;255;255;255;48;2;255;255;255m▀▀[38;2;254;254;254;48;2;249;246;247m▀[38;2;136;129;131;48;2;134;125;128m▀[38;2;239;230;233;48;2;240;232;235m▀[38;2;244;238;240;48;2;238;233;234m▀[38;2;239;235;236;48;2;199;195;196m▀[38;2;244;243;243;48;2;222;221;221m▀[38;2;245;233;227;48;2;242;233;229m▀[38;2;235;177;147;48;2;227;167;144m▀[38;2;254;231;147;48;2;244;205;140m▀[38;2;254;233;146;48;2;253;231;145m▀[38;2;255;235;146;48;2;255;235;146m▀▀▀▀▀[38;2;255;234;147;48;2;255;234;147m▀[38;2;238;179;139;48;2;236;170;144m▀[38;2;240;196;188;48;2;249;205;204m▀[38;2;254;252;248;48;2;254;253;249m▀[38;2;237;232;231;48;2;220;215;215m▀[38;2;195;189;191;48;2;189;183;185m▀[38;2;187;181;183;48;2;186;180;182m▀[38;2;188;182;184;48;2;176;170;172m▀[38;2;163;155;158;48;2;181;173;176m▀[38;2;224;215;218;48;2;234;224;228m▀[38;2;242;235;237;48;2;238;231;231m▀[38;2;228;225;219;48;2;173;166;156m▀[38;2;183;167;154;48;2;248;241;219m▀[38;2;253;247;226;48;2;253;249;228m▀[38;2;251;249;230;48;2;250;248;234m▀[38;2;252;247;229;48;2;251;247;231m▀[38;2;253;245;230;48;2;253;246;230m▀[38;2;184;177;162;48;2;253;248;232m▀[38;2;214;209;193;48;2;183;177;162m▀[38;2;253;246;229;48;2;205;199;182m▀[38;2;232;224;212;48;2;216;211;198m▀[38;2;207;202;194;48;2;218;212;204m▀[38;2;237;227;224;48;2;227;217;214m▀[38;2;112;98;98;48;2;127;114;114m▀[38;2;146;132;133;48;2;158;144;144m▀[38;2;241;231;234;48;2;232;220;223m▀[38;2;250;243;247;48;2;251;241;246m▀[38;2;251;242;247;48;2;251;242;247m▀▀[48;2;250;241;246m▀[38;2;241;232;237;48;2;232;224;229m▀[38;2;250;244;248;48;2;250;243;247m▀[38;2;250;245;249;48;2;241;235;239m▀[38;2;195;189;191;48;2;182;175;176m▀[38;2;154;137;129;48;2;172;159;153m▀[38;2;250;239;212;48;2;254;245;226m▀[38;2;239;227;208;48;2;254;247;230m▀[38;2;151;138;130;48;2;170;159;152m▀[38;2;176;166;165;48;2;179;166;163m▀[38;2;198;189;192;48;2;183;174;176m▀[38;2;250;244;247;48;2;249;240;246m▀[38;2;249;243;247;48;2;249;243;247m▀[38;2;236;230;234;48;2;233;227;231m▀[38;2;184;178;182;48;2;168;162;166m▀[38;2;250;244;248;48;2;247;240;244m▀[48;2;250;244;248m▀▀[38;2;250;243;248;48;2;250;243;248m▀[38;2;231;226;230;48;2;241;235;239m▀[38;2;217;211;215;48;2;201;196;200m▀[38;2;249;243;247;48;2;249;243;247m▀▀▀▀▀[38;2;249;242;249;48;2;249;242;249m▀[38;2;247;241;247m▀[38;2;155;149;155;48;2;154;148;154m▀[38;2;252;245;252;48;2;248;242;248m▀[38;2;249;243;249;48;2;249;242;249m▀[38;2;249;242;249m▀[38;2;247;242;248;48;2;249;244;249m▀[38;2;149;145;150;48;2;187;183;188m▀[0m
[38;2;255;255;255;48;2;255;255;255m▀▀[38;2;220;217;218;48;2;177;174;175m▀[38;2;161;151;154;48;2;203;194;197m▀[38;2;234;228;230;48;2;230;224;226m▀[38;2;235;229;231;48;2;200;194;196m▀[38;2;167;163;164;48;2;214;212;213m▀[38;2;253;252;253;48;2;253;252;253m▀[38;2;253;253;251;48;2;254;252;253m▀[38;2;238;211;203;48;2;253;254;253m▀[38;2;235;174;162;48;2;254;251;250m▀[38;2;233;159;146;48;2;247;235;230m▀[38;2;235;171;150;48;2;242;213;206m▀[38;2;242;189;154;48;2;238;196;186m▀[38;2;248;209;151;48;2;232;162;140m▀[38;2;254;232;154;48;2;249;210;151m▀[38;2;254;235;147;48;2;255;235;145m▀[38;2;253;230;148;48;2;250;224;150m▀[38;2;231;162;141;48;2;232;159;141m▀[38;2;247;226;217;48;2;249;243;235m▀[38;2;250;248;248;48;2;239;234;235m▀[38;2;200;193;195;48;2;193;182;186m▀[38;2;190;183;185;48;2;192;181;185m▀[38;2;190;182;185;48;2;194;184;187m▀[38;2;168;159;162;48;2;173;164;167m▀[38;2;196;187;190;48;2;204;195;198m▀[38;2;232;223;226;48;2;227;218;219m▀[38;2;197;190;186;48;2;185;177;167m▀[38;2;218;214;199;48;2;253;248;232m▀[38;2;250;246;227;48;2;252;247;231m▀[38;2;251;248;230;48;2;253;247;231m▀[38;2;253;247;232m▀[38;2;253;247;231m▀[38;2;254;247;231;48;2;254;247;231m▀▀▀[38;2;201;195;180;48;2;254;247;232m▀[38;2;141;134;124;48;2;192;186;175m▀[38;2;224;217;210;48;2;184;177;171m▀[38;2;219;209;206;48;2;202;193;190m▀[38;2;156;146;144;48;2;190;184;181m▀[38;2;159;148;147;48;2;161;149;148m▀[38;2;217;206;210;48;2;202;189;191m▀[38;2;244;234;241;48;2;243;234;240m▀[38;2;247;238;243;48;2;244;235;240m▀▀[38;2;243;234;239;48;2;230;221;226m▀[38;2;228;220;225;48;2;231;223;227m▀[38;2;249;243;247;48;2;248;242;246m▀[38;2;218;212;216;48;2;197;191;195m▀[38;2;179;171;173;48;2;167;157;158m▀[38;2;191;183;176;48;2;223;216;208m▀[38;2;254;247;230;48;2;255;247;232m▀[38;2;255;247;230;48;2;255;247;229m▀[38;2;193;182;175;48;2;231;223;212m▀[38;2;179;165;164;48;2;162;149;148m▀[38;2;178;167;168;48;2;179;167;168m▀[38;2;235;225;229;48;2;218;207;211m▀[38;2;251;242;247;48;2;251;242;247m▀[38;2;229;223;227;48;2;224;218;222m▀[38;2;162;156;160;48;2;160;154;158m▀[38;2;242;236;240;48;2;232;226;230m▀[38;2;249;243;247;48;2;248;242;246m▀▀▀[38;2;247;241;245;48;2;247;241;245m▀[38;2;180;174;178;48;2;157;151;155m▀[38;2;249;243;247;48;2;248;242;246m▀[48;2;249;243;247m▀▀▀▀[38;2;249;242;249;48;2;249;242;249m▀▀[38;2;178;171;178;48;2;223;216;223m▀[38;2;198;192;198;48;2;128;121;128m▀[38;2;250;243;250;48;2;248;241;248m▀[48;2;250;243;250m▀[38;2;249;244;250;48;2;249;244;250m▀[38;2;220;215;221;48;2;238;234;239m▀[0m
[38;2;255;255;255;48;2;255;255;255m▀▀[38;2;154;149;151;48;2;144;140;141m▀[38;2;228;220;223;48;2;239;231;234m▀[38;2;227;218;221;48;2;215;205;209m▀[38;2;173;167;169;48;2;195;191;192m▀[38;2;255;253;254;48;2;254;254;254m▀[38;2;254;254;254m▀[38;2;254;252;253;48;2;251;250;251m▀[38;2;179;177;178;48;2;148;146;147m▀[38;2;229;227;228;48;2;196;192;193m▀[38;2;243;241;240;48;2;196;190;190m▀[38;2;254;250;250;48;2;246;242;240m▀[38;2;254;246;244;48;2;243;234;231m▀[38;2;235;168;140;48;2;235;174;141m▀[38;2;250;221;154;48;2;254;233;155m▀[38;2;254;235;146;48;2;253;233;148m▀[38;2;243;204;147;48;2;237;181;143m▀[38;2;233;175;164;48;2;240;203;201m▀[38;2;253;251;249;48;2;253;251;253m▀[38;2;228;220;223;48;2;212;202;205m▀[38;2;195;184;188;48;2;199;187;191m▀[38;2;197;185;189;48;2;201;188;192m▀[38;2;195;184;188;48;2;187;174;179m▀[38;2;175;164;168;48;2;195;183;187m▀[38;2;210;199;203;48;2;208;198;201m▀[38;2;180;172;170;48;2;191;183;178m▀[38;2;241;233;220;48;2;254;244;230m▀[38;2;255;247;232;48;2;255;246;231m▀[38;2;255;248;232;48;2;255;248;232m▀▀▀[38;2;254;247;231;48;2;254;247;231m▀▀▀▀[38;2;255;247;232;48;2;255;247;232m▀[38;2;194;189;177;48;2;194;189;177m▀[38;2;221;214;207;48;2;219;212;206m▀[38;2;190;181;178;48;2;187;178;175m▀[38;2;219;214;211;48;2;236;231;228m▀[38;2;162;151;150;48;2;164;154;152m▀[38;2;196;183;183;48;2;198;185;184m▀[38;2;234;226;230;48;2;218;207;210m▀[38;2;238;229;234;48;2;230;220;225m▀[38;2;240;231;236;48;2;234;225;230m▀[38;2;216;207;212;48;2;203;194;199m▀[38;2;234;225;230;48;2;236;227;232m▀[38;2;239;230;235;48;2;214;205;210m▀[38;2;188;179;181;48;2;189;180;182m▀[38;2;155;146;144;48;2;167;159;155m▀[38;2;248;241;233;48;2;254;248;238m▀[38;2;255;248;231;48;2;255;248;231m▀[38;2;255;247;229;48;2;255;247;228m▀[38;2;252;246;234;48;2;254;248;234m▀[38;2;161;150;148;48;2;177;166;164m▀[38;2;181;169;170;48;2;186;174;175m▀[38;2;203;191;195;48;2;190;179;182m▀[38;2;250;243;247;48;2;250;241;246m▀[38;2;219;212;216;48;2;216;207;212m▀[38;2;160;154;158;48;2;162;156;160m▀[38;2;220;214;218;48;2;215;209;213m▀[38;2;248;242;246;48;2;248;242;246m▀▀[38;2;247;241;245;48;2;247;241;245m▀[38;2;246;240;244;48;2;243;237;241m▀[38;2;143;137;141;48;2;140;132;137m▀[38;2;242;236;240;48;2;230;222;227m▀[38;2;248;242;246;48;2;246;240;244m▀▀▀▀[38;2;248;241;248;48;2;247;240;246m▀[48;2;247;240;247m▀[38;2;247;240;247;48;2;250;243;250m▀[38;2;120;114;120;48;2;143;136;143m▀[38;2;209;203;209;48;2;167;160;167m▀[38;2;250;243;250;48;2;242;235;242m▀[38;2;249;244;250;48;2;249;244;250m▀[38;2;245;241;246;48;2;248;243;249m▀[0m
[38;2;255;255;255;48;2;255;255;255m▀▀[38;2;145;140;142;48;2;148;142;144m▀[38;2;236;229;231;48;2;235;228;231m▀[38;2;179;172;174;48;2;176;169;171m▀[38;2;241;238;239;48;2;252;252;252m▀[38;2;254;254;254;48;2;254;254;254m▀▀[38;2;245;243;244;48;2;225;223;224m▀[38;2;148;144;145;48;2;159;155;156m▀[38;2;195;190;192;48;2;196;188;190m▀[38;2;208;199;202;48;2;228;221;224m▀[38;2;253;250;250;48;2;254;250;251m▀[38;2;238;211;204;48;2;231;186;168m▀[38;2;242;198;146;48;2;250;222;155m▀[38;2;255;234;155;48;2;253;231;155m▀[38;2;253;230;153;48;2;248;214;152m▀[38;2;232;164;143;48;2;234;170;159m▀[38;2;244;227;230;48;2;253;248;252m▀[38;2;250;247;250;48;2;234;228;231m▀[38;2;201;190;194;48;2;200;189;193m▀[38;2;200;189;193;48;2;203;192;196m▀[38;2;203;190;194;48;2;207;194;198m▀[38;2;181;168;172;48;2;173;160;165m▀[38;2;207;196;201;48;2;217;205;209m▀[38;2;183;172;172;48;2;198;191;185m▀[38;2;247;238;225;48;2;254;246;232m▀[38;2;254;246;231;48;2;253;247;232m▀[38;2;255;246;231;48;2;255;246;231m▀[38;2;254;247;231;48;2;254;247;231m▀▀▀▀▀▀▀[48;2;254;247;232m▀[38;2;200;193;183;48;2;208;201;190m▀[38;2;215;208;201;48;2;211;204;197m▀[38;2;188;178;176;48;2;197;187;185m▀[38;2;248;240;238;48;2;251;243;241m▀[38;2;164;154;152;48;2;169;158;157m▀[38;2;203;191;191;48;2;208;196;196m▀[38;2;213;201;203;48;2;209;197;199m▀[38;2;225;215;217;48;2;216;206;208m▀[38;2;229;218;222;48;2;218;207;211m▀[38;2;201;190;194;48;2;205;194;198m▀[38;2;233;222;226;48;2;220;209;213m▀[38;2;200;189;192;48;2;198;187;191m▀[38;2;192;182;182;48;2;187;177;177m▀[38;2;179;172;166;48;2;207;200;193m▀[38;2;194;188;176;48;2;253;247;233m▀[38;2;187;180;164;48;2;253;246;229m▀[38;2;184;179;160;48;2;254;249;230m▀[38;2;183;177;163;48;2;254;249;233m▀[38;2;149;140;133;48;2;220;213;205m▀[38;2;170;158;158;48;2;175;164;163m▀[38;2;167;155;159;48;2;190;178;182m▀[38;2;200;190;195;48;2;224;213;219m▀[38;2;179;170;175;48;2;196;185;191m▀[38;2;167;158;163;48;2;172;163;168m▀[38;2;206;197;202;48;2;203;194;199m▀[38;2;248;239;244;48;2;243;234;239m▀[38;2;249;240;245;48;2;245;236;241m▀[38;2;247;241;245;48;2;244;238;242m▀[38;2;234;226;231;48;2;219;211;215m▀[38;2;145;136;141;48;2;152;142;147m▀[38;2;219;209;215;48;2;204;194;199m▀[38;2;247;238;243;48;2;246;237;242m▀[38;2;245;239;243;48;2;244;238;242m▀▀▀[38;2;246;240;244m▀▀[48;2;245;239;243m▀[38;2;134;129;132;48;2;150;144;148m▀[38;2;172;165;172;48;2;164;157;164m▀[38;2;180;173;180;48;2;152;145;152m▀[38;2;247;240;247;48;2;212;205;212m▀[38;2;242;235;242;48;2;223;216;223m▀[0m
[38;2;255;255;255;48;2;255;255;255m▀▀[38;2;151;146;148;48;2;157;152;154m▀[38;2;239;231;234;48;2;242;233;236m▀[38;2;188;183;185;48;2;204;199;201m▀[38;2;253;253;253;48;2;253;253;253m▀[38;2;255;255;255;48;2;255;255;255m▀▀[38;2;209;208;208;48;2;202;201;201m▀[38;2;171;168;169;48;2;177;174;175m▀[38;2;197;187;191;48;2;196;188;191m▀[38;2;236;229;233;48;2;236;230;234m▀[38;2;249;241;242;48;2;251;249;249m▀[38;2;231;165;152;48;2;235;190;186m▀[38;2;246;207;155;48;2;233;168;152m▀[38;2;249;216;158;48;2;228;156;138m▀[38;2;242;187;148;48;2;226;157;146m▀[38;2;237;196;194;48;2;244;230;231m▀[38;2;255;251;254;48;2;251;247;250m▀[38;2;221;210;214;48;2;210;199;203m▀[38;2;204;192;196;48;2;205;193;197m▀[38;2;209;197;201;48;2;211;199;203m▀[38;2;210;198;202;48;2;198;187;190m▀[38;2;156;144;148;48;2;169;157;161m▀[38;2;198;188;188;48;2;204;195;189m▀[38;2;237;230;218;48;2;254;246;232m▀[38;2;255;246;231;48;2;255;246;231m▀[38;2;255;247;232;48;2;255;247;232m▀[38;2;255;246;231;48;2;255;246;231m▀[38;2;254;247;231;48;2;254;247;231m▀▀▀▀▀▀▀[38;2;254;247;232m▀[38;2;217;209;197;48;2;233;225;213m▀[38;2;208;201;194;48;2;203;196;189m▀[38;2;200;192;188;48;2;201;192;186m▀[38;2;253;247;239;48;2;254;248;237m▀[38;2;181;172;166;48;2;184;175;167m▀[38;2;215;204;202;48;2;226;215;211m▀[38;2;215;203;204;48;2;225;213;215m▀[38;2;217;206;210;48;2;222;212;214m▀[38;2;212;201;205;48;2;217;207;209m▀[38;2;210;199;203;48;2;207;196;200m▀[38;2;212;201;205;48;2;213;202;206m▀[38;2;207;196;200;48;2;211;200;202m▀[38;2;174;164;163;48;2;182;174;166m▀[38;2;238;233;218;48;2;250;245;228m▀[38;2;254;249;232;48;2;254;249;231m▀[38;2;254;247;229;48;2;255;248;230m▀[38;2;255;248;230m▀[38;2;254;248;232;48;2;254;248;231m▀[38;2;248;240;228;48;2;253;246;231m▀[38;2;170;158;159;48;2;174;163;163m▀[38;2;189;177;182;48;2;191;178;184m▀[38;2;210;199;205;48;2;202;191;197m▀[38;2;183;173;179;48;2;170;159;165m▀[38;2;181;172;177;48;2;187;178;183m▀[38;2;199;190;195;48;2;197;188;193m▀[38;2;238;229;234;48;2;234;225;230m▀[38;2;241;232;237;48;2;239;230;235m▀[38;2;241;235;239;48;2;239;233;237m▀[38;2;199;191;196;48;2;173;166;170m▀[38;2;165;154;160;48;2;179;168;174m▀[38;2;195;184;190;48;2;191;180;186m▀[38;2;244;235;240;48;2;241;233;238m▀[38;2;243;237;241;48;2;241;235;239m▀[38;2;242;236;240;48;2;242;236;240m▀▀[38;2;243;237;241;48;2;241;235;239m▀[48;2;242;236;240m▀[38;2;244;238;242;48;2;243;237;241m▀[38;2;154;149;152;48;2;154;148;152m▀[38;2;176;169;176;48;2;174;167;174m▀[38;2;165;158;165;48;2;180;173;180m▀[38;2;153;146;153;48;2;167;160;167m▀[38;2;190;183;190;48;2;145;138;145m▀[0m
[38;2;255;255;255;48;2;255;255;255m▀▀[38;2;173;169;171;48;2;203;200;201m▀[38;2;231;222;225;48;2;200;193;196m▀[38;2;222;218;219;48;2;231;227;229m▀[38;2;253;253;253;48;2;253;253;253m▀[38;2;254;254;254;48;2;254;254;254m▀▀[38;2;203;202;203;48;2;216;215;216m▀[38;2;184;180;181;48;2;184;179;181m▀[38;2;196;190;192;48;2;205;199;201m▀[38;2;194;189;191;48;2;241;239;239m▀[38;2;238;238;239;48;2;249;249;249m▀[38;2;252;252;252;48;2;252;252;253m▀[38;2;253;253;253;48;2;253;254;253m▀[38;2;250;251;250;48;2;254;254;254m▀[38;2;248;247;244;48;2;243;242;240m▀[38;2;252;251;250;48;2;194;189;188m▀[38;2;231;227;228;48;2;181;175;177m▀[38;2;204;195;198;48;2;203;194;197m▀[38;2;207;198;201;48;2;209;200;203m▀[38;2;214;203;207;48;2;216;205;209m▀[38;2;179;167;171;48;2;179;168;171m▀[38;2;208;196;198;48;2;212;201;201m▀[38;2;216;207;197;48;2;234;225;216m▀[38;2;254;247;231;48;2;255;246;233m▀[38;2;255;246;231;48;2;255;246;231m▀▀▀▀▀▀▀▀▀▀[38;2;255;248;232;48;2;255;248;232m▀[38;2;251;243;229;48;2;253;246;232m▀[38;2;195;187;178;48;2;198;191;181m▀[38;2;208;202;193;48;2;214;207;197m▀[38;2;254;246;234;48;2;254;246;234m▀[38;2;195;187;175;48;2;202;195;183m▀[38;2;233;223;215;48;2;237;227;217m▀[38;2;234;223;220;48;2;240;229;223m▀[38;2;231;219;219;48;2;239;228;224m▀[38;2;228;216;217;48;2;230;218;217m▀[38;2;210;198;200;48;2;214;202;204m▀[38;2;223;211;215;48;2;236;224;227m▀[38;2;218;208;206;48;2;214;204;200m▀[38;2;191;183;173;48;2;217;212;199m▀[38;2;254;247;231;48;2;254;247;231m▀[38;2;255;248;232m▀[38;2;254;247;231m▀▀▀▀[38;2;188;180;178;48;2;201;193;189m▀[38;2;200;187;193;48;2;204;192;194m▀[38;2;200;189;195;48;2;204;193;198m▀[38;2;167;156;163;48;2;169;158;163m▀[38;2;191;180;184;48;2;194;183;187m▀[38;2;196;185;189;48;2;196;185;189m▀[38;2;229;218;222;48;2;223;212;216m▀[38;2;235;224;228;48;2;229;218;222m▀[38;2;238;228;233;48;2;231;222;227m▀[38;2;156;148;153;48;2;140;132;136m▀[38;2;185;174;180;48;2;187;176;182m▀[38;2;186;176;181;48;2;186;176;182m▀[38;2;236;228;233;48;2;232;224;228m▀[38;2;239;233;237;48;2;237;231;235m▀[38;2;241;235;239;48;2;239;233;237m▀[38;2;242;236;240;48;2;240;234;238m▀[38;2;241;235;239m▀[48;2;241;235;239m▀[38;2;242;236;240;48;2;240;234;238m▀[38;2;153;147;151;48;2;151;145;149m▀[38;2;175;167;174;48;2;178;168;176m▀[38;2;182;174;181;48;2;185;175;183m▀[38;2;183;170;175;48;2;183;165;169m▀[38;2;129;112;116;48;2;145;116;116m▀[0m
[38;2;255;255;255;48;2;255;255;255m▀[38;2;254;254;254;48;2;254;254;254m▀[38;2;244;242;243;48;2;254;253;253m▀[38;2;172;167;169;48;2;187;183;184m▀[38;2;236;234;235;48;2;236;234;235m▀[38;2;254;253;253;48;2;254;253;253m▀[38;2;254;254;254;48;2;254;254;254m▀▀[38;2;239;238;238;48;2;250;250;250m▀[38;2;178;174;175;48;2;182;181;181m▀[38;2;239;237;238;48;2;252;251;253m▀[38;2;251;248;248;48;2;236;223;219m▀[38;2;244;213;212;48;2;235;168;146m▀[38;2;243;220;216;48;2;236;173;153m▀[38;2;249;238;234;48;2;235;163;147m▀[38;2;254;252;251;48;2;234;169;155m▀[38;2;254;251;252;48;2;248;241;240m▀[38;2;183;174;175;48;2;243;234;236m▀[38;2;161;151;154;48;2;152;142;146m▀[38;2;209;198;202;48;2;210;199;203m▀[38;2;214;203;208;48;2;216;206;209m▀[38;2;223;212;213;48;2;224;213;213m▀[38;2;179;169;167;48;2;180;172;167m▀[38;2;208;198;193;48;2;111;103;95m▀[38;2;125;113;105;48;2;29;16;7m▀[38;2;227;219;208;48;2;40;27;18m▀[38;2;253;246;233;48;2;144;134;122m▀[48;2;237;230;217m▀[38;2;255;246;231;48;2;255;246;231m▀▀▀▀[38;2;250;244;228;48;2;254;245;230m▀[38;2;217;210;194;48;2;252;244;229m▀[38;2;205;199;183;48;2;253;244;229m▀[38;2;197;190;174m▀[38;2;225;218;203;48;2;223;217;202m▀[38;2;252;246;234;48;2;194;187;175m▀[38;2;202;195;185;48;2;198;191;181m▀[38;2;217;209;199;48;2;214;206;196m▀[38;2;254;247;234;48;2;255;248;234m▀[38;2;226;220;207;48;2;249;244;230m▀[38;2;222;212;201;48;2;204;196;184m▀[38;2;245;234;227;48;2;250;241;232m▀[38;2;245;233;229;48;2;251;241;233m▀[38;2;219;207;204;48;2;200;190;185m▀[38;2;219;208;204;48;2;222;212;203m▀[38;2;240;229;225;48;2;247;237;228m▀[38;2;195;187;178;48;2;200;194;181m▀[38;2;246;241;224;48;2;253;248;232m▀[38;2;254;247;231;48;2;254;247;231m▀▀▀▀▀[38;2;254;246;232;48;2;254;246;232m▀[38;2;223;215;207;48;2;244;237;227m▀[38;2;200;187;185;48;2;194;182;178m▀[38;2;210;198;198;48;2;215;204;202m▀[38;2;172;160;162;48;2;177;165;166m▀[38;2;199;189;191;48;2;204;193;195m▀[38;2;198;187;191;48;2;201;190;194m▀[38;2;217;206;210;48;2;212;201;205m▀[38;2;222;211;215;48;2;217;206;210m▀[38;2;201;190;196;48;2;153;143;148m▀[38;2;152;142;148;48;2;186;175;181m▀[38;2;188;177;183;48;2;190;179;185m▀[38;2;189;178;184m▀[38;2;229;222;226;48;2;227;218;223m▀[38;2;234;228;232;48;2;233;226;230m▀[38;2;235;229;233;48;2;232;226;230m▀[38;2;236;230;234m▀[38;2;238;232;236;48;2;233;227;231m▀[38;2;239;233;237m▀[38;2;232;226;230;48;2;220;214;218m▀[38;2;145;137;142;48;2;133;125;130m▀[38;2;182;172;179;48;2;168;156;164m▀[38;2;181;168;177;48;2;150;130;141m▀[38;2;135;119;118;48;2;187;165;162m▀[38;2;230;200;190;48;2;234;161;157m▀[0m
[38;2;255;255;255;48;2;255;255;255m▀▀[38;2;254;253;254;48;2;253;253;253m▀[38;2;216;215;216;48;2;252;251;251m▀[38;2;230;228;229;48;2;232;230;231m▀[38;2;254;251;252;48;2;254;252;253m▀[38;2;255;253;254;48;2;255;253;254m▀▀[38;2;254;253;254;48;2;254;253;254m▀[38;2;194;192;193;48;2;236;234;235m▀[38;2;254;252;254;48;2;252;252;252m▀[38;2;238;196;189;48;2;234;186;177m▀[38;2;246;208;144;48;2;247;214;145m▀[38;2;254;235;149;48;2;254;234;149m▀[38;2;254;235;150;48;2;254;234;148m▀[38;2;238;181;139;48;2;234;179;137m▀[38;2;243;222;221;48;2;244;231;228m▀[38;2;242;243;239;48;2;234;236;230m▀[38;2;147;138;140;48;2;174;165;164m▀[38;2;208;197;202;48;2;172;161;165m▀[38;2;211;200;204;48;2;218;207;211m▀[38;2;204;194;193;48;2;226;216;215m▀[38;2;149;141;135;48;2;189;181;173m▀[38;2;181;173;162;48;2;252;244;233m▀[38;2;65;53;43;48;2;247;239;226m▀[38;2;30;17;8;48;2;160;151;139m▀[38;2;33;19;10;48;2;69;57;48m▀[38;2;40;27;17;48;2;29;16;8m▀[38;2;102;91;82;48;2;31;18;9m▀[38;2;173;162;151;48;2;30;18;6m▀[38;2;223;214;201;48;2;28;15;5m▀[38;2;250;243;229;48;2;38;26;15m▀[38;2;254;248;234;48;2;63;51;40m▀[48;2;88;76;65m▀[48;2;109;97;86m▀[38;2;254;247;233;48;2;123;111;101m▀[48;2;143;134;123m▀[38;2;254;246;234;48;2;197;188;176m▀[38;2;251;246;235;48;2;253;248;238m▀[38;2;198;188;178;48;2;227;221;211m▀[38;2;252;245;234;48;2;241;235;223m▀[38;2;254;246;235;48;2;254;246;235m▀[38;2;205;198;188;48;2;211;204;193m▀[38;2;252;243;232;48;2;251;242;231m▀[38;2;254;245;235;48;2;253;244;232m▀[38;2;202;194;184;48;2;204;195;183m▀[38;2;226;216;204;48;2;226;216;205m▀[38;2;245;238;225;48;2;213;206;194m▀[38;2;209;204;189;48;2;243;238;222m▀[38;2;254;248;232;48;2;254;248;232m▀[38;2;254;247;231;48;2;254;247;231m▀▀▀▀▀[38;2;254;246;232;48;2;254;246;232m▀[38;2;253;246;235;48;2;254;247;234m▀[38;2;196;186;179;48;2;204;195;187m▀[38;2;223;212;209;48;2;223;212;208m▀[38;2;179;167;167;48;2;175;164;163m▀[38;2;212;200;201;48;2;212;200;202m▀[38;2;207;195;197;48;2;208;196;198m▀[38;2;210;198;202;48;2;209;197;201m▀[38;2;211;199;202;48;2;188;176;180m▀[38;2;143;131;137;48;2;162;149;156m▀[38;2;192;179;186;48;2;195;182;189m▀[48;2;194;181;188m▀[38;2;193;180;187m▀[38;2;223;213;218;48;2;220;209;215m▀[38;2;229;219;225;48;2;223;212;218m▀[38;2;232;223;228;48;2;226;216;222m▀[48;2;229;219;225m▀[38;2;233;225;229;48;2;234;224;226m▀[38;2;227;219;223;48;2;214;204;206m▀[38;2;219;212;216;48;2;219;210;211m▀[38;2;123;114;119;48;2;122;111;113m▀[38;2;177;163;167;48;2;147;132;131m▀[38;2;136;113;117;48;2;203;174;164m▀[38;2;239;192;192;48;2;235;163;151m▀[38;2;239;147;142;48;2;240;149;134m▀[0m
[38;2;255;255;255;48;2;255;255;255m▀▀[38;2;254;254;254;48;2;254;254;254m▀▀[38;2;251;251;251;48;2;253;253;253m▀[38;2;255;253;254;48;2;255;253;254m▀▀▀▀▀[38;2;253;251;251;48;2;252;248;250m▀[38;2;232;177;164;48;2;233;169;157m▀[38;2;250;223;148;48;2;252;231;149m▀[38;2;254;232;149;48;2;254;232;148m▀[38;2;252;233;148;48;2;254;232;150m▀[38;2;232;174;137;48;2;233;171;137m▀[38;2;244;232;233;48;2;250;237;240m▀[38;2;222;220;218;48;2;211;208;209m▀[38;2;184;176;174;48;2;184;174;175m▀[38;2;148;140;141;48;2;181;171;172m▀[38;2;221;210;214;48;2;174;163;167m▀[38;2;226;214;215;48;2;233;219;220m▀[38;2;191;181;170;48;2;180;164;151m▀[38;2;249;238;222;48;2;240;216;199m▀[38;2;249;236;219;48;2;246;216;200m▀[38;2;253;242;223;48;2;241;211;196m▀[38;2;253;244;226;48;2;249;226;209m▀[38;2;223;215;201;48;2;247;231;214m▀[38;2;177;166;154;48;2;252;241;224m▀[38;2;145;133;122;48;2;253;242;227m▀[38;2;125;112;101;48;2;254;244;230m▀[38;2;115;102;91m▀[38;2;112;99;88;48;2;254;243;230m▀[38;2;116;102;92;48;2;254;244;231m▀[38;2;133;120;109;48;2;253;243;230m▀[38;2;158;146;135;48;2;253;243;229m▀[38;2;191;181;170;48;2;255;246;233m▀[38;2;236;227;216;48;2;254;247;234m▀[38;2;254;246;233;48;2;254;246;233m▀▀[38;2;248;236;224;48;2;254;246;234m▀[38;2;254;245;233;48;2;254;246;233m▀[38;2;237;230;221;48;2;253;246;236m▀[38;2;230;221;212;48;2;219;211;202m▀[38;2;250;241;231;48;2;229;220;210m▀[38;2;205;196;186;48;2;227;218;208m▀[38;2;224;217;207;48;2;216;208;198m▀[38;2;205;196;186;48;2;216;209;198m▀[38;2;212;207;191;48;2;252;249;232m▀[38;2;217;212;196;48;2;233;228;212m▀[38;2;252;246;230;48;2;197;190;174m▀[48;2;212;206;190m▀[38;2;254;247;231;48;2;254;247;231m▀[48;2;255;248;232m▀[48;2;254;247;231m▀▀[38;2;254;246;233;48;2;254;246;233m▀[38;2;211;203;192;48;2;215;206;195m▀[38;2;211;200;194;48;2;194;184;175m▀[38;2;189;179;175;48;2;208;198;192m▀[38;2;219;208;205;48;2;221;210;206m▀[38;2;212;200;200;48;2;216;205;203m▀[38;2;206;194;196;48;2;204;192;191m▀[38;2;135;124;126;48;2;104;92;94m▀[38;2;200;188;192;48;2;204;192;196m▀[38;2;199;187;191;48;2;199;187;191m▀[38;2;197;184;191;48;2;198;185;192m▀[48;2;200;186;193m▀[38;2;217;206;212;48;2;211;200;206m▀[38;2;218;207;213;48;2;213;202;208m▀[38;2;220;209;215;48;2;214;203;209m▀[38;2;223;212;217;48;2;217;205;210m▀[38;2;221;211;212;48;2;216;204;206m▀[38;2;196;186;186;48;2;187;175;176m▀[38;2;200;190;191;48;2;164;152;152m▀[38;2;128;114;117;48;2;124;107;108m▀[38;2;148;116;118;48;2;210;168;169m▀[38;2;242;195;182;48;2;240;167;158m▀[38;2;237;151;141;48;2;239;150;140m▀[38;2;237;147;136;48;2;220;132;122m▀[0m
[38;2;255;255;255;48;2;255;255;255m▀▀▀▀▀▀▀▀▀▀[38;2;253;247;246;48;2;251;241;238m▀[38;2;232;167;152;48;2;235;166;146m▀[38;2;254;235;149;48;2;255;234;148m▀[38;2;255;235;148;48;2;254;235;148m▀[38;2;253;229;151;48;2;251;223;151m▀[38;2;231;170;140;48;2;230;169;151m▀[38;2;251;251;248;48;2;252;252;248m▀[38;2;207;203;201;48;2;228;224;221m▀[38;2;169;159;159;48;2;171;160;160m▀[38;2;194;182;182;48;2;197;182;182m▀[38;2;164;152;154;48;2;207;192;195m▀[38;2;211;196;198;48;2;134;120;121m▀[38;2;188;170;158;48;2;192;176;167m▀[38;2;245;222;204;48;2;251;233;218m▀[38;2;243;213;198;48;2;249;225;210m▀[38;2;245;211;198;48;2;246;217;203m▀[38;2;243;212;197;48;2;250;224;209m▀[38;2;247;219;205;48;2;241;217;203m▀[38;2;236;214;199;48;2;253;242;222m▀[38;2;254;244;227;48;2;253;247;227m▀[38;2;255;246;229;48;2;255;246;229m▀▀[38;2;255;246;231;48;2;255;246;231m▀▀▀▀[38;2;255;247;232;48;2;254;247;231m▀▀[38;2;255;246;231m▀▀[38;2;254;246;231m▀[38;2;255;247;231m▀[38;2;254;247;236;48;2;254;246;234m▀[38;2;230;223;210;48;2;251;246;234m▀[38;2;209;201;190;48;2;214;205;195m▀[38;2;248;241;230;48;2;246;239;228m▀[38;2;195;187;176;48;2;204;195;183m▀[38;2;225;217;205;48;2;233;225;212m▀[38;2;203;195;183;48;2;79;68;57m▀[38;2;253;246;233;48;2;145;137;125m▀[38;2;253;245;232;48;2;248;241;229m▀[38;2;239;231;218;48;2;253;246;233m▀[38;2;195;189;174;48;2;254;248;232m▀[38;2;203;198;182;48;2;253;246;230m▀[38;2;247;241;225;48;2;249;243;227m▀[38;2;254;248;232;48;2;254;248;232m▀[38;2;254;246;233;48;2;254;245;233m▀[38;2;218;209;199;48;2;224;215;205m▀[38;2;189;180;172;48;2;194;186;178m▀[38;2;221;210;203;48;2;235;225;218m▀[38;2;227;217;212;48;2;235;224;220m▀[38;2;222;210;206;48;2;217;203;197m▀[38;2;170;152;144;48;2;169;141;127m▀[38;2;150;136;135;48;2;178;161;155m▀[38;2;205;193;197;48;2;206;194;198m▀[38;2;200;188;192;48;2;201;189;193m▀[38;2;201;188;194;48;2;203;190;197m▀[38;2;201;188;195;48;2;202;189;196m▀[38;2;208;195;202;48;2;205;192;199m▀[38;2;210;197;204;48;2;204;191;199m▀[38;2;209;196;203;48;2;204;191;198m▀[38;2;210;197;204m▀[38;2;190;177;182;48;2;176;164;169m▀[38;2;197;184;185;48;2;198;184;186m▀[38;2;137;119;119;48;2;96;69;68m▀[38;2;151;111;114;48;2;212;157;153m▀[38;2;239;197;189;48;2;240;181;169m▀[38;2;242;151;145;48;2;242;148;141m▀[38;2;242;150;142;48;2;235;146;136m▀[38;2;204;114;105;48;2;198;108;99m▀[0m
[38;2;255;255;255;48;2;255;255;255m▀▀▀▀▀▀▀▀▀▀[38;2;245;233;228;48;2;242;225;219m▀[38;2;236;168;143;48;2;237;171;142m▀[38;2;255;235;148;48;2;255;235;148m▀[38;2;254;235;148;48;2;254;235;149m▀[38;2;247;215;152;48;2;245;207;150m▀[38;2;232;174;161;48;2;235;185;179m▀[38;2;254;254;250;48;2;254;255;250m▀[38;2;225;221;218;48;2;218;214;211m▀[38;2;202;192;191;48;2;211;200;200m▀[38;2;208;193;193;48;2;218;203;204m▀[38;2;210;193;196;48;2;215;199;203m▀[38;2;171;159;159;48;2;184;170;170m▀[38;2;184;172;166;48;2;253;243;238m▀[38;2;250;240;226;48;2;244;236;226m▀[38;2;254;246;229;48;2;255;247;233m▀[38;2;255;247;227;48;2;255;248;230m▀[38;2;254;246;227;48;2;255;247;228m▀[38;2;255;247;228m▀▀▀[38;2;255;246;229;48;2;254;245;228m▀[48;2;254;245;229m▀[38;2;255;246;231;48;2;255;246;231m▀▀▀▀[38;2;254;247;231;48;2;254;247;231m▀▀▀▀▀▀▀▀[38;2;253;245;232;48;2;254;246;231m▀[38;2;245;238;225;48;2;253;245;230m▀[38;2;243;237;225;48;2;253;245;231m▀[38;2;254;246;234;48;2;254;246;232m▀[38;2;223;215;203;48;2;253;245;233m▀[38;2;58;49;38;48;2;225;217;205m▀[38;2;88;78;68;48;2;69;59;49m▀[38;2;217;211;200;48;2;37;27;17m▀[38;2;253;245;232;48;2;137;127;116m▀[38;2;253;247;233;48;2;238;231;218m▀[38;2;255;248;232;48;2;255;248;232m▀▀[38;2;254;247;233;48;2;254;246;233m▀[38;2;220;213;202;48;2;254;245;234m▀[38;2;215;209;198;48;2;221;212;202m▀[38;2;241;231;222;48;2;243;234;225m▀[38;2;237;226;219;48;2;209;199;193m▀[38;2;180;168;160;48;2;217;209;201m▀[38;2;197;168;156;48;2;196;167;157m▀[38;2;207;188;186;48;2;219;200;199m▀[38;2;200;185;190;48;2;197;184;189m▀[38;2;208;193;198;48;2;210;196;200m▀[38;2;206;191;198;48;2;205;192;199m▀[38;2;205;190;197;48;2;204;191;198m▀[48;2;204;189;195m▀[38;2;204;189;196m▀[38;2;205;190;197;48;2;204;189;194m▀[38;2;183;169;176;48;2;147;132;138m▀[38;2;185;172;177;48;2;202;188;192m▀[38;2;169;154;155;48;2;120;93;93m▀[38;2;132;83;79;48;2;199;142;133m▀[38;2;236;194;176;48;2;235;197;177m▀[38;2;240;153;147;48;2;240;150;143m▀[38;2;240;149;143;48;2;242;149;143m▀[38;2;224;134;126;48;2;216;125;118m▀[38;2;199;109;101;48;2;200;110;102m▀[0m
[38;2;255;255;255;48;2;255;255;255m▀▀▀▀▀▀▀▀▀▀[38;2;241;217;212;48;2;237;206;201m▀[38;2;240;179;144;48;2;243;188;143m▀[38;2;255;235;148;48;2;255;235;149m▀[38;2;255;235;149;48;2;255;235;150m▀[38;2;244;199;148;48;2;241;191;144m▀[38;2;241;198;192;48;2;244;210;206m▀[38;2;254;254;250;48;2;253;253;249m▀[38;2;218;213;210;48;2;220;215;212m▀[38;2;214;203;203;48;2;219;209;208m▀[38;2;217;205;205;48;2;221;209;209m▀[38;2;222;207;210;48;2;226;212;215m▀[38;2;191;177;178;48;2;159;145;146m▀[38;2;254;246;234;48;2;236;227;215m▀[38;2;254;247;232;48;2;254;247;229m▀[38;2;255;248;230;48;2;255;247;229m▀[38;2;254;247;229;48;2;254;247;229m▀[38;2;255;247;228;48;2;255;247;228m▀▀▀▀▀▀[38;2;255;246;229;48;2;255;246;229m▀▀▀▀[38;2;255;246;231;48;2;255;246;231m▀▀▀▀▀▀▀▀[48;2;255;246;229m▀▀▀▀[48;2;255;246;231m▀▀[38;2;242;233;221;48;2;254;245;233m▀[38;2;111;101;90;48;2;253;244;232m▀[38;2;30;20;10;48;2;187;178;168m▀[38;2;43;33;23;48;2;62;52;43m▀[38;2;131;122;111;48;2;29;17;6m▀[38;2;220;215;202;48;2;31;21;9m▀[38;2;252;247;232;48;2;72;63;50m▀[38;2;253;248;235;48;2;120;111;99m▀[38;2;216;209;198;48;2;158;149;139m▀[38;2;236;228;217;48;2;128;118;109m▀[38;2;195;187;180;48;2;175;166;157m▀[38;2;253;244;235;48;2;198;188;179m▀[38;2;202;178;172;48;2;196;179;178m▀[38;2;197;182;183;48;2;193;180;182m▀[38;2;211;200;204;48;2;215;203;207m▀[38;2;206;194;198;48;2;206;195;199m▀[38;2;205;193;197;48;2;204;193;197m▀[38;2;202;191;195;48;2;202;191;195m▀[38;2;202;190;194;48;2;202;190;192m▀[38;2;201;189;193;48;2;193;181;183m▀[38;2;167;156;159;48;2;131;120;122m▀[38;2;160;149;152;48;2;191;180;181m▀[38;2;196;180;182;48;2;133;111;111m▀[38;2;131;78;78;48;2;201;125;126m▀[38;2;236;175;168;48;2;243;194;189m▀[38;2;240;175;166;48;2;236;155;145m▀[38;2;243;151;139;48;2;243;150;140m▀[38;2;243;150;141;48;2;245;149;140m▀[38;2;216;124;114;48;2;238;143;134m▀[38;2;200;107;99;48;2;211;117;108m▀[0m
[38;2;255;255;255;48;2;255;255;255m▀▀▀▀▀▀▀▀▀[38;2;255;254;254;48;2;255;254;254m▀[38;2;238;200;193;48;2;236;190;181m▀[38;2;248;197;145;48;2;249;205;147m▀[38;2;255;236;149;48;2;255;236;148m▀[38;2;255;235;151;48;2;255;235;150m▀[38;2;237;182;142;48;2;232;175;141m▀[38;2;246;222;217;48;2;248;235;232m▀[38;2;238;237;233;48;2;249;248;244m▀[38;2;206;201;198;48;2;177;173;170m▀[38;2;224;216;214;48;2;230;222;220m▀[38;2;225;215;214;48;2;231;221;220m▀[38;2;227;216;218;48;2;229;219;220m▀[38;2;192;180;182;48;2;177;166;168m▀[38;2;99;87;82;48;2;165;155;157m▀[38;2;248;242;224;48;2;128;119;111m▀[38;2;254;247;228;48;2;248;240;224m▀[38;2;253;247;229;48;2;254;247;229m▀[38;2;255;247;228;48;2;255;247;228m▀▀▀▀▀▀[38;2;255;246;229;48;2;255;246;229m▀▀▀▀[38;2;255;246;231;48;2;255;246;231m▀▀[38;2;243;236;221;48;2;193;187;172m▀[38;2;254;246;231;48;2;253;245;230m▀[38;2;255;246;231;48;2;255;246;231m▀▀▀▀[38;2;255;246;229;48;2;255;246;229m▀▀▀▀[38;2;255;246;231;48;2;255;246;231m▀▀[38;2;255;245;233;48;2;255;245;233m▀▀[38;2;253;246;233;48;2;254;246;233m▀[38;2;249;241;229;48;2;254;245;231m▀[38;2;171;163;152;48;2;253;245;232m▀[38;2;77;68;57;48;2;253;245;229m▀[38;2;32;22;12;48;2;221;212;197m▀[38;2;35;25;12;48;2;155;146;133m▀[38;2;60;49;40;48;2;108;98;88m▀[38;2;31;21;11;48;2;77;67;57m▀[38;2;32;22;13;48;2;60;50;41m▀[38;2;53;42;37;48;2;70;59;53m▀[38;2;178;164;164;48;2;169;155;154m▀[38;2;218;205;207;48;2;217;205;207m▀[38;2;216;205;208;48;2;217;205;209m▀[38;2;208;197;201;48;2;209;198;202m▀[38;2;206;195;199;48;2;207;196;200m▀[38;2;203;192;196;48;2;204;193;197m▀[38;2;202;190;193;48;2;153;141;143m▀[38;2;146;135;136;48;2;148;137;138m▀[38;2;162;150;152;48;2;189;177;179m▀[38;2;189;177;177;48;2;124;112;112m▀[38;2;113;72;67;48;2;183;115;109m▀[38;2;230;156;150;48;2;234;177;164m▀[38;2;244;192;185;48;2;238;171;162m▀[38;2;236;150;140;48;2;240;149;142m▀[38;2;244;150;142;48;2;244;150;142m▀[38;2;246;149;142;48;2;247;148;142m▀[38;2;244;150;142;48;2;246;149;142m▀▀[0m
[38;2;255;255;255;48;2;255;255;255m▀▀▀▀▀▀▀▀▀[38;2;255;254;252;48;2;255;254;252m▀[38;2;234;181;172;48;2;232;177;162m▀[38;2;249;212;146;48;2;250;217;147m▀[38;2;255;236;149;48;2;254;236;150m▀[38;2;254;232;152;48;2;254;227;153m▀[38;2;230;170;144;48;2;229;174;154m▀[38;2;252;243;241;48;2;254;250;248m▀[38;2;253;250;247;48;2;253;252;248m▀[38;2;185;182;179;48;2;242;241;237m▀[38;2;233;227;224;48;2;185;181;178m▀[38;2;236;228;227;48;2;242;236;233m▀[38;2;238;228;229;48;2;243;234;235m▀[38;2;175;167;167;48;2;186;179;180m▀[38;2;239;236;233;48;2;251;250;246m▀[38;2;207;203;200;48;2;253;253;249m▀[38;2;123;116;106;48;2;208;203;199m▀[38;2;248;242;226;48;2;108;99;90m▀[38;2;254;246;229;48;2;231;223;206m▀[48;2;255;246;229m▀[38;2;255;246;229m▀▀▀▀▀▀▀▀[38;2;255;246;231;48;2;255;246;231m▀▀[38;2;242;237;221;48;2;254;246;231m▀[38;2;196;188;173;48;2;251;243;228m▀[38;2;208;202;186;48;2;252;245;229m▀[38;2;200;193;178;48;2;254;250;233m▀[38;2;238;233;217;48;2;254;248;232m▀[38;2;253;248;232m▀[38;2;255;246;229;48;2;255;246;229m▀▀▀▀[38;2;255;246;231;48;2;255;246;231m▀▀▀[38;2;254;247;230;48;2;254;247;230m▀[38;2;252;248;230;48;2;253;247;228m▀[38;2;249;239;220;48;2;242;224;204m▀[38;2;238;214;195;48;2;248;222;201m▀[38;2;245;219;202;48;2;245;216;198m▀[38;2;248;227;211;48;2;244;217;200m▀[38;2;252;235;221;48;2;247;212;199m▀[38;2;253;243;227;48;2;241;213;195m▀[38;2;254;249;232;48;2;245;234;213m▀[38;2;250;246;230;48;2;203;196;178m▀[38;2;184;175;167;48;2;224;215;205m▀[38;2;229;215;213;48;2;227;213;212m▀[38;2;212;197;200;48;2;221;206;209m▀[38;2;215;202;206;48;2;212;200;204m▀[38;2;209;197;201;48;2;206;194;198m▀[38;2;206;194;198;48;2;146;135;139m▀[38;2;154;142;146;48;2;166;154;158m▀[38;2;160;148;152;48;2;153;141;145m▀[38;2;161;152;152;48;2;184;175;173m▀[38;2;165;150;149;48;2;142;116;110m▀[38;2;122;84;84;48;2;190;117;117m▀[38;2;228;144;143;48;2;236;155;152m▀[38;2;238;196;183;48;2;241;196;189m▀[38;2;239;152;149;48;2;239;151;143m▀[38;2;243;150;142;48;2;242;149;142m▀[38;2;244;150;142;48;2;244;150;142m▀[38;2;245;151;143;48;2;245;151;143m▀▀▀[0m
[38;2;255;255;255;48;2;255;255;255m▀▀▀▀▀▀▀▀▀[38;2;255;253;253;48;2;255;252;252m▀[38;2;233;174;155;48;2;236;171;147m▀[38;2;251;222;146;48;2;252;227;148m▀[38;2;252;236;151;48;2;253;235;153m▀[38;2;249;215;149;48;2;246;207;148m▀[38;2;231;179;164;48;2;232;187;176m▀[38;2;252;253;252;48;2;250;254;253m▀[38;2;252;254;251;48;2;252;255;251m▀[38;2;254;254;252;48;2;254;254;252m▀[38;2;197;196;194;48;2;251;251;249m▀[38;2;222;218;217;48;2;173;170;169m▀[38;2;246;238;239;48;2;242;236;236m▀[38;2;200;192;193;48;2;207;200;200m▀[38;2;253;252;248;48;2;253;252;248m▀[38;2;254;253;249;48;2;254;253;249m▀[38;2;254;252;249;48;2;253;253;249m▀[38;2;228;223;218;48;2;254;252;249m▀[38;2;109;99;91;48;2;250;247;243m▀[38;2;189;181;165;48;2;149;142;134m▀[38;2;254;248;232;48;2;122;114;103m▀[38;2;254;246;230;48;2;238;233;218m▀[38;2;255;248;232;48;2;255;248;232m▀▀[38;2;255;246;229;48;2;255;246;229m▀▀▀▀[38;2;255;246;231;48;2;255;246;231m▀▀▀▀▀▀[38;2;255;248;232;48;2;255;248;232m▀▀[38;2;255;246;229;48;2;255;246;229m▀▀▀▀[38;2;255;246;231;48;2;255;246;231m▀▀▀[38;2;255;246;230;48;2;255;246;230m▀[38;2;255;248;229;48;2;255;247;229m▀[38;2;255;247;228;48;2;255;247;228m▀[38;2;249;234;213;48;2;254;247;225m▀[38;2;243;226;205;48;2;252;246;222m▀[38;2;242;221;202;48;2;251;245;224m▀[38;2;247;215;203;48;2;252;242;228m▀[38;2;238;208;197;48;2;216;204;195m▀[38;2;210;189;176;48;2;220;208;202m▀[38;2;223;211;199;48;2;239;226;224m▀[38;2;233;220;218;48;2;232;217;220m▀[38;2;228;214;214;48;2;219;204;207m▀[38;2;223;208;211;48;2;163;148;151m▀[38;2;196;181;186;48;2;160;145;150m▀[38;2;145;130;135;48;2;192;177;182m▀[38;2;183;168;173;48;2;181;166;171m▀[38;2;167;153;158;48;2;164;150;155m▀[38;2;178;166;169;48;2;168;159;161m▀[38;2;196;183;181;48;2;202;182;181m▀[38;2;174;125;121;48;2;180;113;112m▀[38;2;213;127;119;48;2;237;149;139m▀[38;2;233;166;160;48;2;239;189;186m▀[38;2;235;179;175;48;2;234;159;152m▀[38;2;243;152;140;48;2;244;152;141m▀[38;2;244;151;142m▀[38;2;245;151;141;48;2;245;151;141m▀[38;2;245;151;142;48;2;245;151;142m▀[38;2;245;151;143;48;2;245;151;143m▀▀[0m
[38;2;255;255;255;48;2;255;255;255m▀▀▀▀▀▀▀▀[38;2;255;254;254m▀[38;2;253;249;248;48;2;251;245;244m▀[38;2;234;168;143;48;2;233;168;141m▀[38;2;254;230;148;48;2;254;232;149m▀[38;2;252;235;153;48;2;253;235;153m▀[38;2;243;198;147;48;2;239;191;144m▀[38;2;237;199;192;48;2;239;210;204m▀[38;2;250;254;252;48;2;249;254;253m▀[38;2;254;255;255;48;2;253;254;254m▀[38;2;254;254;254;48;2;254;254;254m▀[38;2;254;253;254;48;2;253;253;253m▀[38;2;242;240;241;48;2;253;252;253m▀[38;2;178;174;175;48;2;238;237;237m▀[38;2;229;224;226;48;2;181;177;178m▀[38;2;226;223;222;48;2;203;199;198m▀[38;2;253;253;251;48;2;253;252;250m▀[38;2;254;253;251;48;2;255;254;252m▀[38;2;255;254;252m▀▀[38;2;254;253;251m▀[38;2;213;208;202;48;2;254;253;251m▀[38;2;102;94;84;48;2;250;248;245m▀[38;2;173;166;153;48;2;167;161;155m▀[38;2;251;247;232;48;2;101;94;85m▀[38;2;254;247;230;48;2;195;188;177m▀[38;2;254;247;231;48;2;253;247;232m▀[38;2;254;247;229;48;2;254;247;229m▀▀[38;2;255;247;232;48;2;255;248;232m▀[38;2;255;246;231;48;2;255;247;232m▀[48;2;255;246;231m▀▀▀▀▀▀[38;2;255;246;229;48;2;255;246;229m▀▀▀▀[38;2;255;246;231;48;2;255;246;231m▀▀▀▀[38;2;254;247;229;48;2;254;247;229m▀[38;2;255;248;230m▀[38;2;253;246;227;48;2;253;246;227m▀[38;2;251;247;222;48;2;244;239;218m▀[38;2;249;246;227;48;2;185;179;162m▀[38;2;212;208;196;48;2;200;194;180m▀[38;2;222;216;210;48;2;197;189;183m▀[38;2;241;232;232;48;2;137;128;128m▀[38;2;204;194;195;48;2;199;188;189m▀[38;2;172;160;162;48;2;215;203;205m▀[38;2;166;152;154;48;2;209;194;197m▀[38;2;201;186;189;48;2;210;195;198m▀[38;2;196;181;186;48;2;168;154;158m▀[38;2;172;157;162;48;2;181;166;171m▀[38;2;156;141;146;48;2;207;193;198m▀[38;2;170;157;161;48;2;200;192;195m▀[38;2;235;228;225;48;2;221;209;202m▀[38;2;185;137;134;48;2;210;139;134m▀[38;2;188;138;131;48;2;242;199;192m▀[38;2;191;114;113;48;2;206;132;132m▀[38;2;226;190;182;48;2;155;91;87m▀[38;2;235;154;150;48;2;161;88;85m▀[38;2;241;150;144;48;2;176;99;95m▀[38;2;242;151;142;48;2;214;134;126m▀[38;2;243;151;143;48;2;232;146;136m▀[38;2;244;151;143;48;2;236;144;136m▀▀▀[0m
[38;2;255;255;255;48;2;255;255;255m▀▀▀▀▀▀▀▀[38;2;254;255;254;48;2;254;254;254m▀[38;2;248;238;235;48;2;245;227;224m▀[38;2;234;173;139;48;2;237;179;139m▀[38;2;254;233;148;48;2;254;234;149m▀[38;2;254;234;154;48;2;254;233;155m▀[38;2;237;183;144;48;2;231;176;143m▀[38;2;244;222;219;48;2;244;232;230m▀[38;2;248;254;253;48;2;247;254;252m▀[38;2;253;254;254;48;2;254;255;255m▀[38;2;254;254;254;48;2;254;254;254m▀▀▀▀[38;2;253;253;253m▀[38;2;210;206;208;48;2;254;253;254m▀[38;2;253;251;252m▀[38;2;255;253;252;48;2;255;254;252m▀[38;2;255;254;252m▀▀▀▀▀[38;2;254;253;251;48;2;254;254;252m▀[38;2;240;240;238m▀[38;2;148;143;139m▀[38;2;103;94;87;48;2;240;239;236m▀[38;2;193;185;174;48;2;160;155;151m▀[38;2;252;245;231;48;2;110;102;95m▀[38;2;254;246;233;48;2;161;152;141m▀[48;2;237;230;218m▀[48;2;254;247;234m▀[48;2;255;247;234m▀[38;2;255;246;231;48;2;254;246;233m▀▀[48;2;255;246;231m▀▀[38;2;255;246;229;48;2;255;246;229m▀▀▀▀[38;2;255;246;231;48;2;255;246;231m▀▀▀▀[38;2;255;248;233;48;2;254;246;234m▀[38;2;255;248;232m▀[38;2;254;247;230m▀[38;2;253;247;227;48;2;241;234;222m▀[38;2;252;245;228;48;2;195;187;177m▀[38;2;252;245;233;48;2;189;180;174m▀[38;2;188;181;178;48;2;222;214;211m▀[38;2;220;211;212;48;2;229;220;220m▀[38;2;221;211;212;48;2;226;216;217m▀[38;2;216;206;207;48;2;216;206;207m▀[38;2;207;195;197;48;2;184;172;174m▀[38;2;161;149;151;48;2;180;168;170m▀[38;2;195;181;186;48;2;225;212;216m▀[38;2;221;209;213;48;2;190;181;184m▀[38;2;182;175;177;48;2;243;239;242m▀[38;2;252;249;249;48;2;243;240;239m▀[38;2;184;155;146;48;2;191;131;125m▀[38;2;234;158;155;48;2;238;184;179m▀[38;2;232;195;189;48;2;218;160;157m▀[38;2;195;109;110;48;2;199;109;105m▀[38;2;195;108;111;48;2;196;107;107m▀[38;2;194;109;109;48;2;196;107;109m▀[38;2;192;108;107m▀[38;2;161;81;79;48;2;197;107;109m▀[38;2;143;69;65;48;2;199;105;109m▀[38;2;132;69;63;48;2;217;125;133m▀[38;2;129;69;61;48;2;181;114;116m▀[38;2;145;85;76;48;2;130;94;87m▀[0m
[38;2;255;255;255;48;2;255;255;255m▀▀▀▀▀▀▀▀[38;2;254;254;255;48;2;253;254;254m▀[38;2;242;221;215;48;2;242;215;209m▀[38;2;235;180;137;48;2;239;186;139m▀[38;2;253;235;149;48;2;253;236;149m▀[38;2;253;230;156;48;2;253;226;156m▀[38;2;226;169;142;48;2;229;172;150m▀[38;2;248;244;242;48;2;250;250;249m▀[38;2;248;254;252;48;2;252;254;253m▀[38;2;254;255;255;48;2;255;255;255m▀[38;2;255;255;255m▀▀▀▀▀▀▀[38;2;254;254;254;48;2;254;254;254m▀▀▀▀▀▀[48;2;240;239;240m▀[48;2;218;217;218m▀[38;2;252;253;253;48;2;236;236;236m▀[38;2;251;252;252;48;2;179;163;168m▀[38;2;209;205;203;48;2;98;70;77m▀[38;2;104;92;87;48;2;186;164;167m▀[38;2;97;71;56;48;2;162;125;102m▀[38;2;98;70;56;48;2;250;194;157m▀[38;2;90;71;61;48;2;230;178;145m▀[38;2;137;124;114;48;2;156;113;88m▀[38;2;177;167;155;48;2;79;45;29m▀[38;2;207;201;188;48;2;35;15;4m▀[38;2;228;222;210;48;2;47;35;26m▀[38;2;245;239;228;48;2;112;104;93m▀[38;2;254;248;233;48;2;110;103;90m▀[38;2;254;249;234;48;2;111;106;92m▀[38;2;254;248;233;48;2;114;109;98m▀[38;2;253;247;233;48;2;115;110;99m▀[38;2;251;243;230;48;2;119;113;102m▀[38;2;242;235;220;48;2;132;126;116m▀[38;2;225;219;205;48;2;154;148;141m▀[38;2;200;192;178;48;2;189;184;174m▀[38;2;168;160;149;48;2;230;226;221m▀[38;2;138;129;123;48;2;141;133;133m▀[38;2;126;117;113;48;2;231;224;222m▀[38;2;183;176;171;48;2;225;216;215m▀[38;2;223;214;210;48;2;236;226;227m▀[38;2;232;222;221;48;2;239;229;231m▀[38;2;233;223;222;48;2;233;223;225m▀[38;2;233;223;224;48;2;233;223;224m▀[38;2;230;220;221;48;2;191;181;182m▀[38;2;199;189;190;48;2;140;131;132m▀[38;2;115;104;106;48;2;207;197;198m▀[38;2;225;214;215;48;2;211;203;204m▀[38;2;198;188;192;48;2;214;210;211m▀[38;2;227;222;224;48;2;253;252;253m▀[38;2;253;251;252;48;2;253;250;252m▀[38;2;201;186;185;48;2;184;145;141m▀[38;2;227;142;141;48;2;233;159;155m▀[38;2;239;198;189;48;2;243;193;188m▀[38;2;242;152;144;48;2;242;149;137m▀[38;2;231;138;129;48;2;244;150;137m▀[38;2;210;116;109;48;2;244;149;138m▀[38;2;199;108;105;48;2;230;136;127m▀[38;2;196;106;106;48;2;211;119;115m▀[38;2;197;106;106;48;2;200;107;107m▀[38;2;197;105;106;48;2;204;112;111m▀[38;2;223;128;134;48;2;221;126;126m▀[38;2;188;110;108;48;2;184;104;99m▀[38;2;145;116;114;48;2;155;134;136m▀[0m
[38;2;255;255;255;48;2;255;255;255m▀▀▀▀▀▀▀▀[38;2;254;254;254;48;2;254;255;255m▀[38;2;240;209;203;48;2;237;204;197m▀[38;2;241;190;141;48;2;244;196;144m▀[38;2;254;236;150;48;2;254;236;149m▀[38;2;249;217;150;48;2;244;205;143m▀[38;2;233;180;162;48;2;235;190;177m▀[38;2;251;252;251;48;2;253;254;253m▀[38;2;254;253;255;48;2;255;254;255m▀[38;2;254;254;254;48;2;254;254;254m▀[38;2;255;255;255;48;2;255;255;255m▀▀▀▀▀▀▀[38;2;254;254;254;48;2;254;254;254m▀▀▀[48;2;253;253;253m▀[38;2;252;252;252;48;2;138;119;125m▀[38;2;161;143;149;48;2;134;59;85m▀[38;2;99;54;69;48;2;158;69;99m▀[38;2;119;50;73;48;2;157;66;97m▀[38;2;109;38;62;48;2;155;66;96m▀[38;2;135;66;89;48;2;140;80;100m▀[38;2;171;139;148;48;2;226;207;211m▀[38;2;224;206;209;48;2;222;207;210m▀[38;2;215;168;144;48;2;214;168;143m▀[38;2;253;193;158;48;2;253;194;159m▀[38;2;252;195;158;48;2;252;194;157m▀[38;2;253;195;157;48;2;240;185;150m▀[38;2;247;197;163;48;2;193;156;135m▀[38;2;158;129;111;48;2;211;195;188m▀[38;2;144;128;121;48;2;224;205;202m▀[38;2;109;92;85;48;2;123;72;79m▀[38;2;191;180;173;48;2;113;72;80m▀[38;2;254;252;246;48;2;215;205;209m▀[38;2;255;254;248;48;2;252;250;250m▀[38;2;254;254;251;48;2;254;254;253m▀[38;2;255;255;252;48;2;255;255;255m▀[38;2;255;255;255m▀[38;2;254;254;253;48;2;254;254;254m▀[38;2;254;253;252;48;2;242;242;240m▀[38;2;198;195;197;48;2;183;181;181m▀[38;2;204;199;202;48;2;221;216;218m▀[38;2;219;213;214;48;2;243;237;237m▀[38;2;238;230;231;48;2;243;235;236m▀[38;2;242;232;233;48;2;246;236;237m▀[48;2;199;189;190m▀[38;2;230;220;220;48;2;190;183;184m▀[38;2;180;171;172;48;2;248;244;245m▀[38;2;214;208;208;48;2;205;198;198m▀[38;2;189;181;182;48;2;211;206;205m▀[38;2;215;209;209;48;2;207;205;204m▀[38;2;207;204;203;48;2;253;253;251m▀[38;2;254;254;254;48;2;254;255;255m▀[38;2;254;255;255;48;2;253;255;255m▀[38;2;236;234;233;48;2;199;185;183m▀[38;2;189;130;124;48;2;220;148;139m▀[38;2;239;184;176;48;2;238;196;189m▀[38;2;236;165;159;48;2;240;153;146m▀[38;2;243;149;138;48;2;243;149;138m▀[38;2;244;150;140;48;2;244;150;140m▀[38;2;245;151;141;48;2;245;151;141m▀▀[38;2;244;152;142;48;2;245;151;140m▀[38;2;241;148;139;48;2;245;151;142m▀[38;2;229;164;153;48;2;239;195;181m▀[38;2;219;138;129;48;2;226;157;147m▀[38;2;165;98;89;48;2;171;121;114m▀[38;2;193;179;182;48;2;201;188;192m▀[0m
[38;2;255;255;255;48;2;255;255;255m▀▀▀▀▀▀▀▀[38;2;253;254;254;48;2;253;254;253m▀[38;2;238;199;190;48;2;237;194;181m▀[38;2;246;201;143;48;2;247;205;143m▀[38;2;253;236;152;48;2;252;235;152m▀[38;2;241;194;139;48;2;236;182;138m▀[38;2;244;209;201;48;2;247;225;217m▀[38;2;253;254;255;48;2;253;254;255m▀[38;2;254;254;255m▀[38;2;255;255;255;48;2;255;255;255m▀▀▀▀▀▀▀▀[38;2;254;254;254;48;2;254;254;254m▀▀[38;2;252;252;252;48;2;195;182;186m▀[38;2;159;142;148;48;2;147;75;99m▀[38;2;136;72;90;48;2;170;86;105m▀[38;2;136;71;83;48;2;196;160;128m▀[38;2;135;69;79;48;2;253;234;169m▀[38;2;132;67;71;48;2;249;232;149m▀[38;2;134;72;80;48;2;227;207;139m▀[38;2;176;138;149;48;2;193;174;124m▀[38;2;237;215;223;48;2;176;160;131m▀[38;2;226;216;217;48;2;212;191;181m▀[38;2;204;160;142;48;2;191;153;147m▀[38;2;248;195;158;48;2;187;162;147m▀[38;2;196;160;141;48;2;224;212;206m▀[38;2;195;174;174;48;2;231;221;228m▀[38;2;230;217;220;48;2;226;215;222m▀[38;2;229;217;220;48;2;218;206;211m▀[38;2;174;142;149;48;2;135;80;98m▀[38;2;148;72;94;48;2;152;70;100m▀[38;2;149;67;89;48;2;148;68;98m▀[38;2;132;62;80;48;2;153;65;92m▀[38;2;110;71;81;48;2;156;70;94m▀[38;2;190;179;181;48;2;121;55;74m▀[38;2;253;253;252;48;2;184;169;172m▀[38;2;253;254;254;48;2;253;253;252m▀[38;2;253;253;253;48;2;210;210;210m▀[38;2;189;189;189;48;2;221;221;221m▀[38;2;224;222;223;48;2;227;225;226m▀[38;2;247;244;245;48;2;199;196;197m▀[38;2;244;239;241;48;2;199;195;196m▀[38;2;200;195;197;48;2;239;236;237m▀[38;2;187;182;184;48;2;254;251;253m▀[38;2;235;231;232m▀[38;2;254;252;253;48;2;222;220;221m▀[38;2;217;214;215;48;2;176;173;175m▀[38;2;196;192;194;48;2;229;227;228m▀[38;2;214;211;213;48;2;253;253;253m▀[38;2;254;254;254;48;2;254;254;254m▀[38;2;254;255;255;48;2;254;255;255m▀[38;2;253;255;254;48;2;253;254;255m▀[38;2;253;254;254;48;2;245;244;243m▀[38;2;185;146;144;48;2;190;126;125m▀[38;2;228;153;147;48;2;234;165;162m▀[38;2;242;193;187;48;2;239;175;169m▀[38;2;242;149;141;48;2;244;149;139m▀[38;2;244;150;140;48;2;244;150;140m▀▀▀[38;2;245;149;140;48;2;245;149;140m▀[38;2;245;151;142;48;2;245;151;143m▀[38;2;237;154;142;48;2;235;171;158m▀[38;2;242;200;184;48;2;234;184;170m▀[38;2;233;152;147;48;2;232;142;142m▀[38;2;164;124;121;48;2;169;137;141m▀[38;2;199;187;193;48;2;196;186;194m▀[0m
[38;2;255;255;255;48;2;255;255;255m▀▀▀▀▀▀▀▀[38;2;252;253;253;48;2;253;253;252m▀[38;2;234;189;175;48;2;230;184;171m▀[38;2;248;209;145;48;2;250;214;150m▀[38;2;252;233;150;48;2;251;231;151m▀[38;2;234;171;146;48;2;235;169;154m▀[38;2;248;239;231;48;2;252;249;241m▀[38;2;253;254;255;48;2;253;254;255m▀▀[38;2;255;255;255;48;2;255;255;255m▀▀▀▀▀▀▀▀[38;2;253;253;253;48;2;253;253;253m▀[38;2;237;233;235;48;2;150;127;135m▀[38;2;129;73;93;48;2;178;85;116m▀[38;2;192;90;126;48;2;169;70;103m▀[38;2;149;66;81;48;2;151;75;84m▀[38;2;213;186;136;48;2;220;195;143m▀[38;2;253;240;157;48;2;254;241;155m▀[38;2;253;241;154;48;2;214;198;112m▀[38;2;253;237;157;48;2;199;182;103m▀[38;2;252;236;159;48;2;202;185;114m▀[38;2;252;240;164;48;2;203;186;123m▀[38;2;191;176;120;48;2;202;189;130m▀[38;2;166;142;119;48;2;184;168;110m▀[38;2;180;165;150;48;2;217;205;153m▀[38;2;209;197;191;48;2;197;186;135m▀[38;2;231;216;218;48;2;162;150;113m▀[38;2;232;219;219;48;2;160;139;134m▀[38;2;159;127;133;48;2;142;75;89m▀[38;2;156;71;98;48;2;157;70;94m▀[38;2;154;69;96;48;2;148;63;90m▀[38;2;141;59;86;48;2;147;63;91m▀[38;2;155;69;98;48;2;152;68;96m▀[38;2;156;69;96;48;2;156;70;97m▀[38;2;156;71;94;48;2;157;70;97m▀[38;2;109;66;78;48;2;126;58;79m▀[38;2;226;224;224;48;2;190;179;182m▀[38;2;186;185;186;48;2;253;253;253m▀[38;2;210;208;209;48;2;253;251;252m▀[38;2;229;227;228;48;2;255;253;254m▀[38;2;254;252;253;48;2;254;253;254m▀[38;2;254;254;254;48;2;254;254;254m▀▀[38;2;254;252;255;48;2;254;253;254m▀[38;2;234;230;232;48;2;252;251;251m▀[38;2;190;187;188;48;2;253;253;253m▀[38;2;248;247;247;48;2;254;254;254m▀[38;2;255;253;255;48;2;255;253;255m▀[48;2;254;254;254m▀[38;2;254;254;254m▀[38;2;255;255;255;48;2;255;255;255m▀[38;2;253;254;254;48;2;253;254;254m▀[38;2;212;199;199;48;2;192;163;163m▀[38;2;221;138;136;48;2;237;151;148m▀[38;2;238;183;180;48;2;238;189;186m▀[38;2;238;157;152;48;2;241;150;144m▀[38;2;244;149;138;48;2;244;150;140m▀[38;2;244;150;140m▀▀▀[38;2;245;149;140;48;2;245;149;140m▀[38;2;245;152;142;48;2;243;152;142m▀[38;2;238;188;177;48;2;237;195;182m▀[38;2;232;164;153;48;2;237;151;144m▀[38;2;204;125;126;48;2;175;120;117m▀[38;2;187;169;171;48;2;198;189;186m▀[38;2;200;189;193;48;2;202;189;189m▀[0m
[38;2;255;255;255;48;2;255;255;255m▀▀▀▀▀▀▀[38;2;254;255;255;48;2;254;255;255m▀[38;2;254;253;251;48;2;254;253;251m▀[38;2;227;181;167;48;2;227;180;167m▀[38;2;250;221;151;48;2;243;187;144m▀[38;2;247;212;147;48;2;240;180;143m▀[38;2;232;182;173;48;2;236;205;195m▀[38;2;254;254;248;48;2;253;254;250m▀[38;2;253;255;254;48;2;253;255;254m▀▀[38;2;255;255;255;48;2;255;255;255m▀▀▀▀▀▀▀[48;2;254;253;253m▀[38;2;221;217;219;48;2;141;116;120m▀[38;2;134;73;92;48;2;181;94;118m▀[38;2;177;83;111;48;2;144;59;83m▀[38;2;159;68;96;48;2;191;94;123m▀[38;2;180;96;111;48;2;184;93;114m▀[38;2;218;190;143;48;2;179;140;107m▀[38;2;254;241;157;48;2;180;155;112m▀[38;2;253;238;156;48;2;151;129;95m▀[38;2;239;224;153;48;2;140;113;78m▀[38;2;198;179;118;48;2;182;158;121m▀[38;2;157;141;101;48;2;192;175;175m▀[38;2;183;171;136;48;2;216;201;200m▀[38;2;195;182;121;48;2;137;120;85m▀[38;2;225;211;139;48;2;240;226;156m▀[38;2;206;189;119;48;2;246;228;153m▀[38;2;249;234;158;48;2;211;190;117m▀[38;2;217;203;137;48;2;242;224;145m▀[38;2;131;106;73;48;2;252;239;154m▀[38;2;138;67;77;48;2;187;167;123m▀[38;2;142;57;83;48;2;130;67;75m▀[38;2;152;68;94;48;2;167;78;106m▀[38;2;148;64;90m▀[38;2;144;60;86;48;2;160;75;101m▀[38;2;147;62;89;48;2;154;70;96m▀[38;2;137;60;83;48;2;150;71;95m▀[38;2;149;130;135;48;2;137;115;121m▀[38;2;255;253;254;48;2;255;253;255m▀[38;2;254;254;254;48;2;254;254;254m▀[38;2;255;255;254;48;2;255;255;255m▀[38;2;255;255;255m▀▀▀[38;2;254;254;254m▀▀[38;2;255;255;255m▀▀▀▀▀[38;2;254;255;255;48;2;254;255;255m▀[38;2;254;253;253;48;2;247;244;244m▀[38;2;187;139;137;48;2;190;126;126m▀[38;2;242;151;149;48;2;241;157;153m▀[38;2;244;189;187;48;2;244;182;179m▀[38;2;244;151;143;48;2;245;151;143m▀[38;2;245;151;143m▀▀▀[38;2;244;150;140;48;2;244;150;140m▀[38;2;243;150;140;48;2;243;150;140m▀[38;2;237;155;143;48;2;235;160;148m▀[38;2;241;197;187;48;2;240;192;181m▀[38;2;238;150;143;48;2;239;152;145m▀[38;2;164;127;125;48;2;160;132;128m▀[38;2;200;187;189;48;2;200;187;189m▀[38;2;201;186;189;48;2;201;186;189m▀[0m
[38;2;255;255;255;48;2;255;255;255m▀▀▀▀▀▀▀▀[38;2;254;254;254;48;2;254;254;254m▀[38;2;247;240;239;48;2;253;254;255m▀[38;2;238;217;213;48;2;254;254;254m▀[38;2;236;208;202;48;2;253;254;254m▀[38;2;249;244;238;48;2;253;255;253m▀[38;2;253;255;254;48;2;253;254;254m▀[48;2;253;255;254m▀▀[38;2;255;255;255;48;2;255;255;255m▀▀▀▀▀▀[38;2;254;254;254;48;2;254;254;254m▀[38;2;229;228;226;48;2;159;153;154m▀[38;2;134;72;88;48;2;178;90;115m▀[38;2;170;81;105;48;2;149;62;86m▀[38;2;170;77;103;48;2;192;93;121m▀[38;2;192;91;120;48;2;193;93;121m▀[38;2;190;90;118;48;2;193;93;120m▀[38;2;192;90;117;48;2;186;87;114m▀[38;2;162;106;114;48;2;180;146;139m▀[38;2;188;169;139;48;2;242;221;163m▀[38;2;227;201;144;48;2;193;179;140m▀[38;2;158;140;119;48;2;225;221;213m▀[38;2;227;220;217;48;2;240;238;235m▀[38;2;193;180;180;48;2;196;188;184m▀[38;2;181;162;124;48;2;216;200;147m▀[38;2;168;146;110;48;2;173;151;110m▀[38;2;252;234;158;48;2;209;189;138m▀[38;2;244;228;146;48;2;252;239;150m▀[38;2;248;230;144;48;2;232;218;148m▀[38;2;249;236;164;48;2;141;104;86m▀[38;2;172;134;111;48;2;178;85;102m▀[38;2;163;87;97;48;2;196;94;118m▀[38;2;193;93;123;48;2;197;91;122m▀[38;2;194;91;125;48;2;198;90;125m▀[38;2;193;90;125;48;2;197;89;126m▀[38;2;185;87;120;48;2;197;90;126m▀[38;2;168;80;107;48;2;192;91;124m▀[38;2;132;113;119;48;2;149;123;130m▀[38;2;255;253;255;48;2;252;255;255m▀[38;2;254;254;254;48;2;254;255;255m▀[38;2;255;255;255;48;2;255;255;255m▀▀▀▀▀▀▀▀▀▀▀▀[38;2;222;213;214;48;2;196;180;180m▀[38;2;208;133;132;48;2;231;146;144m▀[38;2;239;179;173;48;2;243;191;184m▀[38;2;240;170;162;48;2;239;158;148m▀[38;2;245;151;142;48;2;245;152;142m▀[38;2;245;151;143;48;2;245;151;143m▀▀▀[38;2;244;150;140;48;2;244;150;140m▀▀[38;2;233;172;163;48;2;239;184;176m▀[38;2;235;179;167;48;2;235;167;156m▀[38;2;219;142;134;48;2;187;124;116m▀[38;2;176;154;149;48;2;193;177;172m▀[38;2;201;187;187;48;2;200;187;187m▀[38;2;201;186;189;48;2;200;187;189m▀[0m
[38;2;255;255;255;48;2;255;255;255m▀▀▀▀▀▀▀▀▀▀▀▀▀▀▀▀▀▀▀▀▀▀[38;2;252;251;251;48;2;226;225;226m▀[38;2;135;96;109;48;2;146;76;100m▀[38;2;191;92;122;48;2;187;89;120m▀[38;2;133;54;78;48;2;123;50;73m▀[38;2;191;91;120;48;2;175;78;108m▀[38;2;196;91;122;48;2;197;91;123m▀[38;2;189;93;125;48;2;175;89;109m▀[38;2;161;96;105;48;2;168;137;99m▀[38;2;223;205;144;48;2;251;236;154m▀[38;2;234;218;154;48;2;201;187;146m▀[38;2;198;192;176;48;2;237;233;234m▀[38;2;250;250;250;48;2;252;251;253m▀[38;2;227;224;218;48;2;234;230;227m▀[38;2;206;198;188;48;2;199;190;175m▀[38;2;244;234;159;48;2;247;239;161m▀[38;2;205;189;155;48;2;204;192;158m▀[38;2;143;116;101;48;2;159;103;114m▀[38;2;173;139;108;48;2;183;96;118m▀[38;2;138;76;84;48;2;167;75;98m▀[38;2;177;87;109;48;2;200;90;121m▀[38;2;195;90;118;48;2;198;89;121m▀[38;2;197;90;119;48;2;197;89;121m▀[38;2;197;89;123;48;2;197;89;123m▀▀▀▀[38;2;185;88;119;48;2;171;80;109m▀[38;2;163;143;150;48;2;184;172;177m▀[38;2;250;254;253;48;2;250;254;253m▀[38;2;251;255;254;48;2;251;255;254m▀[38;2;252;255;255;48;2;251;255;255m▀[38;2;254;255;255;48;2;254;255;255m▀▀▀[38;2;255;255;255;48;2;255;255;255m▀▀▀▀▀▀▀▀[38;2;186;161;162;48;2;191;149;151m▀[38;2;239;151;148;48;2;241;151;150m▀[38;2;240;195;185;48;2;239;197;184m▀[38;2;242;152;141;48;2;243;149;140m▀[38;2;245;151;143;48;2;245;151;143m▀▀▀▀[38;2;244;150;141;48;2;244;150;141m▀▀[38;2;243;193;183;48;2;239;192;184m▀[38;2;234;156;151;48;2;233;154;150m▀[38;2;176;121;119;48;2;174;126;125m▀[38;2;201;191;189;48;2;203;194;195m▀[38;2;201;191;192;48;2;201;191;193m▀[38;2;201;190;192;48;2;203;190;192m▀[0m
[38;2;255;255;255;48;2;255;255;255m▀▀▀▀▀▀▀▀▀▀▀▀▀▀▀▀▀▀▀▀▀▀[38;2;193;171;180;48;2;161;133;144m▀[38;2;176;84;116;48;2;185;92;124m▀[38;2;182;85;115;48;2;176;81;111m▀[38;2;134;57;83;48;2;133;58;84m▀[38;2;160;70;101;48;2;158;68;98m▀[38;2;180;83;113;48;2;157;68;98m▀[38;2;152;85;81;48;2;185;148;106m▀[38;2;237;220;151;48;2;251;229;149m▀[38;2;235;224;152;48;2;205;193;149m▀[38;2;216;209;189;48;2;235;237;234m▀[38;2;247;247;247;48;2;220;221;220m▀[38;2;237;235;235;48;2;228;225;226m▀[38;2;248;248;243;48;2;251;251;247m▀[38;2;198;189;156;48;2;200;190;140m▀[38;2;251;238;157;48;2;253;237;155m▀[38;2;192;168;141;48;2;161;125;105m▀[38;2;178;92;112;48;2;186;97;117m▀[38;2;177;81;106;48;2;169;76;99m▀[38;2;188;86;114;48;2;194;93;122m▀[38;2;198;90;122;48;2;197;89;122m▀[38;2;197;89;121;48;2;197;89;123m▀[38;2;197;89;123m▀▀▀▀▀[38;2;148;69;95;48;2;118;51;73m▀[38;2;216;214;215;48;2;235;237;237m▀[38;2;249;255;255;48;2;249;255;255m▀[38;2;251;255;254;48;2;251;255;254m▀[38;2;251;255;255;48;2;251;255;255m▀[38;2;254;255;255;48;2;254;255;255m▀▀▀[38;2;255;255;255;48;2;255;255;255m▀▀▀▀▀▀▀[38;2;255;254;254m▀[38;2;191;138;144;48;2;206;191;185m▀[38;2;241;152;153;48;2;196;134;127m▀[38;2;241;197;183;48;2;241;197;183m▀[38;2;243;151;141;48;2;245;152;142m▀[38;2;244;150;142;48;2;244;150;142m▀[38;2;245;151;143;48;2;245;151;143m▀▀▀[38;2;244;150;140;48;2;245;150;140m▀[38;2;243;150;142;48;2;241;151;144m▀[38;2;239;199;188;48;2;244;200;187m▀[38;2;233;155;152;48;2;231;142;140m▀[38;2;168;133;130;48;2;180;153;147m▀[38;2;204;193;196;48;2;205;191;196m▀[38;2;203;191;195;48;2;206;189;195m▀[38;2;191;179;183;48;2;197;183;187m▀[0m
[?25h