[?25l[0m[38;2;255;255;255;48;2;255;255;255m▀▀▀▀▀▀▀▀▀▀▀▀▀▀▀▀▀▀▀▀▀▀▀▀▀▀▀▀▀▀▀▀▀[48;2;253;255;255m▀[48;2;255;255;255m▀▀[38;2;254;255;254;48;2;252;252;253m▀[38;2;253;255;254;48;2;245;236;238m▀[48;2;235;218;220m▀[38;2;253;254;255;48;2;232;210;212m▀[38;2;253;254;254;48;2;234;204;206m▀[38;2;253;253;255;48;2;235;208;211m▀[38;2;254;253;254;48;2;237;218;221m▀[38;2;254;253;253;48;2;248;239;243m▀[38;2;254;254;254;48;2;254;248;252m▀[48;2;255;250;253m▀[38;2;254;252;255;48;2;254;252;255m▀▀▀▀▀▀[38;2;254;254;254;48;2;254;254;254m▀▀▀▀▀▀▀▀▀▀▀▀▀▀▀▀▀▀▀▀[38;2;255;255;255;48;2;255;255;255m▀▀▀▀▀▀▀▀[0m
[38;2;255;255;255;48;2;255;255;255m▀▀▀▀▀▀▀▀▀▀▀▀▀▀▀▀▀▀▀▀▀▀▀▀▀▀▀▀▀▀[38;2;253;255;254;48;2;253;254;254m▀[38;2;253;254;254;48;2;249;245;247m▀[38;2;253;254;253;48;2;229;173;176m▀[38;2;250;249;249;48;2;221;100;101m▀[38;2;235;201;204;48;2;236;76;75m▀[38;2;235;143;144;48;2;240;74;75m▀[38;2;230;101;101;48;2;239;75;73m▀[38;2;228;83;79;48;2;234;78;74m▀[38;2;229;80;74;48;2;234;83;78m▀[38;2;229;81;74;48;2;236;88;82m▀[38;2;229;80;74;48;2;237;89;83m▀[48;2;235;87;80m▀[38;2;229;80;73;48;2;232;84;78m▀[38;2;229;80;74;48;2;230;82;75m▀[38;2;226;103;97;48;2;232;79;74m▀[38;2;228;142;139;48;2;235;77;74m▀[38;2;234;196;196;48;2;234;77;72m▀[38;2;250;243;246;48;2;225;93;88m▀[38;2;252;251;254;48;2;227;162;160m▀[38;2;254;252;254;48;2;246;234;236m▀[38;2;255;253;255;48;2;255;253;255m▀▀▀[38;2;254;254;254;48;2;254;254;254m▀▀▀▀▀▀▀▀▀▀▀▀▀▀▀▀▀▀▀[38;2;255;255;255;48;2;255;255;255m▀▀▀▀▀▀▀▀[0m
[38;2;255;255;255;48;2;255;255;255m▀▀▀▀▀▀▀▀▀▀▀▀▀▀▀▀▀▀▀▀▀▀▀▀▀▀[48;2;255;255;254m▀▀[38;2;253;254;253;48;2;249;237;238m▀[38;2;253;253;250;48;2;225;135;140m▀[38;2;239;188;183;48;2;227;79;84m▀[38;2;229;95;92;48;2;239;75;76m▀[38;2;236;71;70;48;2;230;102;98m▀[38;2;238;73;73;48;2;233;181;172m▀[38;2;226;90;92;48;2;251;238;234m▀[38;2;228;138;140;48;2;252;251;250m▀[38;2;238;185;187;48;2;253;254;252m▀[38;2;241;221;221;48;2;254;255;253m▀[38;2;252;250;249m▀[38;2;255;255;253;48;2;254;254;252m▀[38;2;253;254;254;48;2;225;225;222m▀[38;2;254;254;253;48;2;135;134;133m▀[38;2;252;248;247;48;2;78;76;76m▀[38;2;244;234;232;48;2;53;53;52m▀[38;2;240;228;227;48;2;45;44;44m▀[38;2;234;221;219;48;2;61;59;60m▀[38;2;236;178;176;48;2;120;119;120m▀[38;2;228;107;104;48;2;228;226;224m▀[38;2;233;78;75;48;2;235;191;189m▀[38;2;223;89;84;48;2;218;103;101m▀[38;2;230;166;169;48;2;229;80;77m▀[38;2;248;243;243;48;2;230;106;101m▀[38;2;253;253;254;48;2;242;215;210m▀[38;2;254;254;254;48;2;252;253;253m▀[38;2;253;253;253;48;2;212;211;213m▀[38;2;233;233;233;48;2;10;9;11m▀[38;2;253;253;253;48;2;39;38;40m▀[38;2;254;254;254;48;2;104;103;105m▀[38;2;253;253;253;48;2;162;161;163m▀[38;2;254;254;254;48;2;241;239;241m▀[48;2;254;254;254m▀▀▀▀▀▀▀▀▀▀▀▀[38;2;255;255;255;48;2;255;255;255m▀▀▀▀▀▀▀▀[0m
[38;2;255;255;255;48;2;255;255;255m▀▀▀▀▀▀▀▀▀▀▀▀▀▀[38;2;254;254;254;48;2;254;254;254m▀[38;2;192;192;192;48;2;143;143;143m▀[38;2;134;134;134;48;2;2;2;2m▀[38;2;114;114;114m▀[38;2;91;91;91;48;2;1;1;1m▀[38;2;70;70;70m▀[38;2;66;66;66m▀[38;2;121;121;121;48;2;16;16;16m▀[38;2;253;253;253;48;2;239;239;239m▀[38;2;254;254;254;48;2;254;254;254m▀[38;2;255;255;255;48;2;255;255;255m▀[38;2;254;255;253;48;2;255;255;253m▀[38;2;253;252;248;48;2;242;218;211m▀[38;2;242;219;212;48;2;218;96;98m▀[38;2;232;103;101;48;2;232;75;77m▀[38;2;233;74;75;48;2;232;114;110m▀[38;2;228;89;90;48;2;245;222;217m▀[38;2;233;171;163;48;2;252;252;253m▀[38;2;250;242;236;48;2;253;254;255m▀[38;2;254;253;253;48;2;253;254;254m▀[38;2;254;254;254;48;2;255;255;255m▀[48;2;254;254;254m▀[38;2;255;255;253;48;2;255;255;253m▀▀[38;2;253;254;251;48;2;196;195;194m▀[38;2;156;156;154;48;2;7;7;7m▀[38;2;17;16;15;48;2;0;0;0m▀[38;2;2;2;1;48;2;1;1;1m▀[38;2;0;0;0;48;2;0;0;0m▀▀▀▀[38;2;1;1;1;48;2;1;1;2m▀[38;2;17;17;17m▀[38;2;145;144;142;48;2;124;121;122m▀[38;2;240;223;211;48;2;251;252;247m▀[38;2;217;111;109;48;2;248;239;232m▀[38;2;234;77;81;48;2;228;151;154m▀[38;2;229;83;95;48;2;228;77;91m▀[38;2;240;205;206;48;2;236;187;187m▀[38;2;146;145;147;48;2;102;102;103m▀[38;2;3;1;4;48;2;4;2;5m▀[38;2;2;0;3;48;2;2;0;3m▀[38;2;1;1;3;48;2;1;1;3m▀[38;2;6;5;7;48;2;13;12;14m▀[38;2;213;213;214;48;2;243;243;244m▀[38;2;254;254;254;48;2;254;254;254m▀▀▀▀[48;2;249;248;249m▀[48;2;251;250;252m▀[48;2;254;254;254m▀▀▀▀▀▀[38;2;255;255;255;48;2;255;255;255m▀▀▀▀▀▀▀▀[0m
[38;2;255;255;255;48;2;255;255;255m▀▀▀▀▀▀[38;2;254;254;254;48;2;227;227;227m▀[48;2;113;113;113m▀[48;2;173;173;173m▀[48;2;254;254;254m▀[38;2;255;255;255;48;2;255;255;255m▀▀▀▀[38;2;254;254;254;48;2;254;254;254m▀[38;2;228;228;228;48;2;253;253;253m▀[38;2;12;12;12;48;2;76;76;76m▀[38;2;2;2;2;48;2;1;1;1m▀[38;2;1;1;1;48;2;0;0;0m▀[48;2;1;1;1m▀▀▀[38;2;209;209;209;48;2;170;170;170m▀[38;2;255;255;255;48;2;254;254;254m▀[38;2;254;254;254m▀[38;2;236;234;233;48;2;240;240;239m▀[38;2;213;136;140;48;2;207;205;205m▀[38;2;220;127;131;48;2;182;185;181m▀[38;2;226;172;175;48;2;152;156;153m▀[38;2;247;241;239;48;2;120;120;123m▀[38;2;251;252;252;48;2;83;84;87m▀[38;2;252;254;255;48;2;50;51;53m▀[38;2;251;253;254;48;2;16;16;18m▀[38;2;245;245;247;48;2;30;30;32m▀[38;2;255;255;255;48;2;252;252;252m▀[38;2;254;254;254;48;2;254;254;254m▀▀[48;2;251;251;251m▀[38;2;94;93;94;48;2;46;45;45m▀[38;2;1;1;1;48;2;0;0;0m▀[38;2;0;0;0m▀▀▀▀▀▀▀[48;2;9;9;9m▀[38;2;184;181;182;48;2;229;228;229m▀[38;2;255;251;252;48;2;254;252;253m▀[38;2;254;252;253;48;2;255;252;253m▀[38;2;255;253;251;48;2;254;254;254m▀[38;2;227;189;189;48;2;253;253;252m▀[38;2;232;212;210;48;2;251;251;251m▀[38;2;75;73;76;48;2;31;30;32m▀[38;2;1;1;3;48;2;1;1;3m▀▀▀[38;2;43;42;44;48;2;76;75;77m▀[38;2;250;250;250;48;2;254;254;254m▀[38;2;254;254;254m▀▀▀[48;2;231;231;231m▀[38;2;109;107;110;48;2;23;22;24m▀[38;2;90;88;91;48;2;3;1;4m▀[38;2;210;210;211;48;2;13;11;14m▀[38;2;253;253;253;48;2;180;178;180m▀[38;2;254;254;254;48;2;254;254;254m▀▀▀▀[38;2;255;255;255;48;2;255;255;255m▀▀▀▀▀▀▀▀[0m
[38;2;255;255;255;48;2;255;255;255m▀▀[38;2;254;254;254;48;2;232;232;232m▀[48;2;99;99;99m▀[38;2;222;222;222;48;2;7;7;7m▀[38;2;104;104;104;48;2;1;1;1m▀[38;2;11;11;11m▀[38;2;4;4;4m▀[38;2;99;99;99;48;2;54;54;54m▀[38;2;254;254;254;48;2;253;253;253m▀[38;2;255;255;255;48;2;255;255;255m▀▀▀▀▀▀[38;2;147;147;147;48;2;204;204;204m▀[38;2;0;0;0;48;2;4;4;4m▀[48;2;0;0;0m▀▀▀▀[38;2;146;147;146;48;2;146;146;147m▀[38;2;254;251;254;48;2;231;219;225m▀[38;2;222;220;221;48;2;242;238;240m▀[38;2;10;9;9;48;2;16;14;15m▀[38;2;3;1;2;48;2;3;1;2m▀[38;2;0;0;0;48;2;0;0;0m▀▀▀[38;2;0;0;2;48;2;0;0;2m▀▀▀[38;2;33;33;35;48;2;13;13;15m▀[38;2;251;250;251;48;2;234;234;235m▀[38;2;254;254;253;48;2;254;254;253m▀[38;2;254;254;254;48;2;254;254;254m▀[38;2;250;250;250;48;2;253;253;253m▀[38;2;31;30;30;48;2;71;69;70m▀[38;2;0;0;0;48;2;0;0;0m▀▀▀▀[48;2;9;9;9m▀[38;2;49;48;48;48;2;223;222;223m▀[38;2;181;180;181;48;2;253;251;252m▀[38;2;237;236;237m▀[38;2;232;230;231;48;2;254;252;253m▀[38;2;253;253;253;48;2;255;253;254m▀[38;2;255;253;254;48;2;254;254;254m▀[38;2;254;254;254m▀▀[38;2;255;253;254;48;2;255;253;254m▀[38;2;241;239;240;48;2;216;215;216m▀[38;2;17;16;18;48;2;6;5;7m▀[38;2;1;1;3;48;2;1;1;3m▀▀▀[38;2;122;121;123;48;2;162;161;163m▀[38;2;254;254;254;48;2;253;253;253m▀[48;2;254;254;254m▀▀[48;2;252;252;252m▀[38;2;152;150;153;48;2;62;61;63m▀[38;2;2;2;4;48;2;1;1;3m▀[38;2;1;1;3m▀[38;2;4;3;5;48;2;52;51;53m▀[38;2;194;192;195;48;2;249;247;250m▀[38;2;255;253;255;48;2;255;253;255m▀[38;2;254;254;254;48;2;254;254;254m▀▀▀[38;2;255;255;255;48;2;255;255;255m▀▀▀▀▀▀▀▀[0m
[38;2;255;255;255;48;2;255;255;255m▀▀[38;2;188;188;188;48;2;210;210;210m▀[38;2;2;2;2;48;2;4;4;4m▀[38;2;0;0;0;48;2;0;0;0m▀▀▀▀[38;2;18;18;18;48;2;1;1;1m▀[38;2;242;242;242;48;2;196;196;196m▀[38;2;255;255;255;48;2;255;255;255m▀▀▀▀▀▀[38;2;247;247;247;48;2;252;252;252m▀[38;2;18;18;18;48;2;58;58;58m▀[38;2;0;0;0;48;2;0;0;0m▀▀▀▀[38;2;145;143;145;48;2;146;142;145m▀[38;2;225;177;177;48;2;225;175;176m▀[38;2;245;242;243;48;2;245;239;241m▀[38;2;22;20;21;48;2;35;33;34m▀[38;2;0;0;0;48;2;0;0;0m▀▀[38;2;0;1;0;48;2;1;1;1m▀[38;2;1;1;1;48;2;194;192;193m▀[38;2;1;1;3;48;2;246;245;247m▀[38;2;2;2;4;48;2;242;242;243m▀[38;2;3;3;5;48;2;241;241;242m▀[38;2;2;2;4;48;2;235;234;236m▀[38;2;205;204;206;48;2;244;243;244m▀[38;2;253;253;253;48;2;253;253;253m▀[38;2;254;254;254;48;2;254;254;254m▀▀[38;2;139;138;139;48;2;253;251;253m▀[38;2;3;1;2;48;2;127;125;126m▀[38;2;0;0;0;48;2;2;2;2m▀[48;2;0;0;0m▀▀[38;2;10;10;10m▀[38;2;230;229;230;48;2;95;94;94m▀[38;2;253;252;253;48;2;252;251;252m▀[38;2;254;252;253;48;2;254;252;253m▀[38;2;255;253;254;48;2;255;253;254m▀[38;2;255;254;255;48;2;255;255;255m▀[38;2;255;255;255m▀▀[38;2;255;254;255m▀[38;2;255;253;254;48;2;254;253;254m▀[38;2;200;199;200;48;2;172;171;172m▀[38;2;2;0;3;48;2;2;0;3m▀▀▀[38;2;4;2;5;48;2;13;11;14m▀[38;2;201;200;202;48;2;240;239;240m▀[38;2;254;254;254;48;2;254;254;254m▀▀▀[38;2;211;210;211;48;2;132;131;132m▀[38;2;8;8;10;48;2;1;1;3m▀[38;2;1;1;3;48;2;2;2;4m▀[48;2;25;25;27m▀[38;2;155;154;156;48;2;238;237;239m▀[38;2;252;250;253;48;2;253;252;254m▀[38;2;254;254;254;48;2;254;254;254m▀▀▀▀[38;2;255;255;255;48;2;255;255;255m▀▀▀▀▀▀▀▀[0m
[38;2;255;255;255;48;2;255;255;255m▀▀[38;2;246;246;246;48;2;254;254;254m▀[38;2;29;29;29;48;2;108;108;108m▀[38;2;0;0;0;48;2;0;0;0m▀▀▀▀[38;2;1;1;1;48;2;1;1;1m▀[38;2;120;120;120;48;2;35;35;35m▀[38;2;254;254;254;48;2;246;246;246m▀[48;2;254;254;254m▀[38;2;255;255;255;48;2;255;255;255m▀▀▀▀▀[38;2;73;73;73;48;2;73;73;73m▀[38;2;0;0;0;48;2;0;0;0m▀▀▀[38;2;0;1;0;48;2;0;0;1m▀[38;2;142;146;145;48;2;144;144;146m▀[38;2;223;185;190;48;2;243;239;241m▀[38;2;246;242;241;48;2;252;251;251m▀[38;2;49;48;49;48;2;64;63;63m▀[38;2;0;0;0;48;2;0;0;0m▀▀[38;2;1;1;1;48;2;1;1;1m▀[38;2;205;204;204;48;2;85;84;84m▀[38;2;252;252;252;48;2;106;106;108m▀[38;2;253;253;253;48;2;102;102;104m▀[38;2;254;254;254;48;2;93;93;95m▀[38;2;253;253;254;48;2;89;89;91m▀[48;2;135;135;137m▀[38;2;253;253;253;48;2;253;253;253m▀[38;2;254;254;254;48;2;254;254;254m▀▀▀[38;2;253;253;253m▀[38;2;145;144;146;48;2;252;252;253m▀[38;2;4;4;6;48;2;148;147;150m▀[38;2;0;0;0;48;2;3;3;3m▀[48;2;0;0;0m▀[38;2;2;2;2;48;2;1;1;1m▀[38;2;110;108;109;48;2;2;1;1m▀[38;2;252;250;251;48;2;103;101;102m▀[38;2;254;252;253;48;2;250;249;250m▀[38;2;255;255;255;48;2;255;255;255m▀▀▀▀[38;2;255;253;254;48;2;255;253;254m▀[38;2;140;139;140;48;2;117;117;117m▀[38;2;2;0;3;48;2;2;0;3m▀▀[38;2;2;1;3m▀[38;2;38;37;39;48;2;77;75;77m▀[38;2;250;250;250;48;2;254;254;254m▀[38;2;254;254;254m▀▀[38;2;251;251;251;48;2;219;219;219m▀[38;2;52;51;54;48;2;10;9;11m▀[38;2;1;1;3;48;2;1;1;3m▀[48;2;6;6;8m▀[38;2;108;108;108;48;2;211;211;211m▀[38;2;254;254;254;48;2;254;254;254m▀▀▀▀▀▀[38;2;255;255;255;48;2;255;255;255m▀▀▀▀▀▀▀▀[0m
[38;2;255;255;255;48;2;255;255;255m▀▀[38;2;254;254;254;48;2;254;254;254m▀[38;2;213;213;213;48;2;253;253;253m▀[38;2;8;8;8;48;2;88;88;88m▀[38;2;0;0;0;48;2;0;0;0m▀▀▀▀▀[38;2;156;156;156;48;2;28;28;28m▀[38;2;254;254;254;48;2;227;227;227m▀[38;2;255;255;255;48;2;255;255;255m▀▀▀▀[38;2;250;250;250;48;2;194;194;194m▀[38;2;47;47;47;48;2;5;5;5m▀[38;2;0;0;0;48;2;0;0;0m▀▀▀▀[38;2;145;145;147;48;2;185;185;186m▀[38;2;252;252;254;48;2;252;251;253m▀[38;2;254;254;254;48;2;254;254;254m▀[38;2;73;72;72;48;2;92;91;91m▀[38;2;0;0;0;48;2;0;0;0m▀▀[38;2;2;0;1;48;2;2;0;1m▀▀[38;2;2;0;3;48;2;2;0;3m▀▀▀▀[38;2;76;75;78;48;2;76;75;78m▀[38;2;253;253;254;48;2;253;253;254m▀[38;2;254;254;254;48;2;254;254;254m▀▀▀▀▀[38;2;253;253;253m▀[38;2;134;133;135;48;2;249;249;250m▀[38;2;4;3;6;48;2;78;77;79m▀[38;2;2;0;3;48;2;2;0;3m▀▀[38;2;3;2;4;48;2;2;1;3m▀[38;2;146;145;147;48;2;37;36;38m▀[38;2;254;254;254;48;2;251;251;251m▀[48;2;254;254;254m▀▀▀[48;2;253;253;253m▀[38;2;85;85;85;48;2;71;71;71m▀[38;2;2;0;3;48;2;2;0;3m▀▀▀[38;2;128;128;129;48;2;176;176;176m▀[38;2;254;254;254;48;2;254;254;254m▀▀[38;2;253;253;253;48;2;252;252;252m▀[38;2;139;138;140;48;2;58;57;59m▀[38;2;2;0;3;48;2;2;0;3m▀[48;2;3;2;4m▀[38;2;74;74;75;48;2;179;179;180m▀[38;2;251;251;251;48;2;253;253;253m▀[38;2;254;254;254;48;2;254;254;254m▀▀▀▀▀▀▀▀▀▀▀▀▀▀[0m
[38;2;255;255;255;48;2;255;255;255m▀▀▀▀[38;2;209;209;209;48;2;252;252;252m▀[38;2;8;8;8;48;2;101;101;101m▀[38;2;0;0;0;48;2;0;0;0m▀▀▀▀[38;2;2;2;2;48;2;1;1;1m▀[38;2;51;51;51;48;2;2;2;2m▀[38;2;225;225;225;48;2;13;13;13m▀[38;2;254;254;254;48;2;60;60;60m▀[38;2;253;253;253;48;2;53;53;53m▀[38;2;205;205;205;48;2;5;5;5m▀[38;2;36;36;36;48;2;2;2;2m▀[38;2;1;1;1;48;2;1;1;1m▀[38;2;0;0;0;48;2;0;0;0m▀▀[38;2;1;1;1m▀[38;2;10;10;10;48;2;68;68;68m▀[38;2;226;226;226;48;2;251;251;251m▀[38;2;254;253;254;48;2;253;255;254m▀[38;2;254;254;254;48;2;254;254;254m▀[38;2;120;119;120;48;2;144;142;143m▀[38;2;0;0;0;48;2;0;0;0m▀▀[38;2;2;1;1;48;2;3;1;2m▀[48;2;66;64;65m▀[38;2;2;0;1;48;2;127;125;126m▀[48;2;150;148;149m▀[48;2;159;157;158m▀▀[38;2;77;76;77;48;2;174;174;174m▀[38;2;253;252;253;48;2;254;253;253m▀[38;2;254;254;254;48;2;254;254;254m▀▀▀▀▀▀[38;2;253;253;253;48;2;253;253;253m▀[38;2;215;214;216;48;2;250;248;250m▀[38;2;9;7;10;48;2;27;25;28m▀[38;2;2;0;3;48;2;2;1;3m▀[48;2;2;0;3m▀[38;2;5;3;6m▀[38;2;208;208;209;48;2;170;169;170m▀[38;2;254;254;254;48;2;254;254;254m▀▀▀[38;2;249;249;249;48;2;252;252;252m▀[38;2;39;38;38;48;2;149;147;148m▀[38;2;2;1;3;48;2;90;88;91m▀[38;2;2;0;3;48;2;31;29;32m▀[38;2;6;4;7;48;2;17;16;19m▀[38;2;213;213;213;48;2;244;244;244m▀[38;2;254;254;254;48;2;254;254;254m▀▀[38;2;218;216;217;48;2;135;133;134m▀[38;2;10;8;11;48;2;2;1;3m▀[38;2;3;1;4;48;2;3;1;4m▀[38;2;47;46;48;48;2;153;151;154m▀[38;2;249;249;249;48;2;254;254;254m▀[38;2;254;254;254m▀[38;2;253;253;253;48;2;253;253;253m▀[38;2;228;227;228;48;2;152;151;153m▀[38;2;249;248;250;48;2;180;179;181m▀[38;2;253;253;253;48;2;253;253;253m▀[38;2;254;254;254;48;2;254;254;254m▀▀[48;2;246;245;246m▀[38;2;253;253;253;48;2;231;230;231m▀[38;2;254;254;254;48;2;254;254;254m▀▀▀▀▀▀[0m
[38;2;255;255;255;48;2;255;255;255m▀▀▀▀[38;2;254;254;254;48;2;254;254;254m▀[38;2;224;224;224m▀[38;2;16;16;16;48;2;129;129;129m▀[38;2;1;1;1;48;2;1;1;1m▀[38;2;0;0;0;48;2;0;0;0m▀▀▀▀▀▀▀▀▀▀[38;2;1;1;1;48;2;1;1;1m▀[48;2;15;16;15m▀[38;2;13;13;12;48;2;170;173;173m▀[38;2;206;200;203;48;2;235;215;217m▀[38;2;219;202;204;48;2;207;118;129m▀[38;2;250;253;254;48;2;254;250;252m▀[38;2;254;254;254;48;2;254;254;254m▀[38;2;182;182;182;48;2;206;206;206m▀[38;2;0;0;0;48;2;2;2;2m▀[48;2;0;0;0m▀[38;2;2;0;1;48;2;2;0;1m▀[38;2;143;141;142;48;2;143;141;142m▀[38;2;255;253;254;48;2;255;253;254m▀▀▀▀▀▀[38;2;254;254;254;48;2;254;254;254m▀▀[38;2;219;219;219;48;2;155;155;156m▀[38;2;223;223;223;48;2;4;4;6m▀[38;2;252;251;252;48;2;49;48;50m▀[38;2;253;252;253;48;2;78;77;79m▀[38;2;253;251;253;48;2;68;67;69m▀[38;2;202;201;202;48;2;13;12;14m▀[38;2;8;8;9;48;2;1;1;3m▀[38;2;1;1;3m▀▀▀[38;2;147;147;148;48;2;149;149;150m▀[38;2;254;254;254;48;2;254;254;254m▀▀▀[38;2;245;245;245;48;2;220;220;220m▀[38;2;166;166;166;48;2;7;7;7m▀[38;2;233;233;233;48;2;14;14;16m▀[38;2;245;245;245;48;2;87;87;89m▀[38;2;218;216;219;48;2;202;200;202m▀[38;2;252;252;252;48;2;253;253;253m▀[38;2;254;254;254;48;2;254;254;254m▀[38;2;253;253;253m▀[38;2;109;107;110;48;2;253;253;253m▀[38;2;17;15;18;48;2;249;249;249m▀[38;2;27;24;28;48;2;220;218;220m▀[38;2;239;238;240;48;2;253;253;253m▀[38;2;254;254;254;48;2;254;254;254m▀▀▀[38;2;206;205;206;48;2;252;251;253m▀[38;2;20;18;21;48;2;157;156;158m▀[38;2;120;118;121;48;2;21;19;22m▀[38;2;184;182;184;48;2;3;2;4m▀[38;2;164;163;165;48;2;8;7;9m▀[38;2;58;57;59;48;2;15;14;16m▀[38;2;132;130;133;48;2;204;202;205m▀[38;2;254;254;254;48;2;254;254;254m▀▀▀▀▀▀[0m
[38;2;255;255;255;48;2;255;255;255m▀▀▀▀▀▀[38;2;249;249;249;48;2;253;253;253m▀[38;2;74;74;74;48;2;242;242;242m▀[38;2;2;2;2;48;2;102;102;102m▀[38;2;1;1;1;48;2;4;4;4m▀[38;2;0;0;0;48;2;0;0;0m▀▀▀▀▀▀▀▀[38;2;56;56;56;48;2;146;146;146m▀[38;2;204;204;204;48;2;254;254;254m▀[38;2;252;253;254;48;2;254;253;254m▀[38;2;231;206;208;48;2;248;235;238m▀[38;2;217;83;92;48;2;219;83;90m▀[38;2;246;228;227;48;2;234;172;173m▀[38;2;254;254;252;48;2;254;255;250m▀[38;2;240;240;238;48;2;250;251;248m▀[38;2;12;12;12;48;2;39;39;39m▀[38;2;0;0;0;48;2;0;0;0m▀[38;2;1;1;1;48;2;2;2;2m▀[38;2;57;55;56;48;2;1;1;1m▀[38;2;130;129;130;48;2;1;0;1m▀[38;2;124;123;123m▀[38;2;96;94;95;48;2;2;0;1m▀[38;2;57;55;56;48;2;2;1;1m▀[38;2;24;22;23;48;2;3;1;2m▀[38;2;68;67;67;48;2;51;49;50m▀[38;2;253;253;253;48;2;252;252;252m▀[38;2;254;254;254;48;2;254;254;254m▀[38;2;148;147;148;48;2;148;147;148m▀[38;2;2;1;3;48;2;2;1;3m▀[38;2;1;1;3;48;2;1;1;3m▀▀[38;2;2;0;3;48;2;2;0;3m▀▀[38;2;1;1;3;48;2;1;1;3m▀▀[48;2;2;1;3m▀[38;2;4;4;6;48;2;68;68;70m▀[38;2;202;202;202;48;2;251;251;251m▀[38;2;254;254;254;48;2;253;253;253m▀[48;2;254;254;254m▀▀[38;2;204;204;204;48;2;192;192;192m▀[38;2;1;1;1;48;2;1;1;1m▀[38;2;1;1;3;48;2;1;1;3m▀[38;2;2;0;3;48;2;3;1;4m▀[38;2;162;160;162;48;2;199;197;199m▀[38;2;253;253;253;48;2;253;253;253m▀▀[38;2;159;158;160;48;2;89;88;90m▀[38;2;83;82;84;48;2;1;1;3m▀[38;2;165;164;166;48;2;2;2;4m▀[38;2;236;235;236;48;2;42;40;43m▀[38;2;254;254;253;48;2;248;248;248m▀[38;2;254;254;254;48;2;254;254;254m▀▀▀▀▀[38;2;241;241;241m▀[38;2;208;206;208m▀[38;2;229;228;230m▀[38;2;97;95;98;48;2;90;89;91m▀[38;2;248;247;249;48;2;234;233;235m▀[38;2;254;254;254;48;2;254;254;254m▀▀▀▀▀▀[0m
[38;2;255;255;255;48;2;255;255;255m▀▀▀▀▀▀▀▀[38;2;252;252;252;48;2;254;254;254m▀[38;2;213;213;213m▀[38;2;145;145;145m▀[38;2;127;127;127m▀[48;2;255;255;255m▀[38;2;126;126;126;48;2;254;254;254m▀[38;2;36;36;36;48;2;172;172;172m▀[38;2;1;1;1;48;2;1;1;1m▀[38;2;0;0;0;48;2;0;0;0m▀▀[38;2;61;61;61;48;2;9;9;9m▀[38;2;252;252;252;48;2;219;218;219m▀[38;2;255;253;255;48;2;255;253;255m▀[38;2;254;250;253m▀[38;2;223;123;124;48;2;232;184;183m▀[38;2;223;101;103;48;2;225;76;76m▀[38;2;248;242;237;48;2;227;165;162m▀[38;2;253;253;253;48;2;253;253;251m▀[38;2;75;75;74;48;2;121;121;119m▀[38;2;0;0;0;48;2;1;1;1m▀[48;2;0;0;0m▀▀▀▀[38;2;0;0;1;48;2;1;1;1m▀[38;2;1;0;1;48;2;2;1;1m▀[38;2;3;1;2;48;2;2;0;1m▀[38;2;43;41;42;48;2;37;36;36m▀[38;2;251;251;251;48;2;251;251;251m▀[38;2;254;254;254;48;2;254;254;254m▀[38;2;169;168;169;48;2;211;211;211m▀[38;2;2;1;3;48;2;14;13;15m▀[38;2;2;0;3;48;2;2;0;3m▀▀▀▀[38;2;1;1;3;48;2;1;1;3m▀[48;2;34;34;36m▀[38;2;43;41;44;48;2;220;219;220m▀[38;2;225;224;225;48;2;253;254;253m▀[38;2;254;254;254;48;2;254;254;254m▀[48;2;255;255;255m▀[48;2;254;254;254m▀[48;2;253;253;253m▀[38;2;175;173;175;48;2;242;240;242m▀[38;2;17;15;18;48;2;238;236;239m▀[38;2;7;5;8;48;2;221;219;220m▀[38;2;16;14;16;48;2;199;198;200m▀[38;2;225;224;225;48;2;250;249;250m▀[38;2;254;254;253;48;2;254;254;253m▀[38;2;252;252;252;48;2;252;252;252m▀[38;2;57;57;58;48;2;48;48;50m▀[38;2;1;1;3;48;2;1;1;3m▀▀[38;2;53;53;55;48;2;57;57;59m▀[38;2;250;250;251;48;2;252;252;252m▀[38;2;255;255;255;48;2;255;255;255m▀▀▀▀▀▀▀▀[38;2;135;134;136;48;2;245;243;246m▀[38;2;69;67;69;48;2;104;102;104m▀[38;2;216;215;216;48;2;12;10;13m▀[38;2;254;253;254;48;2;28;26;29m▀[38;2;253;253;254;48;2;56;55;57m▀[38;2;253;253;253;48;2;246;245;246m▀[38;2;254;254;254;48;2;254;254;254m▀▀[0m
[38;2;255;255;255;48;2;255;255;255m▀▀▀▀▀▀▀▀[38;2;254;254;254;48;2;250;250;250m▀[48;2;207;207;207m▀[48;2;254;254;254m▀▀[38;2;255;255;255;48;2;255;255;255m▀▀[38;2;241;241;241;48;2;253;253;253m▀[38;2;24;24;24;48;2;102;102;102m▀[38;2;1;1;1;48;2;1;1;1m▀▀[38;2;2;2;2m▀[38;2;129;129;129;48;2;40;40;40m▀[38;2;254;252;254;48;2;247;247;247m▀[38;2;254;252;253;48;2;254;253;253m▀[38;2;250;241;237;48;2;253;253;249m▀[38;2;221;99;104;48;2;239;188;189m▀[38;2;230;82;88;48;2;230;80;84m▀[38;2;239;202;209;48;2;219;111;111m▀[38;2;163;163;161;48;2;234;233;229m▀[38;2;1;1;1;48;2;188;188;185m▀[48;2;189;189;185m▀▀[48;2;183;184;180m▀▀[38;2;2;2;1;48;2;191;191;188m▀[38;2;1;1;1;48;2;222;223;218m▀[38;2;7;7;7;48;2;251;251;247m▀[38;2;76;76;75;48;2;253;253;251m▀[38;2;252;252;252;48;2;254;254;254m▀[38;2;254;254;254m▀[38;2;253;253;253m▀[38;2;237;237;237;48;2;253;253;253m▀[38;2;196;195;197m▀[38;2;165;163;165;48;2;254;254;254m▀[38;2;151;149;151m▀[38;2;151;150;152m▀[38;2;193;192;194m▀[38;2;246;245;247m▀[38;2;255;253;255;48;2;255;253;255m▀[38;2;254;254;255;48;2;254;254;254m▀[38;2;253;254;254;48;2;253;254;254m▀[48;2;243;230;230m▀[38;2;249;250;248;48;2;227;128;130m▀[38;2;233;162;171;48;2;234;74;79m▀[38;2;227;82;92;48;2;229;95;101m▀[38;2;217;106;107;48;2;241;214;208m▀[38;2;242;224;225;48;2;252;250;249m▀[38;2;252;253;253;48;2;254;252;253m▀[38;2;255;253;255;48;2;255;253;255m▀▀▀▀[38;2;242;240;242m▀[38;2;226;225;227m▀[38;2;231;230;231;48;2;254;253;254m▀[38;2;253;253;253;48;2;253;253;253m▀[38;2;255;255;255;48;2;255;255;255m▀▀▀▀▀▀▀▀▀▀[38;2;236;236;236;48;2;254;254;254m▀[38;2;195;195;195;48;2;215;215;215m▀[38;2;50;48;50;48;2;117;116;118m▀[38;2;248;248;248;48;2;253;253;253m▀[38;2;254;254;254;48;2;254;254;254m▀▀[0m
[38;2;255;255;255;48;2;255;255;255m▀▀▀▀▀▀▀▀[38;2;246;246;246;48;2;208;208;208m▀[38;2;107;107;107;48;2;103;103;103m▀[38;2;255;255;255;48;2;255;255;255m▀▀▀▀[38;2;254;254;254;48;2;254;254;254m▀[38;2;198;198;198;48;2;248;248;248m▀[38;2;5;5;5;48;2;58;58;58m▀[38;2;1;1;1;48;2;1;1;1m▀▀▀[38;2;183;182;183;48;2;103;102;104m▀[38;2;253;253;253;48;2;254;254;254m▀[38;2;254;254;252m▀[38;2;254;251;247m▀[38;2;226;144;146;48;2;250;241;239m▀[38;2;225;80;80;48;2;230;124;128m▀[38;2;222;100;102;48;2;232;78;81m▀[38;2;235;185;183;48;2;225;79;83m▀[38;2;252;252;245;48;2;227;129;131m▀[38;2;253;253;248;48;2;244;215;211m▀[38;2;254;254;250;48;2;254;253;248m▀[38;2;254;255;250;48;2;254;254;250m▀[48;2;254;255;251m▀▀[48;2;253;255;250m▀[38;2;254;254;252;48;2;253;255;252m▀[38;2;254;254;254;48;2;255;255;254m▀[48;2;255;255;255m▀[48;2;254;254;254m▀▀▀▀▀▀[48;2;251;251;252m▀[38;2;254;254;253;48;2;244;231;230m▀[38;2;253;252;253;48;2;234;165;163m▀[38;2;251;243;242;48;2;232;99;101m▀[38;2;231;175;175;48;2;238;73;77m▀[38;2;226;94;95;48;2;226;92;96m▀[38;2;231;76;79;48;2;231;174;180m▀[38;2;233;123;122;48;2;251;247;246m▀[38;2;246;232;231;48;2;252;253;251m▀[38;2;252;252;250;48;2;253;253;253m▀[38;2;254;252;253;48;2;255;253;254m▀[38;2;255;253;254m▀[38;2;254;254;254;48;2;254;254;254m▀▀▀▀▀▀▀▀[38;2;255;255;255;48;2;255;255;255m▀▀▀▀▀▀▀▀▀▀[38;2;254;254;254m▀[38;2;213;213;213;48;2;240;240;240m▀[38;2;124;123;125;48;2;84;83;85m▀[38;2;252;252;252;48;2;251;251;251m▀[38;2;254;254;254;48;2;254;254;254m▀▀[0m
[38;2;255;255;255;48;2;255;255;255m▀▀▀▀[38;2;247;247;247;48;2;176;176;176m▀[38;2;251;251;251;48;2;11;11;11m▀[38;2;243;243;243;48;2;9;9;9m▀[38;2;172;172;172;48;2;24;24;24m▀[38;2;34;34;34;48;2;149;149;149m▀[38;2;178;178;178;48;2;253;253;253m▀[38;2;255;255;255;48;2;255;255;255m▀▀▀▀▀▀[38;2;168;168;168;48;2;246;246;246m▀[38;2;2;2;2;48;2;40;40;40m▀[38;2;1;1;1;48;2;61;61;61m▀[38;2;2;2;2;48;2;175;175;175m▀[38;2;91;89;92;48;2;246;246;246m▀[38;2;253;251;253;48;2;253;253;253m▀[38;2;254;254;254;48;2;254;254;254m▀▀[38;2;253;253;254m▀[38;2;251;242;238;48;2;254;253;253m▀[38;2;230;141;144;48;2;252;249;247m▀[38;2;224;78;85;48;2;240;192;189m▀[38;2;233;77;80;48;2;232;98;102m▀[38;2;237;77;78;48;2;236;72;74m▀[38;2;233;122;121;48;2;239;71;70m▀[38;2;232;185;179;48;2;238;70;71m▀[38;2;245;230;223;48;2;228;75;76m▀[38;2;254;248;242;48;2;226;91;93m▀[38;2;255;249;245;48;2;222;116;114m▀[38;2;254;252;249;48;2;218;135;132m▀[48;2;215;138;135m▀[48;2;215;136;134m▀[38;2;254;251;249;48;2;218;122;122m▀[38;2;252;248;245;48;2;221;98;102m▀[38;2;253;245;243;48;2;217;83;89m▀[38;2;244;226;224;48;2;219;76;84m▀[38;2;238;203;204;48;2;226;77;85m▀[38;2;233;171;174;48;2;231;76;85m▀[38;2;229;126;126;48;2;227;86;88m▀[38;2;230;86;82;48;2;226;124;127m▀[38;2;231;74;73;48;2;229;186;186m▀[38;2;229;88;91;48;2;248;239;238m▀[38;2;230;161;165;48;2;253;251;250m▀[38;2;244;232;233;48;2;254;252;250m▀[38;2;253;252;252;48;2;254;254;252m▀[38;2;253;254;255;48;2;254;254;254m▀[38;2;254;255;255;48;2;254;255;255m▀[38;2;255;255;255;48;2;253;255;255m▀[38;2;254;254;254;48;2;254;255;255m▀▀▀▀▀▀[48;2;255;255;255m▀▀[48;2;255;253;255m▀▀[38;2;255;255;255;48;2;254;254;254m▀▀[48;2;255;255;255m▀▀▀▀▀▀▀▀▀▀[38;2;105;103;105;48;2;234;233;235m▀[38;2;160;158;161;48;2;188;186;188m▀[38;2;255;253;255;48;2;255;253;255m▀▀[0m
[38;2;255;255;255;48;2;255;255;255m▀▀▀▀[38;2;231;231;231;48;2;254;254;254m▀[38;2;38;38;38;48;2;193;193;193m▀[38;2;156;156;156;48;2;78;78;78m▀[38;2;246;246;246;48;2;252;252;252m▀[38;2;255;255;255;48;2;255;255;255m▀▀▀▀▀▀▀▀[38;2;253;253;253;48;2;254;254;254m▀[38;2;199;199;199m▀[38;2;247;247;247m▀[38;2;253;253;253m▀[38;2;254;254;254m▀▀▀▀[38;2;255;255;254;48;2;255;255;254m▀[38;2;255;255;253;48;2;255;255;253m▀[38;2;255;255;251m▀[38;2;255;254;250m▀[38;2;250;243;241;48;2;253;254;253m▀[38;2;234;187;185;48;2;253;254;252m▀[38;2;223;118;118;48;2;252;252;250m▀[38;2;229;82;83;48;2;248;231;229m▀[38;2;233;74;75;48;2;235;199;195m▀[38;2;236;73;73;48;2;227;173;171m▀[38;2;237;73;74;48;2;225;156;155m▀[38;2;238;71;72;48;2;225;142;142m▀[38;2;238;71;71;48;2;229;145;146m▀[38;2;239;72;72;48;2;234;161;161m▀[38;2;237;74;76;48;2;233;182;179m▀[38;2;228;78;80;48;2;237;211;204m▀[38;2;220;83;88;48;2;251;243;235m▀[38;2;227;119;121;48;2;249;253;247m▀[38;2;231;157;156;48;2;251;254;250m▀[38;2;236;199;193;48;2;252;254;253m▀[38;2;247;241;236;48;2;252;254;254m▀[38;2;252;254;253;48;2;254;254;254m▀[38;2;253;255;252;48;2;254;254;252m▀[38;2;254;254;252m▀[38;2;255;254;250;48;2;254;254;251m▀[38;2;254;253;251;48;2;254;252;252m▀[38;2;254;253;254;48;2;253;252;253m▀[38;2;254;252;253;48;2;195;189;191m▀[38;2;254;253;254;48;2;125;112;118m▀[38;2;252;253;253;48;2;101;78;87m▀[38;2;247;245;246;48;2;93;67;76m▀[38;2;251;250;250;48;2;96;70;79m▀[38;2;252;250;251;48;2;90;63;73m▀[38;2;253;252;253;48;2;93;65;75m▀[38;2;254;253;255;48;2;127;102;110m▀[38;2;253;254;255;48;2;144;121;129m▀[38;2;254;254;254;48;2;155;137;145m▀[38;2;253;254;254;48;2;181;166;172m▀[38;2;254;252;255;48;2;225;218;220m▀[48;2;252;247;248m▀[38;2;255;253;255;48;2;254;252;254m▀[48;2;254;252;255m▀[38;2;254;254;254;48;2;254;254;254m▀▀▀▀▀▀[38;2;255;255;255;48;2;255;255;255m▀▀▀▀▀▀▀▀[0m
[38;2;255;255;255;48;2;255;255;255m▀▀▀▀[38;2;254;254;254;48;2;254;254;254m▀[38;2;253;253;253m▀[38;2;110;110;110;48;2;119;119;119m▀[38;2;252;252;252;48;2;252;252;252m▀[38;2;255;255;255;48;2;255;255;255m▀▀▀▀▀▀▀▀▀▀▀▀[38;2;254;254;254;48;2;254;254;254m▀▀▀▀[38;2;254;254;253m▀[38;2;255;255;253m▀[48;2;255;255;255m▀▀[48;2;255;255;253m▀[48;2;255;255;251m▀▀[38;2;255;253;253;48;2;255;254;252m▀[38;2;255;253;252m▀[38;2;255;254;252;48;2;255;254;253m▀[48;2;254;254;254m▀▀[38;2;255;254;250;48;2;255;254;253m▀[38;2;254;254;250m▀[38;2;254;254;253;48;2;254;254;254m▀[38;2;255;255;253m▀[48;2;255;255;253m▀▀[38;2;253;255;255;48;2;255;255;255m▀[38;2;255;255;255;48;2;254;254;254m▀[38;2;254;254;254m▀▀[48;2;254;253;251m▀[38;2;253;253;253;48;2;218;215;217m▀[38;2;250;248;248;48;2;107;87;101m▀[38;2;170;156;164;48;2;170;133;163m▀[38;2;105;84;101;48;2;201;166;210m▀[38;2;156;132;154;48;2;198;167;213m▀[38;2;191;164;194;48;2;198;167;214m▀[38;2;197;165;207;48;2;197;165;212m▀[38;2;197;165;211;48;2;196;163;213m▀[38;2;198;166;212;48;2;195;161;212m▀[38;2;200;167;207;48;2;187;154;204m▀[38;2;168;135;167;48;2;191;158;207m▀[38;2;96;63;85;48;2;197;164;204m▀[38;2;68;36;54;48;2;105;73;103m▀[38;2;150;115;139;48;2;183;149;186m▀[38;2;121;85;112;48;2;203;168;211m▀[38;2;87;57;76;48;2;200;164;208m▀[38;2;64;38;45;48;2;197;161;205m▀[38;2;133;112;114;48;2;150;117;147m▀[38;2;213;206;207;48;2;80;50;59m▀[38;2;253;250;253;48;2;118;98;99m▀[38;2;253;252;253;48;2;230;222;223m▀[38;2;254;254;254;48;2;254;254;254m▀▀▀▀[38;2;255;255;255;48;2;255;255;255m▀▀▀▀▀▀▀▀[0m
[38;2;255;255;255;48;2;255;255;255m▀▀▀▀[38;2;254;254;254;48;2;130;130;130m▀[38;2;177;177;177;48;2;32;32;32m▀[38;2;80;80;80;48;2;216;216;216m▀[38;2;252;252;252;48;2;253;253;253m▀[38;2;255;255;255;48;2;255;255;255m▀▀▀▀▀▀▀▀▀▀▀▀[38;2;254;254;254;48;2;254;254;254m▀▀[48;2;254;253;253m▀[48;2;247;245;246m▀[38;2;253;253;253;48;2;215;206;207m▀[38;2;252;253;254;48;2;163;141;142m▀[38;2;247;246;245;48;2;96;52;48m▀[38;2;189;177;177;48;2;173;110;94m▀[38;2;135;98;97;48;2;233;164;141m▀[38;2;141;85;74;48;2;214;147;123m▀[38;2;143;81;73;48;2;171;102;81m▀[38;2;156;95;92;48;2;162;93;74m▀[38;2;148;100;100;48;2;180;119;97m▀[38;2;147;118;119;48;2;221;168;142m▀[38;2;209;196;192;48;2;175;139;119m▀[38;2;246;239;233;48;2;73;44;32m▀[38;2;236;231;225;48;2;73;29;23m▀[38;2;229;223;217;48;2;118;55;52m▀[38;2;246;244;239;48;2;101;50;45m▀[38;2;252;254;252;48;2;152;126;121m▀[38;2;254;254;254;48;2;242;236;231m▀[48;2;253;254;252m▀[48;2;255;255;253m▀[48;2;254;254;253m▀[38;2;254;253;253;48;2;254;254;252m▀[38;2;254;252;253;48;2;174;166;167m▀[38;2;184;173;172;48;2;139;114;132m▀[38;2;120;96;115;48;2;198;166;205m▀[38;2;195;162;204;48;2;199;166;214m▀[38;2;198;163;209;48;2;197;165;212m▀[38;2;196;164;210;48;2;195;168;202m▀[38;2;197;164;211;48;2;154;130;151m▀[38;2;184;153;191;48;2;155;138;128m▀[38;2;147;123;136;48;2;226;220;177m▀[38;2;154;137;126;48;2;226;232;178m▀[38;2;154;142;113;48;2;216;237;174m▀[38;2;163;154;117;48;2;209;229;170m▀[38;2;168;163;120;48;2;211;227;174m▀[38;2;176;169;132;48;2;211;228;172m▀[38;2;149;133;118;48;2;220;235;175m▀[38;2;149;121;142;48;2;195;202;148m▀[38;2;197;162;206;48;2;104;98;74m▀[38;2;202;166;214;48;2;155;132;151m▀[38;2;200;164;211;48;2;200;168;210m▀[38;2;201;165;212;48;2;201;165;212m▀[38;2;201;165;210;48;2;201;165;211m▀[38;2;151;118;144;48;2;201;164;212m▀[38;2;76;49;51;48;2;185;151;188m▀[38;2;201;189;189;48;2;83;55;61m▀[38;2;253;252;253;48;2;197;185;185m▀[38;2;254;254;254;48;2;254;254;254m▀▀[38;2;255;255;255;48;2;255;255;255m▀▀▀▀▀▀▀▀[0m
[38;2;255;255;255;48;2;255;255;255m▀▀▀▀[38;2;171;171;171;48;2;254;254;254m▀[38;2;226;226;226;48;2;253;253;253m▀[38;2;255;255;255;48;2;255;255;255m▀▀▀▀▀▀▀▀▀▀▀▀[38;2;254;254;254;48;2;253;253;252m▀[48;2;210;209;208m▀[38;2;253;251;249;48;2;100;75;74m▀[38;2;205;192;188;48;2;119;63;58m▀[38;2;112;81;78;48;2;171;105;94m▀[38;2;77;34;32;48;2;164;106;91m▀[38;2;109;61;55;48;2;162;107;93m▀[38;2;82;32;25;48;2;125;69;52m▀[38;2;190;130;106;48;2;228;163;134m▀[38;2;233;164;136;48;2;184;119;98m▀[38;2;177;109;89;48;2;160;90;77m▀[38;2;153;83;68;48;2;127;63;54m▀[38;2;173;100;86;48;2;98;35;30m▀[38;2;157;87;74;48;2;118;52;46m▀[38;2;177;103;89;48;2;118;51;44m▀[38;2;166;94;76;48;2;126;64;52m▀[38;2;176;119;101;48;2;137;73;60m▀[38;2;237;203;180;48;2;134;76;58m▀[38;2;173;139;117;48;2;213;172;142m▀[38;2;121;69;57;48;2;224;197;160m▀[38;2;182;104;91;48;2;121;78;54m▀[38;2;164;97;77;48;2;177;93;84m▀[38;2;107;69;62;48;2;177;102;89m▀[38;2;234;227;224;48;2;120;83;78m▀[38;2;253;253;250;48;2;249;245;242m▀[38;2;254;253;249;48;2;214;208;207m▀[38;2;189;183;181;48;2;122;100;116m▀[38;2;139;116;131;48;2;206;171;210m▀[38;2;198;167;205;48;2;201;165;209m▀[38;2;199;166;209;48;2;200;164;208m▀[38;2;198;165;211;48;2;197;165;207m▀[38;2;196;166;205;48;2;134;107;130m▀[38;2;133;113;126;48;2;80;60;58m▀[38;2;144;135;105;48;2;103;86;89m▀[38;2;144;132;108;48;2;132;111;130m▀[38;2;114;100;80;48;2;157;128;151m▀[38;2;100;83;79;48;2;191;159;195m▀[38;2;100;78;86;48;2;197;164;210m▀[38;2;92;71;81;48;2;199;164;214m▀[38;2;92;72;82;48;2;200;165;215m▀[38;2;84;65;73;48;2;202;167;216m▀[38;2;92;74;82;48;2;197;163;212m▀[38;2;87;79;71;48;2;180;153;190m▀[38;2;93;94;66;48;2;148;129;153m▀[38;2;114;108;81;48;2;107;89;101m▀[38;2;137;113;134;48;2;90;71;62m▀[38;2;199;165;210;48;2;136;109;130m▀[38;2;201;165;211;48;2;202;166;212m▀[48;2;201;165;211m▀▀[38;2;194;159;196;48;2;198;163;210m▀[38;2;88;60;67;48;2;179;148;177m▀[38;2;227;218;219;48;2;107;85;90m▀[38;2;253;253;253;48;2;251;248;248m▀[38;2;254;254;254;48;2;255;255;255m▀[38;2;255;255;255m▀▀▀▀▀▀▀[0m
[38;2;255;255;255;48;2;255;255;255m▀▀▀▀▀▀▀▀▀▀▀▀▀▀[48;2;254;255;255m▀[48;2;253;255;254m▀[38;2;253;254;253;48;2;246;246;246m▀[38;2;253;252;251;48;2;126;92;101m▀[38;2;155;134;133;48;2;139;82;81m▀[38;2;94;53;46;48;2;154;98;88m▀[38;2;166;102;81;48;2;148;85;68m▀[38;2;116;57;48;48;2;239;160;127m▀[38;2;157;94;77;48;2;216;144;118m▀[38;2;208;139;113;48;2;133;73;59m▀[38;2;215;151;119;48;2;140;74;64m▀[38;2;188;123;100;48;2;178;112;95m▀[38;2;191;124;98;48;2;170;102;82m▀[38;2;162;95;75;48;2;224;156;121m▀[38;2;170;103;80;48;2;233;164;124m▀[38;2;212;145;111;48;2;235;164;123m▀[38;2;218;153;117;48;2;175;103;80m▀[38;2;229;162;126;48;2;160;86;66m▀[38;2;236;173;136;48;2;216;152;119m▀[38;2;244;198;160;48;2;253;213;170m▀[38;2;241;208;170;48;2;254;224;177m▀[38;2;196;157;129;48;2;253;225;175m▀[38;2;143;105;83;48;2;253;222;173m▀[38;2;158;126;99;48;2;231;198;157m▀[38;2;225;197;160;48;2;160;123;109m▀[38;2;129;92;72;48;2;168;134;112m▀[38;2;181;97;90;48;2;129;83;69m▀[38;2;156;89;76;48;2;188;102;95m▀[38;2;117;78;77;48;2;86;31;26m▀[38;2;98;70;75;48;2;180;156;157m▀[38;2;219;191;216;48;2;236;211;234m▀[38;2;204;170;216;48;2;205;174;220m▀[38;2;200;167;212;48;2;199;166;212m▀[38;2;199;166;210;48;2;199;166;210m▀[38;2;198;165;208;48;2;199;167;210m▀[38;2;131;101;128;48;2;200;167;209m▀[38;2;184;153;190;48;2;200;166;209m▀[38;2;198;169;212;48;2;199;167;209m▀[38;2;193;167;202;48;2;151;124;156m▀[38;2;167;138;170;48;2;139;111;139m▀[38;2;200;172;212;48;2;200;174;208m▀[38;2;199;170;215;48;2;198;171;210m▀[38;2;197;166;214;48;2;196;168;210m▀[38;2;197;165;214;48;2;196;166;211m▀[38;2;197;164;212;48;2;198;165;211m▀[38;2;174;143;189;48;2;169;138;181m▀[38;2;184;153;200;48;2;109;79;121m▀[38;2;196;167;211;48;2;188;160;201m▀[38;2;195;169;208;48;2;195;169;208m▀[38;2;190;162;198;48;2;196;166;207m▀[38;2;112;82;105;48;2;193;161;199m▀[38;2;162;129;159;48;2;111;80;101m▀[38;2;203;166;212;48;2;176;141;177m▀[38;2;200;166;212;48;2;200;166;213m▀[38;2;196;167;210;48;2;196;168;209m▀[38;2;196;168;209;48;2;196;168;210m▀[38;2;149;120;138;48;2;194;164;198m▀[38;2;191;179;180;48;2;125;103;108m▀[38;2;254;254;254;48;2;253;253;250m▀[38;2;255;255;255;48;2;255;255;255m▀▀▀▀▀▀▀[0m
[38;2;255;255;255;48;2;255;255;255m▀▀▀▀▀▀▀▀▀▀[48;2;254;254;254m▀▀[48;2;255;255;255m▀[38;2;253;255;255;48;2;253;255;255m▀[38;2;249;254;254;48;2;249;253;252m▀[38;2;248;252;252;48;2;148;128;132m▀[38;2;121;97;97;48;2;140;85;68m▀[38;2;151;95;81;48;2;226;155;130m▀[38;2;182;119;100;48;2;122;67;54m▀[38;2;147;89;71;48;2;234;159;129m▀[38;2;243;164;132;48;2;241;162;128m▀[38;2;237;160;130;48;2;198;131;109m▀[38;2;126;65;50;48;2;128;68;52m▀[38;2;168;99;79;48;2;140;75;61m▀[38;2;139;71;61;48;2;128;62;51m▀[38;2;163;98;82;48;2;229;165;130m▀[38;2;229;160;123;48;2;236;166;125m▀[38;2;237;166;121;48;2;239;164;122m▀[38;2;238;165;122;48;2;236;166;123m▀[38;2;238;165;121;48;2;237;166;125m▀[38;2;234;165;127;48;2;240;186;143m▀[38;2;216;153;124;48;2;250;211;168m▀[38;2;146;89;68;48;2;247;209;174m▀[38;2;197;150;119;48;2;151;110;90m▀[38;2;253;219;176;48;2;206;165;137m▀[38;2;254;224;177;48;2;253;221;176m▀[38;2;253;221;172;48;2;253;221;174m▀▀[38;2;252;219;171;48;2;252;221;174m▀[38;2;212;179;142;48;2;252;221;173m▀[38;2;139;104;87;48;2;234;204;166m▀[38;2;124;76;67;48;2;93;53;45m▀[38;2;124;79;82;48;2;183;148;159m▀[38;2;244;218;232;48;2;252;220;246m▀[38;2;244;217;245;48;2;248;218;249m▀[38;2;221;192;224;48;2;244;216;243m▀[38;2;205;174;209;48;2;173;147;170m▀[38;2;182;151;187;48;2;157;130;153m▀[38;2;194;162;204;48;2;204;172;210m▀[38;2;198;165;210;48;2;202;169;213m▀[38;2;198;166;207;48;2;204;171;209m▀[38;2;183;152;187;48;2;103;72;101m▀[38;2;80;52;79;48;2;100;72;95m▀[38;2;121;96;121;48;2;91;63;87m▀[38;2;208;181;212;48;2;234;206;232m▀[38;2;201;173;207;48;2;214;189;215m▀[38;2;199;169;207;48;2;202;175;210m▀[38;2;198;167;209;48;2;201;173;212m▀[38;2;200;166;211;48;2;200;168;210m▀[38;2;199;166;209;48;2;199;167;207m▀[38;2;146;116;155;48;2;199;169;204m▀[38;2;154;124;162;48;2;134;105;141m▀[38;2;196;167;210;48;2;195;167;208m▀[38;2;197;167;209;48;2;200;167;211m▀[38;2;198;166;207;48;2;206;170;212m▀[38;2;195;162;197;48;2;214;176;218m▀[38;2;106;75;97;48;2;180;146;177m▀[38;2;198;162;201;48;2;96;64;84m▀[38;2;201;166;212;48;2;148;113;147m▀[38;2;198;167;211;48;2;190;155;193m▀[38;2;194;166;206;48;2;197;166;207m▀[38;2;149;122;142;48;2;192;161;197m▀[38;2;233;227;227;48;2;185;173;177m▀[38;2;254;255;255;48;2;254;254;254m▀[38;2;255;255;255m▀▀[48;2;255;255;255m▀▀▀▀[0m
[38;2;255;255;255;48;2;255;255;255m▀▀▀▀▀▀▀▀[38;2;254;254;254;48;2;253;253;253m▀[48;2;204;202;202m▀[38;2;253;254;254;48;2;130;88;100m▀[38;2;254;253;255;48;2;110;61;74m▀[38;2;254;253;253;48;2;136;103;113m▀[38;2;254;254;254;48;2;234;223;228m▀[38;2;198;186;187;48;2;98;65;67m▀[38;2;112;58;51;48;2;218;151;127m▀[38;2;234;161;127;48;2;233;158;126m▀[38;2;161;99;78;48;2;119;65;54m▀[38;2;198;132;110;48;2;240;165;135m▀[38;2;242;162;131;48;2;243;163;130m▀[38;2;242;161;129;48;2;241;161;129m▀[38;2;154;90;71;48;2;140;76;56m▀[38;2;163;98;83;48;2;147;83;72m▀[38;2;150;84;72;48;2;214;147;122m▀[38;2;150;85;70;48;2;161;97;77m▀[38;2;232;167;131;48;2;231;166;131m▀[38;2;236;191;161;48;2;244;220;193m▀[38;2;245;223;190;48;2;253;253;228m▀[38;2;235;192;159;48;2;242;226;199m▀[38;2;248;224;184;48;2;239;221;189m▀[38;2;252;219;177;48;2;228;179;143m▀[38;2;251;216;169;48;2;216;136;99m▀[38;2;244;200;160;48;2;212;130;93m▀[38;2;226;170;140;48;2;219;136;102m▀[38;2;136;81;63;48;2;207;135;111m▀[38;2;205;143;114;48;2;167;97;83m▀[38;2;215;132;104;48;2;228;141;118m▀[38;2;213;127;101;48;2;225;138;111m▀[38;2;213;126;99;48;2;217;132;105m▀[38;2;212;126;101;48;2;212;127;101m▀[38;2;212;129;102;48;2;205;122;96m▀[38;2;194;122;96;48;2;197;111;86m▀[38;2;174;133;143;48;2;148;89;83m▀[38;2;245;206;239;48;2;188;146;173m▀[38;2;242;209;245;48;2;206;170;210m▀[38;2;201;175;195;48;2;167;139;161m▀[38;2;159;139;151;48;2;221;206;216m▀[38;2;153;135;147;48;2;204;191;198m▀[38;2;230;205;227;48;2;158;141;150m▀[38;2;239;211;240;48;2;219;194;205m▀[38;2;179;146;164;48;2;162;120;116m▀[38;2;164;119;124;48;2;222;162;141m▀[38;2;146;103;109;48;2;222;161;143m▀[38;2;113;73;85;48;2;186;130;124m▀[38;2;237;203;216;48;2;200;163;172m▀[38;2;246;226;237;48;2;248;231;234m▀[38;2;249;241;233;48;2;254;251;239m▀[38;2;253;247;235;48;2;254;251;235m▀[38;2;213;195;213;48;2;241;234;231m▀[38;2;234;221;228;48;2;249;244;239m▀[38;2;201;174;203;48;2;238;214;237m▀[38;2;166;138;168;48;2;241;214;241m▀[38;2;167;141;174;48;2;184;159;183m▀[38;2;210;177;212;48;2;247;214;235m▀[38;2;242;205;210;48;2;248;204;216m▀[38;2;245;204;212;48;2;250;203;214m▀[38;2;248;212;228;48;2;250;211;224m▀[38;2;143;113;129;48;2;208;177;191m▀[38;2;175;139;171;48;2;98;64;83m▀[38;2;158;121;155;48;2;199;161;202m▀[38;2;128;93;122;48;2;199;163;205m▀[38;2;180;145;181;48;2;164;128;161m▀[38;2;148;126;135;48;2;94;59;82m▀[38;2;253;251;252;48;2;196;184;189m▀[38;2;255;253;254;48;2;253;251;252m▀[48;2;255;253;254m▀[38;2;254;254;254;48;2;254;254;254m▀▀▀▀[0m
[38;2;255;255;255;48;2;255;255;255m▀▀▀▀▀▀[48;2;254;255;255m▀▀[38;2;216;206;211;48;2;162;137;148m▀[38;2;96;45;61;48;2;147;55;83m▀[38;2;195;86;117;48;2;165;54;83m▀[38;2;167;58;88;48;2;171;61;88m▀[38;2;142;55;76;48;2;182;74;97m▀[38;2;72;28;34;48;2;88;22;24m▀[38;2;148;91;83;48;2;217;151;120m▀[38;2;238;165;131;48;2;224;153;117m▀[38;2;196;129;106;48;2;134;78;64m▀[38;2;178;130;123;48;2;226;181;183m▀[38;2;239;175;151;48;2;251;202;185m▀[38;2;239;170;132;48;2;247;196;158m▀[38;2;233;166;133;48;2;249;200;170m▀[38;2;129;74;56;48;2;164;122;105m▀[38;2;197;134;108;48;2;246;207;169m▀[38;2;219;155;128;48;2;247;203;168m▀[38;2;155;99;81;48;2;143;93;76m▀[38;2;249;198;161;48;2;231;175;136m▀[38;2;246;218;187;48;2;225;167;138m▀[38;2;253;251;225;48;2;248;230;198m▀[38;2;244;233;205;48;2;237;199;165m▀[38;2;219;163;133;48;2;229;167;128m▀[38;2;242;216;179;48;2;234;165;124m▀[38;2;231;167;129;48;2;235;162;119m▀[38;2;237;162;125;48;2;239;164;124m▀[38;2;239;164;125;48;2;234;161;124m▀[38;2;236;165;125;48;2;174;105;78m▀[38;2;172;106;82;48;2;184;119;91m▀[38;2;204;131;105;48;2;109;55;44m▀[38;2;244;162;132;48;2;227;151;123m▀[38;2;243;164;134;48;2;242;164;133m▀[38;2;244;164;135;48;2;241;165;136m▀[38;2;245;166;138;48;2;242;166;138m▀[38;2;240;160;132;48;2;241;166;138m▀[38;2;226;147;130;48;2;249;165;142m▀[38;2;151;104;117;48;2;182;121;117m▀[38;2;203;166;202;48;2;185;147;184m▀[38;2;182;149;183;48;2;159;126;161m▀[38;2;130;106;125;48;2;192;155;194m▀[38;2;225;214;220;48;2;156;132;151m▀[38;2;203;186;189;48;2;175;155;156m▀[38;2;125;87;90;48;2;167;110;105m▀[38;2;212;153;141;48;2;225;160;144m▀[38;2;223;159;142;48;2;223;161;146m▀[38;2;224;160;142;48;2;221;162;144m▀[38;2;218;157;139;48;2;229;174;155m▀[38;2;170;131;138;48;2;185;147;141m▀[38;2;241;224;227;48;2;242;220;230m▀[38;2;254;252;239;48;2;243;230;240m▀[38;2;254;252;235;48;2;217;198;215m▀[38;2;249;241;240;48;2;183;157;191m▀[38;2;229;218;230;48;2;178;156;194m▀[38;2;216;196;225;48;2;190;166;205m▀[38;2;208;182;218;48;2;196;170;209m▀[38;2;163;138;163;48;2;190;164;197m▀[38;2;204;177;200;48;2;145;120;146m▀[38;2;222;189;212;48;2;200;172;208m▀[38;2;230;194;214;48;2;201;170;212m▀[38;2;245;209;230;48;2;204;171;214m▀[38;2;249;217;240;48;2;211;177;220m▀[38;2;120;89;110;48;2;142;110;142m▀[38;2;145;110;145;48;2;193;159;191m▀[38;2;192;160;196;48;2;136;106;140m▀[38;2;197;166;204;48;2;164;136;173m▀[38;2;201;169;202;48;2;184;152;185m▀[38;2;117;96;108;48;2;114;90;103m▀[38;2;239;234;237;48;2;252;248;252m▀[38;2;254;253;254;48;2;254;253;254m▀[38;2;254;254;254;48;2;254;254;254m▀▀▀▀[0m
[38;2;255;255;255;48;2;255;255;255m▀▀▀▀▀[48;2;253;252;252m▀[38;2;253;252;254;48;2;144;123;123m▀[38;2;244;239;244;48;2;113;66;62m▀[38;2;163;144;147;48;2;144;89;82m▀[38;2;155;68;87;48;2;95;30;30m▀[38;2;202;86;112;48;2;103;24;34m▀[38;2;161;58;80;48;2;118;33;47m▀[38;2;165;65;83;48;2;122;40;49m▀[38;2;127;61;55;48;2;127;63;45m▀[38;2;180;110;84;48;2;204;131;100m▀[38;2;161;90;65;48;2;229;162;125m▀[38;2;117;65;57;48;2;148;99;99m▀[38;2;243;198;203;48;2;248;202;203m▀[38;2;252;203;191;48;2;253;204;189m▀[38;2;254;215;177;48;2;254;213;176m▀[38;2;254;213;185;48;2;253;214;188m▀[38;2;192;154;147;48;2;179;136;132m▀[38;2;248;212;169;48;2;228;172;134m▀[38;2;239;182;145;48;2;240;161;130m▀[38;2;132;77;60;48;2;157;98;79m▀[38;2;231;161;129;48;2;205;137;113m▀[38;2;239;164;133;48;2;239;163;130m▀[38;2;239;163;131;48;2;217;142;115m▀[38;2;235;164;124;48;2;171;98;76m▀[38;2;235;166;125;48;2;209;139;107m▀[38;2;236;165;123;48;2;237;165;124m▀[38;2;236;164;123;48;2;236;164;124m▀[38;2;237;164;124;48;2;237;164;125m▀[38;2;156;84;67;48;2;212;140;108m▀[38;2;155;85;75;48;2;170;106;87m▀[38;2;156;88;71;48;2;225;161;129m▀[38;2;126;71;61;48;2;206;145;122m▀[38;2;165;105;89;48;2;157;107;99m▀[38;2;239;164;136;48;2;205;139;119m▀[38;2;240;165;136;48;2;243;168;140m▀[38;2;241;166;137;48;2;244;169;142m▀[38;2;242;166;141;48;2;243;166;147m▀[38;2;243;166;145;48;2;194;118;101m▀[38;2;236;162;150;48;2;244;168;155m▀[38;2;177;129;146;48;2;182;129;138m▀[38;2;137;105;137;48;2;147;115;145m▀[38;2;197;163;204;48;2;197;164;205m▀[38;2;199;165;204;48;2;184;143;187m▀[38;2;119;80;82;48;2;167;116;115m▀[38;2;219;159;146;48;2;218;165;149m▀[38;2;221;162;145;48;2;235;189;171m▀[38;2;174;123;108;48;2;232;192;172m▀[38;2;240;200;180;48;2;175;140;120m▀[38;2;252;214;189;48;2;244;210;184m▀[38;2;198;166;149;48;2;237;205;180m▀[38;2;217;190;205;48;2;132;105;117m▀[38;2;195;167;204;48;2;176;146;186m▀[38;2;175;145;187;48;2;196;168;210m▀[38;2;192;163;207;48;2;196;167;211m▀[38;2;198;169;213;48;2;194;165;209m▀[38;2;194;167;208;48;2;194;167;208m▀[38;2;193;166;207m▀[38;2;197;172;207;48;2;195;169;207m▀[38;2;155;130;156;48;2;163;137;167m▀[38;2;198;170;207;48;2;190;163;199m▀[38;2;197;169;209;48;2;196;168;209m▀[38;2;198;167;212;48;2;198;167;212m▀[38;2;198;167;211;48;2;198;167;211m▀[38;2;153;121;154;48;2;169;136;170m▀[38;2;143;111;142;48;2;95;64;94m▀[38;2;137;108;143;48;2;116;85;122m▀[38;2;87;60;98;48;2;132;104;143m▀[38;2;72;39;66;48;2;174;147;181m▀[38;2;52;13;27;48;2;179;153;177m▀[38;2;156;139;146;48;2;137;108;129m▀[38;2;247;251;252;48;2;112;79;97m▀[38;2;250;254;254;48;2;164;147;157m▀[38;2;251;253;253;48;2;244;244;247m▀[38;2;254;254;254;48;2;252;254;255m▀[48;2;254;254;255m▀[0m
[38;2;255;255;255;48;2;255;255;255m▀▀▀▀[38;2;253;253;254;48;2;249;249;248m▀[38;2;169;158;155;48;2;117;87;80m▀[38;2;159;118;86;48;2;237;188;149m▀[38;2;237;165;134;48;2;237;164;131m▀[38;2;209;138;126;48;2;142;72;62m▀[38;2;110;35;39;48;2;174;79;94m▀[38;2;133;46;63;48;2;174;62;92m▀[38;2;150;64;80;48;2;179;72;98m▀[38;2;87;23;26;48;2;86;24;23m▀[38;2;224;152;122;48;2;233;160;128m▀[38;2;236;165;127;48;2;234;164;127m▀[38;2;228;162;124;48;2;218;153;116m▀[38;2;155;108;110;48;2;150;100;104m▀[38;2;248;202;200;48;2;250;201;202m▀[38;2;253;209;190;48;2;251;203;186m▀[38;2;253;215;176;48;2;238;178;145m▀[38;2;250;204;182;48;2;240;173;138m▀[38;2;195;146;143;48;2;213;147;122m▀[38;2;210;146;117;48;2;175;110;90m▀[38;2;243;158;129;48;2;244;161;131m▀[38;2;154;90;76;48;2;165;101;86m▀[38;2;141;81;68;48;2;89;40;35m▀[38;2;227;157;122;48;2;135;71;56m▀[38;2;150;79;63;48;2;161;89;72m▀[38;2;143;71;59;48;2;172;102;85m▀[38;2;200;130;105;48;2;175;107;89m▀[38;2;237;165;126;48;2;237;165;126m▀[38;2;237;165;127;48;2;237;165;127m▀[38;2;239;165;128;48;2;239;165;128m▀[38;2;239;167;128;48;2;238;166;129m▀[38;2;171;110;88;48;2;172;114;91m▀[38;2;159;106;88;48;2;218;174;158m▀[38;2;232;168;145;48;2;196;135;117m▀[38;2;196;148;137;48;2;204;152;140m▀[38;2;160;110;99;48;2;207;159;149m▀[38;2;244;172;150;48;2;153;97;83m▀[38;2;246;170;155;48;2;244;172;163m▀[38;2;246;170;157;48;2;243;172;165m▀[38;2;156;88;83;48;2;172;111;109m▀[38;2;213;147;145;48;2;152;100;107m▀[38;2;179;127;134;48;2;177;127;134m▀[38;2;159;128;160;48;2;154;124;155m▀[38;2;197;163;203;48;2;197;163;202m▀[38;2;70;30;35;48;2;135;92;96m▀[38;2;135;86;77;48;2;102;54;48m▀[38;2;236;193;175;48;2;87;40;29m▀[38;2;250;213;190;48;2;203;165;145m▀[38;2;250;214;187;48;2;250;214;189m▀[38;2;245;209;183;48;2;250;216;189m▀[38;2;186;151;127;48;2;247;210;181m▀[38;2;241;207;179;48;2;223;188;162m▀[38;2;160;132;126;48;2;224;192;165m▀[38;2;188;158;196;48;2;161;133;157m▀[38;2;195;167;209;48;2;193;165;207m▀[38;2;195;166;210;48;2;195;166;210m▀▀▀[38;2;195;167;209;48;2;195;167;209m▀[38;2;196;168;208;48;2;195;167;207m▀[38;2;178;151;188;48;2;198;170;207m▀[38;2;160;134;165;48;2;140;115;141m▀[38;2;197;169;210;48;2;197;169;210m▀[38;2;198;167;211;48;2;198;167;211m▀[38;2;198;167;210;48;2;198;167;210m▀[38;2;180;146;182;48;2;180;146;183m▀[38;2;152;120;152;48;2;90;57;90m▀[38;2;187;155;194;48;2;195;162;201m▀[38;2;199;168;210;48;2;201;168;211m▀[38;2;177;144;186;48;2;199;163;209m▀[38;2;87;57;81;48;2;137;104;127m▀[38;2;170;136;163;48;2;51;18;25m▀[38;2;203;163;197;48;2;165;127;156m▀[38;2;168;129;154;48;2;199;165;200m▀[38;2;105;84;93;48;2;179;149;171m▀[38;2;237;234;237;48;2;140;125;133m▀[38;2;252;253;254;48;2;254;253;254m▀[0m
[38;2;255;255;255;48;2;255;255;255m▀▀▀[38;2;254;255;255;48;2;254;255;255m▀[38;2;238;233;232;48;2;228;224;222m▀[38;2;141;107;94;48;2;163;137;117m▀[38;2;247;207;164;48;2;254;219;173m▀[38;2;231;169;133;48;2;244;195;156m▀[38;2;121;52;40;48;2;159;95;80m▀[38;2;162;63;81;48;2;171;74;91m▀[38;2;170;56;84;48;2;172;60;87m▀[38;2;183;70;95;48;2;180;68;93m▀[38;2;100;30;30;48;2;99;29;31m▀[38;2;221;145;117;48;2;160;84;65m▀[38;2;234;163;127;48;2;223;149;117m▀[38;2;216;152;116;48;2;218;153;122m▀[38;2;149;100;96;48;2;150;99;82m▀[38;2;251;201;197;48;2;240;184;161m▀[38;2;247;187;171;48;2;238;171;141m▀[38;2;241;162;131;48;2;242;159;124m▀[38;2;241;163;122;48;2;240;163;121m▀[38;2;235;162;122;48;2;239;163;121m▀[38;2;155;91;77;48;2;176;112;91m▀[38;2;241;164;133;48;2;219;148;119m▀[38;2;170;108;89;48;2;179;122;102m▀[38;2;201;152;142;48;2;227;184;165m▀[38;2;140;87;75;48;2;184;141;125m▀[38;2;234;164;139;48;2;191;122;105m▀[38;2;228;156;122;48;2;238;163;133m▀[38;2;102;44;37;48;2;168;119;98m▀[38;2;218;151;123;48;2;170;124;110m▀[38;2;236;165;126;48;2;233;164;132m▀[38;2;241;167;129;48;2;243;169;134m▀[38;2;241;168;131;48;2;243;171;137m▀[38;2;162;107;88;48;2;158;130;108m▀[38;2;247;201;193;48;2;251;238;224m▀[38;2;196;153;139;48;2;229;215;198m▀[38;2;206;154;145;48;2;124;76;71m▀[38;2;141;92;87;48;2;108;62;59m▀[38;2;96;50;43;48;2;187;158;153m▀[38;2;238;179;169;48;2;191;139;134m▀[38;2;241;179;171;48;2;243;184;176m▀[38;2;165;116;119;48;2;133;91;98m▀[38;2;173;131;149;48;2;195;165;192m▀[38;2;155;117;135;48;2;115;86;115m▀[38;2;159;129;157;48;2;159;130;160m▀[38;2;183;148;181;48;2;136;99;124m▀[38;2;211;168;159;48;2;215;171;150m▀[38;2;251;208;183;48;2;253;211;182m▀[38;2;187;146;125;48;2;252;211;183m▀[38;2;85;40;28;48;2;247;207;184m▀[38;2;145;105;95;48;2;165;124;109m▀[38;2;246;209;187;48;2;97;53;45m▀[38;2;251;216;183;48;2;209;168;146m▀[38;2;251;215;184;48;2;251;215;184m▀[38;2;250;214;184m▀[38;2;144;113;112;48;2;219;184;159m▀[38;2;194;164;204;48;2;171;142;163m▀[38;2;194;166;208;48;2;197;166;207m▀[38;2;195;167;209;48;2;181;151;193m▀[38;2;195;166;210;48;2;195;166;210m▀▀[38;2;195;167;208;48;2;195;167;209m▀[38;2;195;167;207;48;2;195;167;208m▀[38;2;147;122;155;48;2;164;137;173m▀[38;2;196;168;208;48;2;195;168;205m▀[38;2;198;167;210;48;2;198;167;209m▀[38;2;198;167;211;48;2;198;167;210m▀[38;2;171;138;176;48;2;155;124;162m▀[38;2;98;66;102;48;2;101;69;106m▀[38;2;124;91;128;48;2;100;67;103m▀[38;2;201;168;211;48;2;195;163;205m▀[38;2;201;165;210;48;2;200;164;210m▀[38;2;201;164;208;48;2;199;164;208m▀[38;2;121;86;98;48;2;125;93;107m▀[38;2;150;124;136;48;2;238;239;238m▀[38;2;193;158;192;48;2;178;146;169m▀[38;2;198;169;201;48;2;191;159;192m▀[38;2;137;121;134;48;2;155;141;153m▀[38;2;254;252;254;48;2;253;252;254m▀[0m
[38;2;255;255;255;48;2;255;255;255m▀▀▀[38;2;254;255;255;48;2;254;255;255m▀[38;2;225;218;217;48;2;237;229;233m▀[38;2;172;141;124;48;2;157;126;113m▀[38;2;254;220;179;48;2;247;211;178m▀[38;2;253;217;177;48;2;234;184;157m▀[38;2;243;211;175;48;2;232;181;147m▀[38;2;124;63;58;48;2;241;191;166m▀[38;2;137;48;60;48;2;196;133;119m▀[38;2;152;63;76;48;2;184;105;94m▀[38;2;76;11;14;48;2;138;64;56m▀[38;2;157;83;69;48;2;131;63;56m▀[38;2;163;88;62;48;2;182;104;85m▀[38;2;203;132;109;48;2;173;97;79m▀[38;2;136;81;64;48;2;114;63;51m▀[38;2;238;168;132;48;2;243;167;130m▀[38;2;237;162;124;48;2;241;163;124m▀[38;2;238;161;122;48;2;240;163;123m▀[38;2;240;162;123;48;2;241;163;124m▀[48;2;240;163;124m▀[38;2;216;145;113;48;2;237;161;122m▀[38;2;154;90;70;48;2;154;90;71m▀[38;2;187;127;110;48;2;164;100;87m▀[38;2;227;203;185;48;2;225;221;201m▀[38;2;253;232;218;48;2;250;249;233m▀[38;2;163;140;130;48;2;250;246;232m▀[38;2;203;137;119;48;2;158;137;132m▀[38;2;189;133;109;48;2;172;113;102m▀[38;2;226;216;202;48;2;228;214;213m▀[38;2;169;127;109;48;2;219;211;199m▀[38;2;239;170;141;48;2;180;128;110m▀[38;2;238;171;144;48;2;180;130;110m▀[38;2;181;169;149;48;2;221;213;200m▀[38;2;254;250;235;48;2;254;248;235m▀[38;2;250;243;227;48;2;189;175;165m▀[38;2;99;61;54;48;2;111;82;75m▀[38;2;180;158;150;48;2;246;237;227m▀[38;2;251;240;233;48;2;251;247;235m▀[38;2;178;144;136;48;2;178;159;150m▀[38;2;236;183;177;48;2;122;80;76m▀[38;2;79;35;41;48;2;108;69;71m▀[38;2;189;157;180;48;2;147;115;128m▀[38;2;199;165;208;48;2;204;166;212m▀[38;2;162;133;159;48;2;168;137;163m▀[38;2;127;89;114;48;2;103;67;101m▀[38;2;174;136;124;48;2;136;98;102m▀[38;2;251;214;184;48;2;166;132;112m▀[38;2;240;204;175;48;2;70;32;21m▀[38;2;199;160;140;48;2;110;75;57m▀[38;2;160;122;105;48;2;186;151;130m▀[38;2;114;74;58;48;2;243;208;181m▀[38;2;173;132;112;48;2;253;214;184m▀[38;2;251;212;182;48;2;247;206;181m▀[48;2;225;183;159m▀[38;2;250;212;185;48;2;201;161;141m▀[38;2;142;110;101;48;2;212;177;163m▀[38;2;202;167;203;48;2;141;105;137m▀[38;2;114;83;116;48;2;164;130;161m▀[38;2;169;141;173;48;2;107;79;100m▀[38;2;195;167;210;48;2;197;168;209m▀[38;2;195;166;212;48;2;196;165;211m▀[38;2;195;167;209;48;2;196;166;209m▀[38;2;180;153;192;48;2;194;165;205m▀[38;2;184;157;194;48;2;168;142;178m▀[38;2;198;167;209;48;2;198;167;208m▀[38;2;199;167;208;48;2;199;167;206m▀[38;2;127;97;130;48;2;117;88;117m▀[38;2;102;78;118;48;2;104;88;130m▀[38;2;99;69;105;48;2;92;65;101m▀[38;2;192;158;199;48;2;191;159;198m▀[38;2;200;166;205;48;2;196;163;193m▀[38;2;189;156;186;48;2;127;98;115m▀[38;2;135;115;124;48;2;228;225;227m▀[38;2;250;252;251;48;2;244;245;245m▀[38;2;179;149;166;48;2;135;109;120m▀[38;2;155;128;154;48;2;201;188;198m▀[38;2;239;233;238;48;2;254;253;255m▀[38;2;253;254;255;48;2;253;254;254m▀[0m
[38;2;255;255;255;48;2;255;255;255m▀▀▀[38;2;254;255;255;48;2;254;255;255m▀[38;2;248;242;245;48;2;253;248;250m▀[38;2;151;118;107;48;2;149;115;105m▀[38;2;219;133;124;48;2;211;127;124m▀[38;2;205;122;112;48;2;211;127;126m▀[38;2;201;118;109;48;2;211;128;124m▀[38;2;198;123;111;48;2;205;126;120m▀[38;2;212;139;127;48;2;181;106;98m▀[38;2;221;145;131;48;2;219;144;133m▀[38;2;208;131;119;48;2;239;160;145m▀[38;2;141;68;64;48;2;93;26;23m▀[38;2;164;83;70;48;2;192;111;100m▀[38;2;189;107;94;48;2;167;85;74m▀[38;2;128;67;57;48;2;140;74;66m▀[38;2;241;159;129;48;2;223;144;120m▀[38;2;243;164;124;48;2;243;164;127m▀[38;2;242;164;123;48;2;242;165;126m▀[38;2;243;164;125;48;2;243;163;126m▀[38;2;241;163;124;48;2;242;163;125m▀[38;2;240;163;126;48;2;240;163;127m▀[38;2;214;140;109;48;2;205;130;103m▀[38;2;136;78;67;48;2;81;20;15m▀[38;2;232;221;210;48;2;93;67;64m▀[38;2;252;246;235;48;2;95;73;68m▀[38;2;253;247;235;48;2;122;101;93m▀[38;2;251;246;235;48;2;124;100;93m▀[38;2;167;160;150;48;2;120;95;91m▀[38;2;143;127;125;48;2;106;75;73m▀[38;2;253;249;236;48;2;146;123;116m▀[38;2;223;215;208;48;2;205;193;189m▀[38;2;146;135;131;48;2;253;246;239m▀[38;2;254;248;237;48;2;255;247;237m▀[38;2;253;246;235;48;2;255;248;238m▀[38;2;92;72;65;48;2;252;245;234m▀[38;2;79;48;45;48;2;248;241;230m▀[38;2;100;66;63;48;2;252;247;234m▀[38;2;94;59;57;48;2;251;242;232m▀[38;2;80;52;48;48;2;248;229;221m▀[38;2;71;42;35;48;2;178;155;149m▀[38;2;182;164;160;48;2;189;178;169m▀[38;2;144;118;127;48;2;147;125;127m▀[38;2;179;144;174;48;2;181;154;164m▀[38;2;175;141;170;48;2;83;51;60m▀[38;2;104;68;99;48;2;97;62;67m▀[38;2;101;60;76;48;2;138;101;92m▀[38;2;199;162;138;48;2;236;184;162m▀[38;2;235;196;174;48;2;247;195;170m▀[38;2;249;211;183;48;2;250;209;178m▀[38;2;252;216;187;48;2;252;216;185m▀[38;2;253;214;183;48;2;251;214;182m▀[38;2;233;195;168;48;2;244;203;178m▀[38;2;115;73;60;48;2;173;129;117m▀[38;2;189;144;131;48;2;251;201;191m▀[38;2;212;166;152;48;2;250;202;190m▀[38;2;140;98;89;48;2;215;169;158m▀[38;2;173;140;136;48;2;206;173;158m▀[38;2;142;109;135;48;2;145;116;106m▀[38;2;112;82;90;48;2;121;89;88m▀[38;2;175;143;169;48;2;182;150;150m▀[38;2;198;167;209;48;2;202;166;209m▀[38;2;198;167;208;48;2;207;171;214m▀[38;2;198;168;206;48;2;194;159;198m▀[38;2;163;137;173;48;2;146;118;149m▀[38;2;197;167;208;48;2;199;167;206m▀[38;2;195;162;200;48;2;164;132;165m▀[38;2;91;68;100;48;2;95;78;114m▀[38;2;105;90;134;48;2;81;58;98m▀[38;2;119;89;121;48;2;121;95;114m▀[38;2;182;149;174;48;2;166;149;158m▀[38;2;140;116;131;48;2;249;247;248m▀[38;2;233;228;231;48;2;252;254;253m▀[38;2;253;253;253;48;2;253;253;253m▀[38;2;175;172;173;48;2;249;248;248m▀[38;2;179;170;171;48;2;253;253;252m▀[38;2;253;252;251;48;2;253;253;251m▀[38;2;254;254;252;48;2;254;254;252m▀[38;2;254;254;254;48;2;254;254;254m▀[0m
[38;2;255;255;255;48;2;255;255;255m▀▀▀▀[38;2;254;251;253;48;2;254;253;254m▀[38;2;159;130;130;48;2;186;168;170m▀[38;2;217;136;142;48;2;198;122;133m▀[38;2;214;133;137;48;2;216;139;146m▀[38;2;212;130;132;48;2;213;136;141m▀[38;2;209;130;128;48;2;200;126;127m▀[38;2;161;89;84;48;2;187;119;117m▀[38;2;241;169;160;48;2;242;172;166m▀[38;2;237;161;147;48;2;220;148;136m▀[38;2;72;10;9;48;2;87;34;31m▀[38;2;137;73;66;48;2;119;75;72m▀[38;2;201;118;105;48;2;183;104;102m▀[38;2;150;77;66;48;2;194;118;101m▀[38;2;185;112;95;48;2;150;77;69m▀[38;2;242;165;133;48;2;241;166;137m▀[38;2;243;166;131;48;2;242;166;134m▀[38;2;243;164;130;48;2;243;164;131m▀[38;2;243;165;128;48;2;243;164;130m▀[38;2;242;164;127;48;2;242;164;128m▀[38;2;240;162;129;48;2;241;163;127m▀[38;2;203;135;112;48;2;238;167;131m▀[38;2;173;148;140;48;2;175;124;107m▀[38;2;230;224;212;48;2;236;229;212m▀[38;2;218;208;194;48;2;254;246;232m▀[38;2;195;184;172;48;2;253;247;231m▀[38;2;190;178;166;48;2;193;183;169m▀[38;2;164;146;137;48;2;73;37;34m▀[38;2;66;28;27;48;2;149;129;122m▀[38;2;151;140;131;48;2;251;244;235m▀[38;2;253;244;236;48;2;253;249;237m▀[38;2;253;246;238;48;2;251;245;233m▀[38;2;254;248;239;48;2;189;183;172m▀[38;2;253;249;239;48;2;153;145;136m▀[38;2;254;249;237;48;2;251;246;235m▀[38;2;253;250;233;48;2;254;249;232m▀[38;2;249;242;225;48;2;254;250;234m▀[38;2;240;219;206;48;2;254;247;234m▀[38;2;244;224;212;48;2;254;248;236m▀[38;2;212;201;192;48;2;211;198;190m▀[38;2;116;87;86;48;2;92;59;59m▀[38;2;139;111;111;48;2;163;142;140m▀[38;2;137;111;109;48;2;184;166;159m▀[38;2;93;56;52;48;2;203;167;161m▀[38;2;172;140;129;48;2;109;72;65m▀[38;2;247;210;192;48;2;90;55;43m▀[38;2;250;213;187;48;2;162;128;108m▀[38;2;251;213;183;48;2;230;195;168m▀[38;2;252;215;186;48;2;250;213;186m▀[38;2;253;214;184;48;2;253;214;185m▀[38;2;253;213;185m▀[38;2;184;141;128;48;2;204;163;145m▀[38;2;252;201;193;48;2;245;194;184m▀[38;2;253;200;192;48;2;254;200;190m▀[38;2;253;200;190;48;2;254;199;189m▀[38;2;176;139;125;48;2;175;133;118m▀[38;2;242;212;190;48;2;236;207;182m▀[38;2;127;96;81;48;2;233;203;180m▀[38;2;198;167;150;48;2;165;132;117m▀[38;2;171;141;124;48;2;110;78;64m▀[38;2;158;127;116;48;2;63;33;24m▀[38;2;84;52;49;48;2;58;28;27m▀[38;2;62;25;48;48;2;99;64;80m▀[38;2;120;86;111;48;2;99;62;81m▀[38;2;108;76;96;48;2;62;28;37m▀[38;2;95;76;95;48;2;136;122;125m▀[38;2;153;139;155;48;2;254;251;250m▀[38;2;243;238;243;48;2;254;253;254m▀[38;2;254;251;254;48;2;254;253;255m▀[38;2;253;255;254;48;2;254;254;254m▀▀[38;2;255;253;255;48;2;255;253;255m▀▀[38;2;255;253;254;48;2;255;253;254m▀▀▀▀[0m
[38;2;255;255;255;48;2;255;255;255m▀▀▀[38;2;254;254;254;48;2;254;254;254m▀[38;2;254;253;254;48;2;254;253;253m▀[38;2;221;217;214;48;2;233;230;226m▀[38;2;154;102;107;48;2;112;65;70m▀[38;2;220;148;155;48;2;171;110;115m▀[38;2;196;129;131;48;2;183;125;127m▀[38;2;167;104;103;48;2;250;190;190m▀[38;2;240;174;171;48;2;248;185;186m▀[38;2;242;174;172;48;2;245;177;179m▀[38;2;209;138;135;48;2;210;140;142m▀[38;2;137;87;87;48;2;154;101;105m▀[38;2;229;220;212;48;2;252;250;244m▀[38;2;117;68;75;48;2;214;204;201m▀[38;2;192;117;107;48;2;120;65;63m▀[38;2;144;74;64;48;2;188;111;110m▀[38;2;225;149;128;48;2;177;106;91m▀[38;2;243;165;135;48;2;242;165;135m▀[38;2;244;165;134;48;2;242;166;134m▀[38;2;243;165;130;48;2;242;166;131m▀[38;2;242;164;126;48;2;243;165;126m▀[38;2;239;165;125;48;2;240;166;125m▀[38;2;238;167;126;48;2;230;158;117m▀[38;2;235;168;126;48;2;236;167;126m▀[38;2;173;138;118;48;2;191;134;115m▀[38;2;247;231;223;48;2;76;31;32m▀[38;2;134;115;106;48;2;95;60;57m▀[38;2;59;30;27;48;2;228;210;203m▀[38;2;199;179;172;48;2;242;228;218m▀[38;2;254;247;237;48;2;254;243;233m▀[38;2;254;249;238;48;2;254;246;235m▀[38;2;234;229;214;48;2;220;214;198m▀[38;2;173;128;122;48;2;222;173;164m▀[38;2;226;176;167;48;2;253;200;188m▀[38;2;203;168;161;48;2;248;196;190m▀[38;2;226;216;204;48;2;211;192;179m▀[38;2;254;249;235;48;2;254;249;234m▀[38;2;254;249;236;48;2;239;231;218m▀[38;2;254;249;237;48;2;124;103;95m▀[38;2;187;174;165;48;2;129;95;91m▀[38;2;81;39;39;48;2;242;216;213m▀[38;2;143;119;116;48;2;238;229;222m▀[38;2;237;227;221;48;2;148;133;128m▀[38;2;180;166;159;48;2;171;158;156m▀[38;2;124;97;88;48;2;237;228;224m▀[38;2;154;133;119;48;2;190;184;180m▀[38;2;144;142;118;48;2;150;148;143m▀[38;2;154;136;122;48;2;139;127;125m▀[38;2;85;57;46;48;2;132;115;113m▀[38;2;74;41;30;48;2;176;162;159m▀[38;2;102;68;57;48;2;188;171;168m▀[38;2;139;104;91;48;2;181;158;156m▀[38;2;138;100;89;48;2;114;82;81m▀[38;2;139;94;87;48;2;118;85;84m▀[38;2;157;109;101;48;2;128;106;97m▀[38;2;149;98;88;48;2;98;84;64m▀[38;2;110;64;53;48;2;115;84;69m▀[38;2;81;44;31;48;2;144;130;109m▀[38;2;80;48;39;48;2;158;149;135m▀[38;2;107;74;71;48;2;147;122;122m▀[38;2;178;148;151;48;2;110;83;85m▀[38;2;190;164;168;48;2;115;95;98m▀[38;2;233;218;220;48;2;163;153;153m▀[38;2;198;188;190;48;2;234;229;227m▀[38;2;174;158;164;48;2;254;250;250m▀[38;2;148;129;131;48;2;254;251;250m▀[38;2;246;241;240;48;2;254;253;253m▀[38;2;254;253;253;48;2;254;253;254m▀[38;2;254;254;254;48;2;254;254;254m▀▀▀▀▀▀▀▀▀▀[0m
[38;2;250;251;251;48;2;245;246;246m▀[38;2;203;192;196;48;2;142;117;125m▀[38;2;197;183;183;48;2;124;88;93m▀[38;2;182;165;166;48;2;207;170;171m▀[38;2;128;104;108;48;2;249;214;220m▀[38;2;94;54;61;48;2;249;210;216m▀[38;2;162;119;124;48;2;244;202;208m▀[38;2;243;190;195;48;2;248;202;208m▀[38;2;250;194;198;48;2;251;201;206m▀[38;2;251;193;195;48;2;245;193;197m▀[38;2;249;189;191;48;2;244;188;190m▀[38;2;241;179;180;48;2;249;186;188m▀[38;2;217;143;148;48;2;221;152;155m▀[38;2;179;118;120;48;2;204;137;139m▀[38;2;236;227;223;48;2;172;156;153m▀[38;2;249;253;248;48;2;248;254;248m▀[38;2;213;208;202m▀[38;2;119;75;75;48;2;232;231;226m▀[38;2;110;58;52;48;2;113;89;86m▀[38;2;225;157;131;48;2;148;92;80m▀[38;2;240;166;131;48;2;239;167;133m▀[38;2;196;120;95;48;2;161;88;71m▀[38;2;239;162;127;48;2;206;129;107m▀[38;2;242;166;126;48;2;243;165;129m▀[38;2;179;105;84;48;2;241;166;133m▀[38;2;166;95;81;48;2;192;121;100m▀[38;2;123;59;49;48;2;101;38;31m▀[38;2;132;74;60;48;2;171;112;88m▀[38;2;198;156;142;48;2;188;134;117m▀[38;2;235;213;200;48;2;145;113;102m▀[38;2;243;228;213;48;2;216;204;190m▀[38;2;248;237;224;48;2;254;246;233m▀[38;2;254;247;233;48;2;254;247;233m▀[38;2;239;235;218;48;2;250;246;232m▀[38;2;202;161;149;48;2;188;151;142m▀[38;2;253;201;188;48;2;233;184;172m▀[38;2;252;199;190;48;2;152;102;95m▀[38;2;212;181;171;48;2;82;35;29m▀[38;2;169;141;132;48;2;149;103;95m▀[38;2;89;53;46;48;2;217;175;164m▀[38;2;195;158;136;48;2;218;175;155m▀[38;2;248;211;192;48;2;159;119;115m▀[38;2;189;173;166;48;2;180;177;171m▀[38;2;134;119;116;48;2;252;252;245m▀[38;2;222;215;212;48;2;254;254;251m▀[38;2;254;253;252;48;2;253;254;253m▀[38;2;254;254;254;48;2;255;255;255m▀[48;2;254;254;254m▀[38;2;255;254;255m▀[38;2;255;252;255m▀[38;2;252;248;251;48;2;253;253;253m▀[38;2;240;236;239m▀[38;2;191;187;188;48;2;254;253;254m▀[38;2;143;133;134;48;2;254;254;253m▀[38;2;153;131;135;48;2;254;254;252m▀[38;2;106;67;75;48;2;236;231;229m▀[38;2;146;124;122;48;2;143;126;121m▀[38;2;174;170;153;48;2;228;224;210m▀[38;2;187;173;157;48;2;202;194;178m▀[38;2;156;147;130;48;2;83;72;59m▀[38;2;158;151;138;48;2;201;195;182m▀[38;2;193;180;171;48;2;237;229;218m▀[38;2;123;107;103;48;2;160;146;140m▀[38;2;208;195;193;48;2;155;141;139m▀[38;2;219;211;209;48;2;162;151;149m▀[38;2;254;250;248;48;2;115;105;103m▀[38;2;253;252;250;48;2;240;241;236m▀[38;2;254;254;252;48;2;252;254;251m▀[38;2;255;255;253;48;2;254;254;252m▀[38;2;255;255;255;48;2;255;255;255m▀[38;2;254;254;254;48;2;254;254;254m▀▀▀▀▀▀▀▀▀▀[0m
[38;2;255;255;255;48;2;254;254;254m▀[38;2;254;254;254m▀[38;2;242;238;239;48;2;253;253;254m▀[38;2;176;161;163;48;2;252;253;253m▀[38;2;159;141;144;48;2;253;252;253m▀[38;2;166;144;148;48;2;239;234;235m▀[38;2;94;66;70;48;2;152;130;133m▀[38;2;225;189;192;48;2;250;218;222m▀[38;2;249;205;209;48;2;251;213;216m▀[38;2;201;159;161;48;2;148;115;117m▀[38;2;98;54;55;48;2;219;209;202m▀[38;2;239;180;184;48;2;151;127;124m▀[38;2;224;161;164;48;2;192;134;138m▀[38;2;218;155;157;48;2;224;162;164m▀[38;2;145;107;105;48;2;191;137;137m▀[38;2;249;250;245;48;2;196;186;180m▀[38;2;251;255;250;48;2;252;255;251m▀[38;2;251;255;251;48;2;252;255;250m▀[38;2;248;249;245;48;2;253;253;251m▀[38;2;149;128;124;48;2;250;252;248m▀[38;2;210;145;126;48;2;146;113;112m▀[38;2;204;132;107;48;2;219;151;138m▀[38;2;111;57;50;48;2;79;32;30m▀[38;2;243;165;136;48;2;154;93;80m▀[38;2;242;166;132;48;2;240;167;132m▀[38;2;239;168;132;48;2;241;167;130m▀[38;2;183;129;106;48;2;239;169;130m▀[38;2;190;164;155;48;2;170;119;97m▀[38;2;199;185;175;48;2;106;66;63m▀[38;2;200;188;180;48;2;117;80;79m▀[38;2;241;232;222;48;2;85;47;47m▀[38;2;229;223;213;48;2;106;65;66m▀[38;2;188;172;165;48;2;144;99;93m▀[38;2;135;110;106;48;2;136;91;77m▀[38;2;82;42;35;48;2;144;105;86m▀[38;2;77;39;32;48;2;179;153;135m▀[38;2;152;119;106;48;2;203;181;165m▀[38;2;180;151;138;48;2;203;184;169m▀[38;2;189;153;133;48;2;142;125;114m▀[38;2;133;110;97;48;2;229;225;221m▀[38;2;158;146;135;48;2;252;253;250m▀[38;2;245;240;237;48;2;253;251;251m▀[38;2;254;255;250;48;2;254;254;251m▀[38;2;254;255;249;48;2;255;255;251m▀[38;2;255;255;252;48;2;255;255;253m▀[38;2;255;255;254m▀[38;2;255;255;253m▀▀[38;2;255;255;255;48;2;255;255;255m▀▀▀▀▀▀▀[38;2;255;255;252m▀[38;2;230;222;219;48;2;251;250;249m▀[38;2;199;188;178;48;2;138;124;120m▀[38;2;252;246;233;48;2;166;150;144m▀[38;2;189;183;170;48;2;156;139;133m▀[38;2;172;165;152;48;2;167;154;148m▀[38;2;161;151;145;48;2;176;167;165m▀[38;2;180;167;166;48;2;208;196;198m▀[38;2;179;166;164;48;2;186;175;175m▀[38;2;125;113;109;48;2;143;127;121m▀[38;2;139;130;124;48;2;112;96;89m▀[38;2;241;241;234;48;2;165;140;138m▀[38;2;149;125;129;48;2;169;147;146m▀[38;2;251;250;247;48;2;254;254;250m▀[38;2;255;255;254;48;2;255;255;254m▀[38;2;254;254;254;48;2;254;254;254m▀▀[38;2;255;255;255;48;2;255;255;255m▀▀▀▀▀▀▀▀[0m
[38;2;254;254;254;48;2;254;254;254m▀▀▀▀[38;2;251;249;250;48;2;140;127;130m▀[38;2;148;129;133;48;2;146;124;127m▀[38;2;227;203;206;48;2;196;173;177m▀[38;2;250;220;225;48;2;148;127;130m▀[38;2;193;166;169;48;2;170;156;156m▀[38;2;167;150;150;48;2;253;249;246m▀[38;2;255;253;247;48;2;255;253;249m▀[38;2;254;253;249;48;2;254;253;251m▀[38;2;207;196;193;48;2;253;252;251m▀[38;2;156;119;118;48;2;253;251;248m▀[38;2;152;105;104;48;2;230;225;221m▀[38;2;110;65;67;48;2;190;178;174m▀[38;2;135;106;105;48;2;192;180;177m▀[38;2;206;195;193;48;2;238;238;232m▀[38;2;253;255;249;48;2;253;255;250m▀▀[38;2;242;238;238;48;2;249;254;249m▀[38;2;146;103;107;48;2;239;234;233m▀[38;2;143;116;113;48;2;112;77;82m▀[38;2;215;211;201;48;2;227;227;220m▀[38;2;157;119;111;48;2;250;253;245m▀[38;2;176;113;92;48;2;228;218;212m▀[38;2;217;147;120;48;2;137;108;106m▀[38;2;221;155;133;48;2;98;56;54m▀[38;2;130;83;71;48;2;147;108;100m▀[38;2;161;133;119;48;2;193;172;153m▀[38;2;176;147;137;48;2;238;223;204m▀[38;2;114;83;78;48;2;167;152;138m▀[38;2;147;123;111;48;2;223;215;191m▀[38;2;187;167;144;48;2;231;222;197m▀[38;2;178;156;135;48;2;150;121;106m▀[38;2;172;150;133;48;2;106;53;54m▀[38;2;209;193;178;48;2;148;129;128m▀[38;2;206;195;184;48;2;181;172;172m▀[38;2;244;242;235;48;2;254;253;250m▀[38;2;254;255;252;48;2;254;255;253m▀[38;2;254;254;254;48;2;254;254;254m▀[38;2;255;253;254;48;2;255;253;254m▀[38;2;255;255;253;48;2;255;255;253m▀▀▀▀▀▀[38;2;255;255;255;48;2;255;255;255m▀▀▀▀▀▀▀[38;2;254;254;254;48;2;254;254;254m▀[38;2;212;210;208;48;2;252;250;248m▀[38;2;182;173;172;48;2;195;189;188m▀[38;2;140;126;123;48;2;140;129;128m▀[38;2;189;176;172;48;2;184;172;171m▀[38;2;224;214;214;48;2;176;164;164m▀[38;2;227;219;220;48;2;200;192;193m▀[38;2;228;220;224;48;2;136;129;115m▀[38;2;195;186;184;48;2;120;111;88m▀[38;2;121;104;94;48;2;110;96;79m▀[38;2;148;119;107;48;2;128;93;85m▀[38;2;195;167;148;48;2;136;106;96m▀[38;2;193;183;170;48;2;245;241;238m▀[38;2;254;255;251;48;2;255;254;254m▀[38;2;255;255;255;48;2;255;255;255m▀[38;2;254;254;254;48;2;254;254;254m▀▀[38;2;255;255;255;48;2;255;255;255m▀▀▀▀▀▀▀▀[0m
[38;2;254;254;254;48;2;254;254;254m▀▀▀▀[38;2;243;241;242m▀[38;2;232;228;230;48;2;253;253;254m▀[38;2;240;236;238;48;2;254;254;254m▀[38;2;251;247;248m▀[38;2;255;254;250;48;2;255;255;253m▀▀[38;2;255;255;253m▀▀▀▀▀▀[38;2;255;255;252;48;2;255;255;255m▀[38;2;254;255;251m▀[38;2;255;255;254m▀[38;2;255;255;253m▀[38;2;255;255;251;48;2;255;255;253m▀▀[38;2;248;248;241;48;2;254;254;249m▀[38;2;193;188;183;48;2;231;227;224m▀[38;2;170;160;156;48;2;151;138;137m▀[38;2;153;140;138;48;2;165;151;150m▀[38;2;178;167;163;48;2;185;178;174m▀[38;2;195;177;172;48;2;222;219;213m▀[38;2;132;101;94;48;2;251;250;239m▀[38;2;134;95;86;48;2;134;113;104m▀[38;2;168;148;135;48;2;195;174;165m▀[38;2;181;166;148;48;2;186;166;154m▀[38;2;252;245;218;48;2;254;243;225m▀[38;2;253;251;218;48;2;254;249;223m▀[38;2;201;184;153;48;2;245;240;204m▀[38;2;173;143;131;48;2;189;166;154m▀[38;2;198;180;180;48;2;138;101;105m▀[38;2;253;252;249;48;2;252;251;245m▀[38;2;254;255;249;48;2;254;255;249m▀[38;2;255;255;251;48;2;255;255;251m▀[38;2;255;255;253;48;2;255;255;253m▀▀▀▀▀▀▀▀[38;2;255;255;255;48;2;255;255;255m▀▀▀▀▀▀▀[38;2;254;254;254;48;2;254;254;254m▀[38;2;254;252;253m▀[38;2;251;248;247;48;2;254;252;251m▀[38;2;129;122;114;48;2;140;136;126m▀[38;2;173;169;151;48;2;131;127;102m▀[38;2;148;147;120;48;2;108;98;72m▀[38;2;148;150;120;48;2;80;63;42m▀[38;2;131;134;103;48;2;125;114;104m▀[38;2;153;146;133;48;2;250;252;252m▀[38;2;252;248;241;48;2;252;254;253m▀[38;2;251;252;243;48;2;254;255;251m▀[38;2;251;252;246;48;2;254;254;252m▀[38;2;254;254;252;48;2;254;254;251m▀[38;2;255;255;253;48;2;255;255;253m▀[38;2;255;255;255;48;2;255;255;255m▀▀▀▀▀▀▀▀▀▀▀[0m
[38;2;254;254;254;48;2;254;254;254m▀▀▀▀▀▀▀▀[38;2;255;255;253;48;2;255;255;253m▀▀▀▀▀▀▀▀[38;2;255;255;255;48;2;255;255;255m▀▀▀▀▀▀[38;2;255;254;250;48;2;255;254;252m▀▀▀[38;2;253;255;250;48;2;254;253;251m▀[38;2;249;254;254;48;2;245;240;240m▀[38;2;247;243;240;48;2;121;84;71m▀[38;2;155;145;140;48;2;139;113;99m▀[38;2;152;134;134;48;2;244;235;231m▀[38;2;190;174;171;48;2;205;195;194m▀[38;2;157;138;133;48;2;204;194;193m▀[38;2;156;132;127;48;2;194;184;179m▀[38;2;166;141;132;48;2;191;177;170m▀[38;2;158;135;126;48;2;181;162;159m▀[38;2;153;128;123;48;2;206;184;181m▀[38;2;130;101;100;48;2;193;173;169m▀[38;2;184;177;171;48;2;165;153;150m▀[38;2;255;254;248;48;2;252;250;245m▀[38;2;254;255;250;48;2;255;254;250m▀[38;2;255;255;251;48;2;255;255;251m▀[38;2;255;255;253;48;2;255;255;253m▀▀▀▀▀▀▀[38;2;255;255;255;48;2;255;255;255m▀▀▀▀▀▀▀▀[38;2;255;253;254;48;2;255;254;254m▀[48;2;254;254;254m▀[38;2;233;232;230;48;2;254;253;252m▀[38;2;214;212;208;48;2;254;254;251m▀[38;2;214;207;201;48;2;252;254;248m▀[38;2;142;113;108;48;2;177;158;154m▀[38;2;177;160;153;48;2;175;156;150m▀[38;2;251;252;254;48;2;252;252;252m▀[38;2;254;254;254;48;2;254;254;252m▀[38;2;254;254;253;48;2;254;254;253m▀[38;2;254;254;252;48;2;254;254;252m▀[38;2;254;254;254m▀[38;2;255;255;255;48;2;255;255;253m▀▀[48;2;255;255;252m▀[48;2;255;255;255m▀[48;2;254;255;255m▀▀[48;2;255;255;255m▀▀▀▀▀▀[0m
[38;2;255;255;255;48;2;255;255;255m▀▀▀▀▀▀▀▀▀▀▀▀▀▀▀▀▀▀▀▀▀▀▀▀[38;2;254;254;254;48;2;254;254;254m▀[38;2;253;252;251;48;2;251;250;248m▀[38;2;242;234;231;48;2;102;91;87m▀[38;2;172;156;148;48;2;165;149;144m▀[38;2;204;170;124;48;2;136;97;87m▀[38;2;184;168;155;48;2;230;213;170m▀[38;2;160;144;141;48;2;173;157;134m▀[38;2;208;197;202;48;2;192;173;174m▀[38;2;201;194;196;48;2;146;135;136m▀[38;2;247;244;242;48;2;207;200;202m▀[38;2;245;238;237;48;2;226;215;218m▀[38;2;205;195;196;48;2;162;151;154m▀[38;2;197;188;187;48;2;214;204;204m▀[38;2;126;108;108;48;2;146;122;123m▀[38;2;252;248;246;48;2;203;195;193m▀[38;2;255;252;249;48;2;252;251;247m▀[38;2;255;255;253;48;2;254;254;253m▀[38;2;254;254;254;48;2;254;254;254m▀▀▀▀▀▀▀[38;2;255;255;255;48;2;255;255;255m▀▀▀▀▀▀▀[38;2;254;255;255;48;2;254;255;255m▀[38;2;251;254;253;48;2;251;254;253m▀[38;2;246;248;248;48;2;147;126;133m▀[38;2;195;189;187;48;2;56;6;18m▀[38;2;146;126;124;48;2;58;8;16m▀[38;2;133;106;107;48;2;62;12;19m▀[38;2;231;230;221;48;2;191;179;173m▀[38;2;145;130;127;48;2;239;243;234m▀[38;2;180;168;166;48;2;138;113;110m▀[38;2;63;9;16;48;2;62;10;8m▀[38;2;60;5;8;48;2;62;11;5m▀[38;2;63;11;14;48;2;62;11;6m▀[38;2;72;21;24;48;2;62;11;5m▀[38;2;86;36;38m▀[38;2;102;54;56;48;2;61;10;5m▀[38;2;124;87;87;48;2;61;10;6m▀[38;2;158;130;130;48;2;60;9;4m▀[38;2;212;199;197;48;2;49;14;11m▀[38;2;252;250;248;48;2;177;168;163m▀[38;2;254;254;254;48;2;255;254;252m▀[38;2;255;255;255;48;2;255;255;255m▀▀▀▀▀[0m
[38;2;255;255;255;48;2;255;255;255m▀▀▀▀▀▀▀▀▀▀▀▀▀▀▀▀▀▀▀▀▀▀▀▀[38;2;254;254;254;48;2;254;254;254m▀▀[38;2;244;240;239;48;2;253;252;253m▀[38;2;162;152;148;48;2;248;245;244m▀[38;2;228;220;212;48;2;159;147;147m▀[38;2;172;154;142;48;2;175;155;155m▀[38;2;154;124;90;48;2;155;140;141m▀[38;2;204;175;140;48;2;208;194;190m▀[38;2;195;165;143;48;2;167;145;143m▀[38;2;180;156;142;48;2;148;116;118m▀[38;2;159;137;118;48;2;160;127;119m▀[38;2;227;206;170;48;2;150;124;106m▀[38;2;193;169;131;48;2;89;62;49m▀[38;2;155;132;116;48;2;168;147;145m▀[38;2;210;205;200;48;2;245;242;239m▀[38;2;253;253;249;48;2;252;254;249m▀[38;2;255;255;253;48;2;255;254;252m▀[38;2;254;254;254;48;2;254;254;254m▀▀▀▀▀▀▀[38;2;255;255;255;48;2;255;255;255m▀▀▀▀▀▀▀▀[38;2;253;254;254;48;2;255;254;254m▀[38;2;248;248;248;48;2;254;254;254m▀[38;2;200;190;191;48;2;252;255;255m▀[38;2;151;125;131;48;2;251;255;254m▀[38;2;117;83;91;48;2;250;254;254m▀[38;2;95;54;63;48;2;251;252;252m▀[38;2;92;47;57;48;2;252;252;253m▀[38;2;67;21;28;48;2;251;252;251m▀[38;2;61;12;14;48;2;250;254;251m▀[38;2;62;11;12;48;2;251;255;252m▀[38;2;64;13;13;48;2;251;254;251m▀[38;2;72;24;23m▀[38;2;83;39;37;48;2;250;254;251m▀[38;2;98;60;58;48;2;250;254;253m▀[38;2;121;92;90;48;2;251;254;254m▀[38;2;156;136;133;48;2;250;254;254m▀[38;2;210;203;199;48;2;251;254;254m▀[38;2;251;253;250;48;2;253;255;255m▀[38;2;253;255;254;48;2;254;255;255m▀[38;2;254;255;255m▀[38;2;255;255;255;48;2;255;255;255m▀▀▀▀[0m
[38;2;255;255;255;48;2;255;255;255m▀▀▀▀▀▀▀▀▀▀▀▀▀▀▀▀▀▀▀▀▀▀▀▀[38;2;253;253;253;48;2;254;254;253m▀[38;2;254;254;253;48;2;247;247;244m▀[38;2;251;254;253;48;2;185;169;171m▀[38;2;250;254;253;48;2;127;93;98m▀[38;2;247;249;248;48;2;102;65;66m▀[38;2;212;208;206;48;2;110;78;75m▀[38;2;243;243;240;48;2;74;29;30m▀[38;2;221;218;218;48;2;62;12;14m▀[38;2;207;204;204;48;2;59;7;10m▀[38;2;201;201;200;48;2;58;6;8m▀[38;2;206;205;204;48;2;59;6;9m▀[38;2;224;220;221;48;2;72;23;28m▀[38;2;186;177;175;48;2;222;214;210m▀[38;2;181;167;168;48;2;180;171;170m▀[38;2;212;207;205;48;2;169;157;157m▀[38;2;248;254;249;48;2;167;153;154m▀[48;2;94;60;66m▀[38;2;248;254;250;48;2;135;111;113m▀[38;2;251;254;251;48;2;202;196;194m▀[38;2;254;254;253;48;2;249;253;249m▀[38;2;255;255;255;48;2;254;255;252m▀[48;2;255;255;255m▀▀▀▀▀▀▀▀▀▀▀▀▀▀▀[38;2;254;255;255;48;2;254;255;255m▀[38;2;253;255;254m▀[38;2;253;255;255m▀▀[38;2;254;255;255m▀▀▀▀▀▀▀▀▀▀▀▀[38;2;255;255;255;48;2;255;255;255m▀▀▀▀[0m
[38;2;255;255;255;48;2;255;255;255m▀▀▀▀▀▀▀▀▀▀▀▀▀▀▀▀▀▀▀▀▀▀▀▀[38;2;253;253;254;48;2;253;253;253m▀[38;2;183;178;175;48;2;253;253;252m▀[38;2;65;12;18;48;2;229;224;224m▀[38;2;61;8;9;48;2;175;156;158m▀[38;2;60;9;5;48;2;140;114;113m▀[38;2;59;10;6;48;2;112;78;75m▀[38;2;59;10;5;48;2;91;50;50m▀[38;2;60;9;6;48;2;82;34;34m▀[38;2;60;8;6;48;2;74;20;21m▀[38;2;62;8;8;48;2;65;9;10m▀[48;2;66;10;11m▀[48;2;68;13;14m▀[38;2;84;43;42;48;2;72;22;21m▀[38;2;226;218;214;48;2;85;49;47m▀[38;2;230;233;227;48;2;116;88;90m▀[38;2;128;105;107;48;2;116;87;91m▀[38;2;57;7;14;48;2;144;123;118m▀[38;2;58;9;12;48;2;188;174;163m▀[38;2;61;34;36;48;2;244;238;233m▀[38;2;229;226;227;48;2;254;254;254m▀[38;2;255;255;255;48;2;255;255;255m▀▀▀▀▀▀▀▀▀▀▀▀▀▀▀▀[38;2;254;255;255;48;2;254;255;255m▀▀▀▀▀▀▀▀▀▀▀▀▀▀▀▀[38;2;255;255;255;48;2;255;255;255m▀▀▀▀[0m
[?25h