[?25l[0m[38;2;255;255;255;48;2;255;255;255m▀▀▀▀▀▀▀▀▀▀▀▀▀▀▀▀▀▀▀▀▀▀▀▀▀▀▀▀▀▀▀▀▀▀▀▀▀▀[48;2;254;254;254m▀[48;2;255;255;255m▀[38;2;253;255;252;48;2;255;255;253m▀[38;2;252;255;252;48;2;253;255;252m▀[38;2;253;255;252;48;2;253;255;254m▀[38;2;255;255;253;48;2;255;255;253m▀[38;2;254;254;253;48;2;254;254;251m▀[38;2;254;252;253;48;2;239;233;232m▀[38;2;253;254;252;48;2;192;174;177m▀[38;2;253;254;251;48;2;170;149;153m▀[38;2;253;254;253;48;2;175;154;157m▀[38;2;252;254;253;48;2;218;206;206m▀[38;2;253;255;253;48;2;254;252;251m▀[38;2;254;255;254;48;2;253;255;252m▀[38;2;254;255;253;48;2;254;255;253m▀[38;2;255;255;253;48;2;255;255;254m▀[48;2;255;255;253m▀[38;2;254;254;254;48;2;254;254;254m▀[38;2;255;255;255;48;2;255;255;255m▀▀[38;2;255;255;254m▀[38;2;255;255;253m▀[38;2;255;255;255m▀▀▀▀[38;2;254;255;253;48;2;254;255;253m▀[38;2;255;255;255;48;2;255;255;255m▀▀[38;2;254;254;254m▀[38;2;255;255;255m▀▀▀▀▀▀▀▀▀▀▀▀[0m
[38;2;255;255;255;48;2;255;255;255m▀▀▀▀▀▀▀▀▀▀▀▀▀▀▀▀▀▀▀▀▀▀▀▀▀▀▀▀▀▀▀▀▀▀[48;2;255;254;255m▀[48;2;255;253;254m▀[38;2;254;254;254;48;2;254;252;251m▀[38;2;254;253;254;48;2;244;238;237m▀[38;2;254;254;254;48;2;228;221;221m▀[38;2;254;254;255;48;2;222;213;216m▀[38;2;253;254;252;48;2;223;217;217m▀[38;2;253;253;253;48;2;223;215;214m▀[38;2;252;253;253;48;2;143;115;114m▀[38;2;215;203;201;48;2;135;68;67m▀[38;2;120;88;83;48;2;191;100;99m▀[38;2;104;40;42;48;2;194;95;94m▀[38;2;159;72;78;48;2;179;80;74m▀[38;2;176;87;89;48;2;171;73;64m▀[38;2;173;83;85;48;2;180;86;75m▀[38;2;139;63;62;48;2;205;103;93m▀[38;2;131;84;80;48;2;186;95;91m▀[38;2;227;219;217;48;2;83;38;38m▀[38;2;253;251;253;48;2;122;102;100m▀[38;2;239;232;236;48;2;129;110;110m▀[38;2;234;229;230;48;2;120;100;106m▀[38;2;253;254;252;48;2;209;200;202m▀[38;2;253;255;252;48;2;253;255;251m▀[38;2;253;255;254;48;2;253;255;252m▀[48;2;253;255;253m▀[38;2;255;255;255;48;2;254;254;253m▀[38;2;254;255;253;48;2;255;252;236m▀[38;2;255;254;242;48;2;252;250;190m▀[38;2;251;253;228;48;2;246;248;163m▀[38;2;253;253;239;48;2;251;250;176m▀[38;2;254;254;253;48;2;254;253;221m▀[38;2;255;254;250;48;2;254;254;252m▀[38;2;255;255;253;48;2;253;255;253m▀[38;2;255;255;254;48;2;253;255;252m▀[38;2;255;255;255;48;2;255;255;255m▀▀▀▀▀▀▀▀▀▀▀▀[0m
[38;2;255;255;255;48;2;255;255;255m▀▀▀▀▀▀▀▀▀▀▀▀▀▀▀▀▀▀▀▀▀▀▀▀[48;2;255;254;255m▀[48;2;254;255;255m▀▀[48;2;254;255;254m▀[38;2;254;254;254;48;2;254;253;252m▀[48;2;220;214;212m▀[38;2;254;253;254;48;2;141;133;128m▀[38;2;253;251;252;48;2;117;105;97m▀[38;2;227;220;222;48;2;147;135;125m▀[38;2;174;160;161;48;2;203;195;178m▀[38;2;132;114;113;48;2;246;243;221m▀[38;2;124;104;101;48;2;252;245;221m▀[38;2;129;105;99;48;2;242;199;181m▀[38;2;137;88;78;48;2;247;176;154m▀[38;2;151;92;79;48;2;254;173;150m▀[38;2;157;97;83;48;2;253;173;148m▀[38;2;154;96;82;48;2;253;172;147m▀[38;2;145;89;74;48;2;253;173;148m▀[38;2;135;75;63;48;2;253;176;151m▀[38;2;129;59;53;48;2;253;176;152m▀[38;2;125;46;41;48;2;250;174;150m▀[38;2;132;52;48;48;2;227;151;131m▀[38;2;162;79;71;48;2;181;108;94m▀[38;2;190;103;93;48;2;136;63;55m▀[38;2;176;92;83;48;2;100;29;23m▀[38;2;113;41;41;48;2;86;33;34m▀[38;2;76;22;22;48;2;220;204;209m▀[38;2;143;121;124;48;2;226;231;238m▀[38;2;238;235;226;48;2;157;166;205m▀[38;2;228;228;237;48;2;114;121;188m▀[38;2;145;143;175;48;2;104;116;188m▀[38;2;87;76;96;48;2;80;75;129m▀[38;2;246;244;243;48;2;97;75;86m▀[38;2;227;221;222;48;2;152;136;139m▀[38;2;185;175;175;48;2;196;184;185m▀[38;2;197;186;184;48;2;144;132;127m▀[38;2;251;250;198;48;2;234;240;163m▀[38;2;226;237;156;48;2;156;206;96m▀[38;2;135;187;82;48;2;80;180;57m▀[38;2;176;211;111;48;2;94;172;54m▀[38;2;246;250;175;48;2;212;233;138m▀[38;2;253;253;230;48;2;254;252;194m▀[38;2;253;255;254;48;2;254;255;245m▀[48;2;253;255;254m▀[38;2;255;255;255;48;2;255;255;255m▀▀▀▀▀▀▀▀▀▀▀▀[0m
[38;2;255;255;255;48;2;255;255;255m▀▀▀▀[48;2;254;254;252m▀[38;2;255;255;254;48;2;255;253;249m▀[48;2;255;255;244m▀[38;2;255;255;253;48;2;255;255;248m▀[38;2;255;255;255;48;2;255;255;255m▀▀▀▀▀▀▀▀▀▀▀▀▀▀[48;2;254;255;255m▀[38;2;254;253;255;48;2;253;255;255m▀[38;2;254;253;254;48;2;253;253;250m▀[38;2;253;254;253;48;2;195;182;181m▀[38;2;252;252;250;48;2;117;101;93m▀[38;2;191;180;179;48;2;179;168;154m▀[38;2;118;104;102;48;2;249;245;226m▀[38;2;148;138;130;48;2;253;252;231m▀[38;2;229;221;204;48;2;255;253;229m▀[38;2;254;252;229;48;2;255;254;227m▀[38;2;254;253;229;48;2;255;254;228m▀[38;2;254;254;228;48;2;248;242;217m▀[38;2;251;242;219;48;2;238;193;171m▀[38;2;247;195;172;48;2;248;175;149m▀[38;2;253;172;150;48;2;254;173;146m▀[38;2;254;173;148;48;2;255;172;146m▀[38;2;255;174;149;48;2;255;174;147m▀[48;2;255;174;148m▀[38;2;254;173;148;48;2;255;173;148m▀[38;2;255;172;148;48;2;255;174;148m▀[38;2;254;175;148;48;2;254;175;148m▀▀[38;2;255;173;146;48;2;255;174;147m▀▀[38;2;255;174;148;48;2;255;174;148m▀[38;2;255;173;149;48;2;255;173;149m▀[38;2;242;167;143;48;2;254;175;151m▀[38;2;189;116;99;48;2;253;173;152m▀[38;2;121;63;63;48;2;252;173;157m▀[38;2;81;59;78;48;2;216;147;135m▀[38;2;102;101;152;48;2;128;77;82m▀[38;2;105;118;187;48;2;83;49;73m▀[38;2;101;119;204;48;2;98;98;152m▀[38;2;92;105;177;48;2;99;106;180m▀[38;2;133;140;174;48;2;76;87;163m▀[38;2;217;224;234;48;2;73;91;147m▀[38;2;167;170;195;48;2;81;86;153m▀[38;2;144;139;130;48;2;163;156;149m▀[38;2;243;247;160;48;2;232;241;153m▀[38;2;113;179;69;48;2;105;172;64m▀[38;2;130;203;91;48;2;192;223;126m▀[38;2;109;182;68;48;2;194;227;127m▀[38;2;127;187;77;48;2;99;173;59m▀[38;2;247;250;168;48;2;210;235;140m▀[38;2;255;254;218;48;2;253;252;190m▀[38;2;253;255;252;48;2;252;255;247m▀[38;2;254;255;252;48;2;254;255;249m▀[38;2;255;255;252;48;2;255;255;249m▀[38;2;255;255;253m▀[48;2;255;255;250m▀[38;2;255;255;255;48;2;255;254;249m▀[38;2;254;255;254;48;2;254;255;253m▀[38;2;255;255;255;48;2;255;255;255m▀▀▀▀▀▀[0m
[38;2;255;255;255;48;2;255;255;255m▀▀▀[38;2;254;255;254;48;2;255;254;250m▀[38;2;252;254;224;48;2;252;250;201m▀[38;2;252;250;187;48;2;214;232;144m▀[38;2;247;252;169;48;2;149;188;83m▀[38;2;250;253;204;48;2;240;250;166m▀[38;2;254;254;247;48;2;253;254;224m▀[38;2;255;254;254;48;2;255;255;253m▀[38;2;255;255;255;48;2;254;255;255m▀▀[48;2;255;255;255m▀▀▀▀▀▀▀▀[48;2;254;255;254m▀[38;2;255;255;254;48;2;255;254;251m▀[38;2;254;254;252;48;2;190;178;174m▀[38;2;231;226;224;48;2;126;111;102m▀[38;2;122;108;105;48;2;235;228;217m▀[38;2;167;154;146;48;2;253;252;236m▀[38;2;249;245;228;48;2;254;250;230m▀[38;2;254;253;232;48;2;254;250;228m▀[38;2;254;254;230;48;2;255;249;223m▀[48;2;255;249;221m▀[38;2;254;255;229;48;2;255;252;223m▀[38;2;255;255;230;48;2;255;254;228m▀[38;2;255;255;229;48;2;254;255;231m▀[38;2;249;246;219;48;2;254;253;230m▀[38;2;245;225;196;48;2;254;254;229m▀[38;2;245;203;174;48;2;254;253;228m▀[38;2;241;185;158;48;2;254;251;225m▀[38;2;250;176;154;48;2;251;235;210m▀[38;2;253;174;152;48;2;247;215;192m▀[38;2;254;174;150;48;2;246;191;169m▀[38;2;255;173;149;48;2;248;176;155m▀[38;2;254;175;148;48;2;252;174;148m▀[38;2;253;176;148;48;2;253;176;148m▀[38;2;255;175;148;48;2;253;173;146m▀[48;2;254;174;145m▀[38;2;255;174;147;48;2;255;174;146m▀▀[48;2;255;175;147m▀[38;2;255;175;147;48;2;255;175;148m▀[38;2;255;175;150;48;2;255;175;147m▀[38;2;255;175;149;48;2;255;175;149m▀▀[38;2;252;175;149;48;2;254;176;152m▀[38;2;234;160;137;48;2;253;174;148m▀[38;2;141;83;75;48;2;253;175;151m▀[38;2;76;42;61;48;2;231;155;136m▀[38;2;77;73;124;48;2;123;73;73m▀[38;2;76;87;154;48;2;75;40;81m▀[38;2;77;88;153;48;2;96;77;103m▀[38;2;206;204;160;48;2;241;242;173m▀[38;2;179;216;116;48;2;138;195;88m▀[38;2;98;174;61;48;2;125;186;78m▀[38;2;235;243;155;48;2;247;252;164m▀[38;2;246;249;161;48;2;251;252;167m▀[38;2;150;198;94;48;2;218;233;139m▀[38;2;112;180;67;48;2;105;171;60m▀[38;2;239;251;160;48;2;163;209;104m▀[38;2;251;251;195;48;2;227;240;148m▀[38;2;246;252;186;48;2;195;222;121m▀[38;2;251;249;182;48;2;159;202;95m▀[38;2;250;251;168;48;2;145;197;88m▀[38;2;249;251;167;48;2;142;190;83m▀[38;2;250;252;186;48;2;214;236;135m▀[38;2;251;253;227;48;2;251;250;196m▀[38;2;255;255;253;48;2;255;254;251m▀[38;2;255;255;254;48;2;254;255;255m▀[38;2;255;255;255;48;2;255;255;255m▀▀▀▀[0m
[38;2;255;255;255;48;2;255;255;255m▀[38;2;255;255;253;48;2;255;255;253m▀[38;2;255;255;252;48;2;254;255;250m▀[38;2;255;254;246;48;2;255;254;242m▀[38;2;253;249;183;48;2;254;249;181m▀[38;2;172;210;109;48;2;174;211;111m▀[38;2;103;176;64;48;2;98;174;60m▀[38;2;227;244;156;48;2;218;238;147m▀[38;2;252;254;213;48;2;252;253;193m▀[38;2;255;254;251;48;2;254;254;208m▀[38;2;255;255;252;48;2;255;253;209m▀[38;2;255;255;253;48;2;254;252;210m▀[48;2;253;253;211m▀[38;2;254;254;253;48;2;252;252;210m▀[38;2;254;255;250;48;2;252;253;214m▀[38;2;254;255;252;48;2;254;254;233m▀[38;2;255;255;254;48;2;254;255;249m▀[38;2;255;255;255;48;2;255;255;255m▀[48;2;254;254;255m▀[38;2;253;254;254;48;2;249;247;247m▀[38;2;252;251;250;48;2;142;112;111m▀[38;2;155;139;133;48;2;196;130;122m▀[38;2;164;145;132;48;2;250;179;156m▀[38;2;249;230;209;48;2;249;176;150m▀[38;2;247;224;199;48;2;250;175;148m▀[38;2;245;213;187;48;2;251;173;144m▀[38;2;247;197;173;48;2;253;173;144m▀[38;2;244;184;159;48;2;254;174;146m▀[38;2;242;180;157;48;2;254;173;147m▀[38;2;245;178;158;48;2;253;174;151m▀[38;2;243;204;178;48;2;246;179;156m▀[38;2;254;252;224;48;2;251;232;209m▀[38;2;254;254;232;48;2;247;244;225m▀[38;2;254;254;234;48;2;221;214;196m▀[38;2;253;254;234;48;2;195;182;168m▀[38;2;254;254;234;48;2;177;161;151m▀[38;2;254;255;234;48;2;168;150;139m▀[38;2;251;254;231;48;2;165;148;136m▀[38;2;251;253;230;48;2;168;153;140m▀[38;2;253;250;229;48;2;171;157;145m▀[38;2;250;243;215;48;2;143;129;116m▀[38;2;242;194;166;48;2;144;107;94m▀[38;2;254;176;152;48;2;155;79;71m▀[38;2;254;175;151;48;2;157;81;71m▀[38;2;253;173;152;48;2;150;80;73m▀[38;2;252;173;151;48;2;144;78;70m▀[38;2;252;174;150;48;2;142;76;67m▀[38;2;254;176;152;48;2;135;68;58m▀[38;2;253;176;153;48;2;124;58;49m▀[38;2;253;177;152;48;2;110;45;35m▀[38;2;253;177;150;48;2;123;59;47m▀[38;2;252;174;145;48;2;188;120;103m▀[38;2;254;174;147;48;2;253;175;147m▀[48;2;255;174;147m▀[38;2;253;175;146;48;2;254;175;147m▀[38;2;254;174;150;48;2;254;175;144m▀[38;2;253;173;152;48;2;254;175;143m▀[38;2;198;131;116;48;2;247;184;142m▀[38;2;148;115;84;48;2;243;226;150m▀[38;2;237;241;158;48;2;205;228;131m▀[38;2;107;173;61;48;2;105;172;57m▀[38;2;187;217;119;48;2;210;233;136m▀[38;2;232;230;163;48;2;175;159;105m▀[38;2;235;229;201;48;2;52;17;7m▀[38;2;251;247;173;48;2;138;116;83m▀[38;2;172;213;117;48;2;241;245;166m▀[38;2;95;172;59;48;2;184;216;119m▀[38;2;96;172;57;48;2;183;215;117m▀[38;2;98;170;57;48;2;219;235;140m▀[38;2;102;174;61;48;2;238;252;158m▀[38;2;111;186;71;48;2;152;202;97m▀[38;2;88;178;53;48;2;113;180;70m▀[38;2;183;217;112;48;2;229;248;161m▀[38;2;251;249;194;48;2;250;252;213m▀[38;2;254;254;250;48;2;254;255;253m▀[38;2;255;255;255;48;2;255;255;255m▀▀▀▀▀[0m
[38;2;255;255;254;48;2;254;255;251m▀[38;2;255;255;238;48;2;248;251;200m▀[38;2;252;252;211;48;2;230;243;156m▀[38;2;251;253;184;48;2;172;212;111m▀[38;2;246;254;166;48;2;142;195;85m▀[38;2;195;226;128;48;2;108;179;64m▀[38;2;96;173;59;48;2;87;174;55m▀[38;2;203;238;141;48;2;91;173;59m▀[38;2;241;253;165;48;2;104;179;64m▀[38;2;231;244;152;48;2;96;172;54m▀[38;2;226;241;147;48;2;96;175;57m▀[38;2;221;238;144;48;2;93;173;54m▀[38;2;222;241;145;48;2;92;173;55m▀[38;2;208;230;132;48;2;94;172;53m▀[38;2;230;244;152;48;2;136;184;78m▀[38;2;252;253;188;48;2;248;251;178m▀[38;2;253;253;238;48;2;251;252;234m▀[38;2;254;254;253;48;2;252;250;251m▀[38;2;250;247;248;48;2;151;122;121m▀[38;2;142;108;104;48;2;206;139;126m▀[38;2;212;140;123;48;2;253;172;151m▀[38;2;252;173;152;48;2;251;172;150m▀[38;2;254;174;148;48;2;253;173;149m▀[38;2;255;174;147;48;2;252;175;153m▀[38;2;254;174;146;48;2;242;170;152m▀[38;2;254;171;146;48;2;187;119;108m▀[38;2;253;172;149;48;2;125;74;66m▀[38;2;246;176;153;48;2;119;86;78m▀[38;2;214;142;123;48;2;155;133;129m▀[38;2;173;102;91;48;2;207;190;189m▀[38;2;127;71;65;48;2;248;243;239m▀[38;2;110;73;66;48;2;228;213;211m▀[38;2;98;61;58;48;2;154;135;130m▀[38;2;75;34;31;48;2;130;110;104m▀[38;2;51;4;3;48;2;175;161;148m▀[38;2;53;12;8;48;2;237;231;212m▀[38;2;90;57;51;48;2;254;252;233m▀[38;2;137;114;102;48;2;253;253;231m▀[38;2;183;168;152m▀[38;2;222;214;199;48;2;254;254;234m▀[38;2;251;244;231;48;2;253;252;232m▀[38;2;251;219;198;48;2;250;217;191m▀[38;2;252;176;155;48;2;254;175;151m▀[38;2;254;176;153;48;2;255;176;149m▀[38;2;254;174;150;48;2;254;174;147m▀[38;2;254;174;148;48;2;255;174;146m▀[48;2;255;174;147m▀[38;2;254;175;149;48;2;255;175;148m▀[38;2;251;176;150;48;2;254;176;148m▀[38;2;249;175;153;48;2;252;175;147m▀[38;2;214;141;125;48;2;252;175;148m▀[38;2;194;121;107;48;2;252;173;147m▀[38;2;254;175;149;48;2;254;174;147m▀[38;2;255;175;149;48;2;254;175;147m▀[38;2;251;177;151;48;2;245;197;152m▀[38;2;246;181;139;48;2;250;239;163m▀[38;2;247;208;148;48;2;235;241;153m▀[38;2;250;237;162;48;2;192;221;121m▀[38;2;232;246;152;48;2;111;176;63m▀[38;2;147;198;86;48;2;113;182;67m▀[38;2;93;176;56;48;2;170;207;103m▀[38;2;193;224;127;48;2;235;244;153m▀[38;2;239;218;165;48;2;225;180;136m▀[38;2;179;95;84;48;2;204;99;89m▀[38;2;137;58;52;48;2;204;101;91m▀[38;2;160;119;90;48;2;199;101;96m▀[38;2;201;181;136;48;2;154;71;67m▀[38;2;212;198;138;48;2;150;112;82m▀[38;2;249;250;158;48;2;247;249;160m▀[38;2;211;234;137;48;2;134;193;83m▀[38;2;109;175;64;48;2;147;198;90m▀[38;2;177;212;114;48;2;242;250;167m▀[38;2;249;252;187;48;2;254;253;219m▀[38;2;254;254;243;48;2;254;254;252m▀[38;2;255;255;255;48;2;255;255;255m▀▀▀▀▀▀[0m
[38;2;254;254;249;48;2;254;254;253m▀[38;2;248;248;189;48;2;253;252;218m▀[38;2;187;213;117;48;2;250;250;171m▀[38;2;105;174;61;48;2;223;238;145m▀[38;2;97;174;56;48;2;237;248;159m▀[38;2;104;179;61;48;2;229;245;149m▀[38;2;88;175;54;48;2;107;174;59m▀[38;2;102;184;64;48;2;141;196;86m▀[38;2;140;197;86;48;2;245;252;157m▀[38;2;142;199;88;48;2;250;251;158m▀[38;2;144;202;90;48;2;252;251;160m▀[38;2;151;206;96;48;2;253;251;165m▀[38;2;156;207;99;48;2;253;248;171m▀[38;2;165;208;101;48;2;254;247;176m▀[38;2;201;226;123;48;2;253;249;190m▀[38;2;249;252;180;48;2;251;252;228m▀[38;2;253;252;248;48;2;206;198;196m▀[38;2;174;151;154;48;2;167;113;98m▀[38;2;198;131;113;48;2;250;176;152m▀[38;2;252;174;152;48;2;247;175;159m▀[38;2;252;174;151;48;2;194;128;117m▀[38;2;246;176;151;48;2;131;87;77m▀[38;2;207;139;121;48;2;173;154;140m▀[38;2;134;79;73;48;2;241;236;232m▀[38;2;128;96;91;48;2;250;252;251m▀[38;2;189;165;162;48;2;250;253;252m▀[38;2;245;236;238;48;2;252;251;250m▀[38;2;251;252;252;48;2;202;188;185m▀[38;2;248;252;249;48;2;129;92;87m▀[38;2;203;191;188;48;2;175;115;106m▀[38;2;137;93;92;48;2;245;173;155m▀[38;2;154;104;98;48;2;250;175;156m▀[38;2;230;208;191;48;2;245;191;164m▀[38;2;253;252;238;48;2;252;245;218m▀[38;2;255;253;230;48;2;255;254;226m▀[38;2;255;254;229;48;2;255;255;228m▀[38;2;255;255;231;48;2;255;255;231m▀[38;2;253;255;233;48;2;253;255;233m▀[38;2;255;254;232;48;2;254;255;232m▀▀[38;2;254;255;228;48;2;253;253;226m▀[38;2;247;206;179;48;2;242;188;164m▀[38;2;253;173;147;48;2;254;171;146m▀[38;2;255;174;147;48;2;254;173;147m▀[38;2;255;175;148;48;2;255;174;147m▀[48;2;255;175;148m▀▀▀▀[48;2;255;174;147m▀[38;2;255;174;147;48;2;255;174;146m▀[38;2;254;173;146;48;2;255;172;146m▀[38;2;252;174;147;48;2;251;176;147m▀[38;2;249;197;146;48;2;245;226;159m▀[38;2;251;245;162;48;2;200;226;130m▀[38;2;188;214;117;48;2;104;173;59m▀[38;2;113;175;61;48;2;161;216;109m▀[38;2;127;185;73;48;2;232;248;155m▀[38;2;186;219;117;48;2;251;253;162m▀[38;2;236;246;153;48;2;250;235;152m▀[38;2;248;241;162;48;2;240;195;138m▀[38;2;232;198;145;48;2;242;169;141m▀[38;2;204;105;91;48;2;210;105;96m▀[38;2;209;99;91;48;2;205;101;94m▀[38;2;208;100;91;48;2;208;100;93m▀[38;2;209;101;97;48;2;209;102;93m▀[38;2;208;102;95;48;2;208;103;92m▀[38;2;219;171;128;48;2;215;168;125m▀[38;2;236;239;153;48;2;243;244;161m▀[38;2;111;172;64;48;2;120;180;73m▀[38;2;210;241;142;48;2;170;205;99m▀[38;2;249;248;175;48;2;243;243;165m▀[38;2;254;253;241;48;2;200;196;167m▀[38;2;253;253;253;48;2;252;251;247m▀[38;2;255;255;255;48;2;254;254;253m▀[38;2;255;255;253;48;2;255;255;252m▀[38;2;255;255;255;48;2;255;255;255m▀▀▀▀[0m
[38;2;255;254;254;48;2;255;255;253m▀[38;2;255;253;248m▀[38;2;254;254;230;48;2;255;254;253m▀[38;2;253;254;207;48;2;255;252;250m▀[38;2;253;253;200;48;2;254;253;236m▀[38;2;243;251;163;48;2;247;253;169m▀[38;2;112;178;67;48;2;139;195;87m▀[38;2;115;180;68;48;2;88;177;59m▀[38;2;220;240;144;48;2;93;172;54m▀[38;2;228;245;150;48;2;98;176;59m▀[38;2;227;241;148;48;2;97;173;56m▀[38;2;251;249;167;48;2;142;195;90m▀[38;2;253;249;191;48;2;217;233;147m▀[38;2;250;252;223;48;2;253;250;179m▀[38;2;252;253;241;48;2;252;249;220m▀[38;2;241;238;239;48;2;159;129;123m▀[38;2;144;98;93;48;2;224;159;143m▀[38;2;244;176;154;48;2;159;112;101m▀[38;2;215;149;131;48;2;171;149;142m▀[38;2;138;95;90;48;2;249;246;245m▀[38;2;190;171;172;48;2;251;253;252m▀[38;2;252;247;247;48;2;253;252;252m▀[38;2;254;254;252;48;2;254;253;254m▀[38;2;254;254;255;48;2;253;251;251m▀[38;2;252;250;252;48;2;173;154;152m▀[38;2;230;225;219;48;2;137;82;75m▀[38;2;131;98;92;48;2;232;162;145m▀[38;2;173;106;93;48;2;252;176;147m▀[38;2;247;170;148;48;2;254;176;146m▀[38;2;253;171;147;48;2;254;173;146m▀[38;2;254;174;147;48;2;255;175;148m▀[38;2;255;174;147;48;2;254;176;148m▀[38;2;254;174;147;48;2;253;176;148m▀[38;2;246;184;157;48;2;254;174;147m▀[38;2;248;206;177;48;2;254;174;146m▀[38;2;248;216;188;48;2;252;175;147m▀[38;2;247;218;192;48;2;253;175;148m▀[38;2;248;219;193;48;2;252;176;150m▀[38;2;247;219;194;48;2;252;176;151m▀[38;2;247;218;192;48;2;253;175;149m▀[38;2;246;207;183;48;2;252;176;148m▀[38;2;247;177;156;48;2;253;176;148m▀[38;2;254;173;149;48;2;254;175;148m▀[38;2;254;173;146;48;2;255;174;147m▀[38;2;255;174;147m▀▀▀[38;2;255;175;148;48;2;254;174;147m▀[38;2;254;173;149;48;2;254;173;149m▀[38;2;254;174;148;48;2;247;171;152m▀[38;2;253;170;146;48;2;179;99;87m▀[38;2;227;137;116;48;2;197;100;94m▀[38;2;209;132;106;48;2;139;54;47m▀[38;2;245;224;161;48;2;214;158;124m▀[38;2;205;225;131;48;2;252;239;161m▀[38;2;103;174;62;48;2;243;249;161m▀[38;2;101;176;63;48;2;193;225;126m▀[38;2;143;197;91;48;2;143;192;88m▀[38;2;194;218;122;48;2;105;171;58m▀[38;2;227;245;150;48;2;102;170;54m▀[38;2;248;250;164;48;2;142;189;83m▀[38;2;249;228;149;48;2;221;239;145m▀[38;2;225;151;115;48;2;250;223;155m▀[38;2;196;105;95;48;2;231;159;125m▀[38;2;204;103;94;48;2;219;167;122m▀[38;2;217;155;118;48;2;251;244;167m▀[38;2;221;175;126;48;2;220;236;146m▀[38;2;225;185;129;48;2;210;229;135m▀[38;2;245;242;160;48;2;216;234;139m▀[38;2;199;233;132;48;2;219;242;142m▀[38;2;114;175;61;48;2;131;194;79m▀[38;2;209;233;136;48;2;128;191;76m▀[38;2;209;200;146;48;2;238;247;164m▀[38;2;114;98;96;48;2;127;94;75m▀[38;2;243;240;237;48;2;102;66;67m▀[38;2;252;254;251;48;2;238;235;232m▀[38;2;255;255;253;48;2;252;255;252m▀[38;2;255;255;255;48;2;255;255;255m▀▀▀[0m
[38;2;252;255;254;48;2;253;255;254m▀[38;2;254;255;255m▀[38;2;255;255;255;48;2;255;255;255m▀[38;2;254;254;254;48;2;254;254;254m▀[38;2;255;254;249;48;2;254;255;253m▀[38;2;249;253;191;48;2;254;254;230m▀[38;2;207;232;125;48;2;252;252;188m▀[38;2;138;194;88;48;2;246;253;171m▀[38;2;169;214;116;48;2;249;251;181m▀[38;2;161;206;105;48;2;252;252;182m▀[38;2;139;201;84;48;2;249;252;172m▀[38;2;102;179;60;48;2;222;242;148m▀[38;2;99;173;56;48;2;109;182;69m▀[38;2;184;218;117;48;2;107;175;64m▀[38;2;246;242;174;48;2;225;239;145m▀[38;2;171;128;104;48;2;201;186;142m▀[38;2;148;101;94;48;2;243;235;234m▀[38;2;220;212;203;48;2;254;253;253m▀[38;2;253;254;247;48;2;255;255;253m▀[38;2;255;255;254;48;2;255;255;255m▀[38;2;254;254;254;48;2;253;253;253m▀[38;2;253;252;254;48;2;225;219;220m▀[38;2;243;242;242;48;2;121;87;82m▀[38;2;137;108;102;48;2;219;153;138m▀[38;2;192;124;107;48;2;252;175;152m▀[38;2;250;174;152;48;2;252;175;150m▀[38;2;252;172;147;48;2;254;173;147m▀[38;2;253;174;146;48;2;254;173;146m▀[38;2;254;175;147;48;2;255;175;148m▀[38;2;255;175;148;48;2;255;174;147m▀▀▀[48;2;255;175;148m▀[38;2;254;174;147;48;2;254;175;148m▀[38;2;255;174;149;48;2;255;175;148m▀[38;2;255;175;149;48;2;254;175;148m▀[48;2;254;175;149m▀[38;2;255;175;151;48;2;255;175;151m▀[38;2;255;174;150;48;2;252;169;147m▀[38;2;254;174;150;48;2;242;154;134m▀[38;2;253;174;147;48;2;239;157;130m▀[38;2;254;174;146;48;2;251;170;144m▀[38;2;255;174;147;48;2;255;172;146m▀[48;2;255;174;147m▀▀[38;2;255;176;146;48;2;255;175;149m▀[38;2;253;176;143;48;2;252;175;147m▀[38;2;253;174;143;48;2;212;139;124m▀[38;2;232;155;134;48;2;172;102;91m▀[38;2;136;69;61;48;2;244;167;146m▀[38;2;151;77;68;48;2;254;174;150m▀[38;2;215;120;108;48;2;253;172;147m▀[38;2;214;127;110;48;2;253;174;148m▀[38;2;249;170;146;48;2;254;174;148m▀[38;2;251;181;147;48;2;253;175;147m▀[38;2;244;202;155;48;2;254;176;147m▀[38;2;248;222;159;48;2;251;176;144m▀[38;2;250;241;166;48;2;245;184;143m▀[38;2;241;247;158;48;2;246;202;145m▀[38;2;210;231;133;48;2;248;224;153m▀[38;2;138;189;81;48;2;229;241;155m▀[38;2;144;197;90;48;2;121;174;66m▀[38;2;249;244;163;48;2;230;245;150m▀[38;2;239;207;140;48;2;252;250;160m▀[38;2;249;244;164;48;2;193;224;123m▀[38;2;181;211;112;48;2;101;171;57m▀[38;2;98;172;56;48;2;183;222;119m▀[38;2;101;172;56;48;2;234;246;155m▀[38;2;106;173;57;48;2;232;248;152m▀[38;2;104;172;56;48;2;211;234;135m▀[38;2;99;172;54;48;2;197;225;126m▀[38;2;101;176;56;48;2;203;231;131m▀[38;2;222;237;147;48;2;246;240;160m▀[38;2;218;175;137;48;2;204;130;100m▀[38;2;98;32;26;48;2;192;100;92m▀[38;2;101;63;64;48;2;100;28;34m▀[38;2;242;237;238;48;2;110;78;84m▀[38;2;253;254;254;48;2;250;247;249m▀[38;2;255;255;255;48;2;254;254;254m▀[48;2;255;255;255m▀[0m
[38;2;253;255;254;48;2;255;255;255m▀[38;2;255;255;255m▀▀▀[38;2;255;255;254m▀[38;2;255;255;251m▀[38;2;255;254;246;48;2;255;254;252m▀[38;2;254;254;243;48;2;255;255;250m▀[38;2;254;254;242;48;2;255;254;245m▀[48;2;255;253;235m▀[38;2;254;254;225;48;2;252;253;206m▀[38;2;248;254;178;48;2;244;252;172m▀[38;2;175;215;116;48;2;159;205;101m▀[38;2;92;173;56;48;2;94;174;58m▀[38;2;195;225;125;48;2;211;238;141m▀[38;2;253;251;199;48;2;251;252;203m▀[38;2;254;254;253;48;2;253;254;253m▀[38;2;254;254;254;48;2;255;253;254m▀[38;2;254;254;253;48;2;254;254;253m▀[38;2;253;253;252;48;2;221;216;212m▀[38;2;218;207;205;48;2;131;86;78m▀[38;2;127;82;76;48;2;243;170;153m▀[38;2;236;164;138;48;2;253;173;147m▀[38;2;253;175;148;48;2;254;175;146m▀[38;2;254;177;149;48;2;255;176;148m▀[38;2;255;176;148;48;2;255;175;148m▀[38;2;254;175;148;48;2;255;174;147m▀[38;2;254;174;149;48;2;248;166;142m▀[38;2;254;173;149;48;2;250;168;144m▀[38;2;255;173;148;48;2;254;173;149m▀[48;2;255;174;149m▀[38;2;255;174;147;48;2;255;174;147m▀[38;2;254;175;145;48;2;255;173;146m▀[48;2;255;172;148m▀[38;2;253;175;149;48;2;244;157;137m▀[38;2;253;174;151;48;2;221;127;111m▀[38;2;245;163;141;48;2;206;106;92m▀[38;2;225;137;118;48;2;206;105;93m▀[38;2;211;119;101;48;2;205;107;92m▀[38;2;211;120;101;48;2;236;148;129m▀[38;2;246;162;139;48;2;255;170;150m▀[38;2;253;171;147;48;2;254;171;147m▀[38;2;255;173;149;48;2;255;173;149m▀[48;2;255;174;149m▀[38;2;254;175;150;48;2;253;175;149m▀[38;2;253;175;149;48;2;211;139;118m▀[38;2;210;138;115;48;2;211;140;119m▀[38;2;206;132;114;48;2;253;176;152m▀[38;2;252;175;155;48;2;255;175;151m▀[38;2;254;174;150;48;2;255;174;147m▀[38;2;254;175;146m▀▀[38;2;255;174;147m▀▀[38;2;255;175;147m▀[38;2;255;175;148m▀[38;2;255;174;147m▀[38;2;254;174;145;48;2;254;174;145m▀[38;2;253;174;140;48;2;253;172;142m▀[38;2;246;190;141;48;2;251;175;136m▀[38;2;246;247;172;48;2;250;232;168m▀[38;2;130;182;81;48;2;188;218;128m▀[38;2;178;218;110;48;2;119;182;69m▀[38;2;237;245;149;48;2;124;186;71m▀[38;2;129;183;72;48;2;141;198;86m▀[38;2;171;212;108;48;2;243;248;158m▀[38;2;247;248;162;48;2;248;210;152m▀[38;2;247;209;148;48;2;251;174;146m▀[38;2;220;181;131;48;2;253;174;153m▀[38;2;187;150;114;48;2;161;83;76m▀[38;2;226;189;139;48;2;175;84;73m▀[48;2;204;104;89m▀[38;2;202;134;105;48;2;209;100;91m▀[38;2;207;100;88;48;2;212;98;92m▀[38;2;207;100;93;48;2;208;100;92m▀[38;2;196;94;87;48;2;206;100;90m▀[38;2;84;21;20;48;2;180;86;78m▀[38;2;148;125;130;48;2;70;13;12m▀[38;2;253;253;252;48;2;202;196;194m▀[38;2;254;254;254;48;2;254;253;254m▀[0m
[38;2;255;255;255;48;2;255;255;255m▀▀[38;2;255;255;254;48;2;255;255;254m▀[38;2;255;255;253;48;2;255;255;253m▀[38;2;255;255;255m▀[38;2;255;254;253;48;2;254;255;244m▀[38;2;254;254;242;48;2;247;252;196m▀[38;2;251;250;211;48;2;228;240;153m▀[38;2;251;250;191;48;2;194;224;127m▀[38;2;249;253;169;48;2;134;194;86m▀[38;2;233;251;159;48;2;101;176;59m▀[38;2;152;201;95;48;2;104;177;61m▀[38;2;97;178;62;48;2;149;196;93m▀[38;2;146;198;91;48;2;232;244;153m▀[38;2;246;251;169;48;2;251;252;165m▀[38;2;254;253;234;48;2;251;254;203m▀[38;2;253;254;253;48;2;252;254;231m▀[38;2;253;253;251;48;2;244;239;233m▀[38;2;232;223;223;48;2;127;87;84m▀[38;2;125;85;73;48;2;236;166;147m▀[38;2;242;169;144;48;2;253;176;148m▀[38;2;254;175;148;48;2;254;174;149m▀[38;2;254;174;148;48;2;254;172;150m▀[38;2;254;174;151;48;2;241;153;135m▀[48;2;216;121;105m▀[38;2;243;160;137;48;2;201;106;89m▀[38;2;215;130;108;48;2;220;130;110m▀[38;2;221;137;113;48;2;253;171;147m▀[38;2;255;173;149;48;2;255;173;149m▀[38;2;255;175;150;48;2;255;173;152m▀[38;2;253;175;150;48;2;248;162;144m▀[38;2;254;174;151;48;2;222;125;111m▀[38;2;242;159;137;48;2;203;103;91m▀[38;2;215;125;107;48;2;205;102;92m▀[38;2;204;105;89;48;2;206;103;91m▀[38;2;205;100;87;48;2;207;101;91m▀[38;2;208;101;90;48;2;206;102;91m▀[38;2;206;103;90;48;2;212;116;100m▀[38;2;225;133;115;48;2;252;168;148m▀[38;2;254;171;149;48;2;254;173;150m▀[38;2;254;172;148;48;2;255;173;149m▀[38;2;255;173;149m▀[38;2;253;173;148;48;2;253;175;149m▀[38;2;252;175;149;48;2;241;169;146m▀[38;2;226;154;130;48;2;195;124;102m▀[38;2;210;138;115;48;2;252;175;149m▀[38;2;253;176;150;48;2;255;175;150m▀[38;2;255;175;150m▀[38;2;254;175;148;48;2;255;174;147m▀[38;2;255;174;147m▀▀▀▀▀▀▀▀▀[38;2;254;174;145;48;2;255;173;147m▀[38;2;253;175;143;48;2;255;174;147m▀[38;2;250;208;157;48;2;247;181;143m▀[38;2;239;247;163;48;2;251;234;167m▀[38;2;121;182;70;48;2;223;240;151m▀[38;2;114;180;65;48;2;216;234;145m▀[38;2;225;242;145;48;2;252;231;165m▀[38;2;247;222;154;48;2;248;181;144m▀[38;2;250;179;145;48;2;254;176;147m▀[38;2;254;176;148;48;2;252;177;144m▀[38;2;252;176;145;48;2;251;179;139m▀[38;2;244;171;144;48;2;249;178;143m▀[38;2;130;58;55;48;2;210;143;123m▀[38;2;200;98;93;48;2;132;62;57m▀[38;2;205;101;91;48;2;201;128;93m▀[38;2;204;103;91;48;2;228;189;139m▀[38;2;207;100;91;48;2;236;205;154m▀[38;2;211;100;89;48;2;216;154;113m▀[38;2;207;104;90;48;2;202;106;84m▀[38;2;136;64;57;48;2;201;99;95m▀[38;2;90;49;49;48;2;91;26;24m▀[38;2;247;242;244;48;2;167;143;146m▀[0m
[38;2;255;255;255;48;2;255;255;255m▀▀▀▀[38;2;255;255;253;48;2;255;255;253m▀[38;2;254;255;238;48;2;254;255;242m▀[38;2;244;251;169;48;2;251;250;194m▀[38;2;167;201;103;48;2;230;240;152m▀[38;2;99;172;58;48;2;206;226;131m▀[38;2;101;176;61;48;2;234;249;157m▀[38;2;134;188;80;48;2;250;253;164m▀[38;2;206;225;129;48;2;235;242;148m▀[38;2;228;238;145;48;2;112;173;60m▀[38;2;248;251;160;48;2;203;226;127m▀[38;2;249;252;159;48;2;209;234;136m▀[38;2;229;235;144;48;2;129;187;74m▀[38;2;247;249;179;48;2;244;250;160m▀[38;2;148;118;101;48;2;210;174;135m▀[38;2;220;147;134;48;2;251;172;151m▀[38;2;253;173;149;48;2;254;168;148m▀[38;2;254;173;148;48;2;227;133;115m▀[38;2;244;160;138;48;2;205;106;90m▀[38;2;215;121;103;48;2;205;102;88m▀[38;2;206;102;88;48;2;207;100;90m▀[38;2;204;102;88;48;2;207;106;92m▀[38;2;209;120;102;48;2;247;161;142m▀[38;2;253;170;148;48;2;254;169;149m▀[38;2;255;173;151;48;2;241;151;134m▀[38;2;252;167;147;48;2;212;114;101m▀[38;2;228;137;122;48;2;208;102;95m▀[38;2;205;105;94;48;2;201;103;93m▀[38;2;201;100;92;48;2;148;66;57m▀[38;2;158;65;58;48;2;182;89;82m▀[38;2;192;87;81;48;2;205;99;94m▀[38;2;204;100;91;48;2;205;100;91m▀[38;2;204;101;90;48;2;204;102;90m▀[38;2;205;104;90;48;2;229;134;118m▀[38;2;244;157;140;48;2;253;169;151m▀[38;2;254;171;151;48;2;201;121;104m▀[38;2;218;139;117;48;2;231;154;139m▀[38;2;210;132;111;48;2;207;137;126m▀[38;2;249;172;150;48;2;96;32;27m▀[38;2;193;121;102;48;2;72;6;5m▀[38;2;131;66;57;48;2;214;141;121m▀[38;2;248;171;148;48;2;255;174;149m▀[38;2;254;175;149;48;2;255;173;149m▀[38;2;254;175;150m▀[38;2;255;173;149m▀[38;2;255;174;147;48;2;255;174;147m▀▀▀▀▀▀▀▀▀▀▀[38;2;255;175;148;48;2;255;175;148m▀[38;2;253;176;144;48;2;255;175;147m▀[38;2;247;186;140;48;2;254;176;145m▀[38;2;250;219;163;48;2;253;176;146m▀[38;2;250;219;167;48;2;254;176;148m▀[38;2;226;161;126;48;2;231;156;129m▀[38;2;252;173;146;48;2;250;174;149m▀[38;2;250;176;146;48;2;243;187;149m▀[38;2;245;213;156;48;2;251;242;173m▀[38;2;253;243;170;48;2;179;208;113m▀[38;2;249;239;163;48;2;183;216;118m▀[38;2;247;219;158;48;2;223;235;142m▀[38;2;179;148;98;48;2;236;247;155m▀[38;2;247;241;159;48;2;183;218;115m▀[38;2;219;235;145;48;2;110;171;59m▀[38;2;207;221;135;48;2;120;175;69m▀[38;2;248;239;164;48;2;247;245;164m▀[38;2;205;125;99;48;2;214;139;113m▀[38;2;210;102;94;48;2;210;102;91m▀[38;2;165;80;78;48;2;207;101;99m▀[38;2;83;34;40;48;2;104;31;35m▀[0m
[38;2;255;255;255;48;2;255;255;255m▀▀▀▀▀[38;2;254;254;251;48;2;255;255;254m▀[38;2;252;254;236;48;2;254;253;254m▀[38;2;252;252;209;48;2;254;253;253m▀[38;2;253;253;201;48;2;255;252;249m▀[38;2;253;253;197;48;2;254;253;214m▀[38;2;249;254;175;48;2;237;250;169m▀[38;2;233;249;153;48;2;143;192;86m▀[38;2;103;179;62;48;2;90;178;56m▀[38;2;176;216;112;48;2;98;178;60m▀[38;2;146;202;94;48;2;82;178;55m▀[38;2;109;180;63;48;2;103;181;62m▀[38;2;242;247;157;48;2;187;212;115m▀[38;2;236;205;146;48;2;247;243;172m▀[38;2;237;157;131;48;2;211;150;113m▀[38;2;212;111;98;48;2;208;97;87m▀[38;2;202;101;87;48;2;208;98;90m▀[38;2;207;102;88;48;2;205;100;89m▀[38;2;207;102;91;48;2;206;102;91m▀[38;2;205;103;91;48;2;213;111;99m▀[38;2;234;138;124;48;2;238;138;123m▀[38;2;251;161;145;48;2;211;111;96m▀[38;2;224;131;114;48;2;202;102;88m▀[38;2;204;105;90;48;2;209;101;91m▀[38;2;207;101;93;48;2;210;99;94m▀[38;2;205;103;96;48;2;165;79;72m▀[38;2;153;63;59;48;2;167;77;71m▀[38;2;181;87;80;48;2;206;102;96m▀[38;2;206;101;94;48;2;208;101;93m▀[38;2;207;99;91;48;2;208;100;90m▀[38;2;204;101;90;48;2;206;102;91m▀[38;2;207;111;97;48;2;229;139;123m▀[38;2;250;166;148;48;2;253;173;152m▀[38;2;208;131;111;48;2;225;154;135m▀[38;2;231;158;140;48;2;117;61;47m▀[38;2;166;99;87;48;2;161;106;88m▀[38;2;101;38;33;48;2;243;187;159m▀[38;2;186;124;117;48;2;216;158;138m▀[38;2;134;65;58;48;2;208;138;120m▀[38;2;248;170;142;48;2;231;152;125m▀[38;2;254;173;147;48;2;254;174;148m▀[38;2;255;173;149;48;2;255;173;150m▀[38;2;254;173;149;48;2;254;173;151m▀[38;2;253;172;148;48;2;241;155;135m▀[38;2;246;165;138;48;2;240;156;131m▀[38;2;254;173;146;48;2;254;173;146m▀[38;2;255;174;147;48;2;255;174;147m▀▀▀▀▀▀[48;2;255;175;148m▀▀[48;2;255;174;147m▀▀[38;2;255;175;148m▀▀[38;2;255;175;147;48;2;255;175;147m▀[38;2;254;175;146;48;2;254;175;146m▀[38;2;252;177;146;48;2;252;177;146m▀[38;2;209;139;118;48;2;178;105;91m▀[38;2;242;193;154;48;2;240;176;145m▀[38;2;250;245;173;48;2;250;229;162m▀[38;2;143;193;89;48;2;184;214;117m▀[38;2;101;180;65;48;2;129;189;81m▀[38;2;106;174;62;48;2;214;242;148m▀[38;2;111;178;64;48;2;192;217;120m▀[38;2;152;197;92;48;2;245;251;159m▀[38;2;172;218;111;48;2;174;214;108m▀[38;2;143;194;85;48;2;141;190;80m▀[38;2;249;248;159;48;2;250;250;159m▀[38;2;200;122;98;48;2;204;132;106m▀[38;2;209;102;93;48;2;207;103;93m▀[38;2;209;102;94;48;2;207;102;93m▀[38;2;167;77;69;48;2;199;104;92m▀[0m
[38;2;255;255;255;48;2;255;255;255m▀▀▀▀▀▀▀[38;2;255;255;253;48;2;255;255;253m▀[38;2;254;253;250;48;2;255;254;254m▀[38;2;251;254;205;48;2;253;253;231m▀[38;2;216;229;140;48;2;249;248;192m▀[38;2;152;198;91;48;2;247;250;165m▀[38;2;91;183;61;48;2;153;205;97m▀[38;2;97;181;61;48;2;103;177;61m▀[38;2;124;191;77;48;2;224;247;151m▀[38;2;127;188;74;48;2;222;242;143m▀[38;2;91;173;54;48;2;111;181;65m▀[38;2;211;231;137;48;2;165;201;99m▀[38;2;244;221;158;48;2;251;235;165m▀[38;2;203;106;92;48;2;202;107;91m▀[38;2;205;101;91;48;2;204;101;91m▀[38;2;208;101;91;48;2;207;101;91m▀[48;2;207;100;90m▀[38;2;216;112;101;48;2;208;101;91m▀[38;2;207;105;93;48;2;207;100;90m▀[38;2;203;102;90;48;2;208;101;91m▀[38;2;205;103;91;48;2;206;102;92m▀[38;2;206;103;92;48;2;199;104;95m▀[38;2;193;93;88;48;2;145;57;54m▀[38;2;150;61;58;48;2;198;97;91m▀[38;2;204;102;97;48;2;208;101;94m▀[38;2;207;99;91;48;2;205;96;89m▀[38;2;207;101;92;48;2;197;91;84m▀[38;2;207;100;90;48;2;204;99;93m▀[38;2;211;107;96;48;2;218;130;117m▀[38;2;249;166;147;48;2;171;102;91m▀[38;2;205;134;116;48;2;154;93;81m▀[38;2;124;58;49;48;2;247;187;160m▀[38;2;220;164;135;48;2;250;196;161m▀[38;2;251;195;159;48;2;247;198;161m▀[38;2;251;193;158;48;2;229;180;150m▀[38;2;188;124;108;48;2;204;133;119m▀[38;2;250;174;154;48;2;254;175;153m▀[38;2;254;174;147;48;2;254;175;148m▀[38;2;255;175;149;48;2;255;175;149m▀[38;2;255;174;151;48;2;255;173;150m▀[38;2;252;168;148;48;2;233;143;125m▀[38;2;215;123;104;48;2;209;111;94m▀[38;2;243;160;136;48;2;252;167;146m▀[38;2;255;174;147;48;2;255;174;148m▀[48;2;255;174;147m▀▀▀▀[48;2;254;174;147m▀[38;2;255;175;148;48;2;255;175;148m▀[38;2;254;175;149;48;2;253;175;148m▀[48;2;218;147;124m▀[38;2;254;175;148;48;2;241;166;141m▀[38;2;254;174;146;48;2;253;173;146m▀[38;2;255;174;147;48;2;255;175;148m▀[48;2;255;174;147m▀[38;2;255;173;149m▀[48;2;255;175;150m▀[38;2;251;174;147;48;2;253;173;149m▀[38;2;212;139;123;48;2;241;168;145m▀[38;2;204;144;116;48;2;193;163;115m▀[38;2;249;230;157;48;2;235;245;153m▀[38;2;213;236;139;48;2;121;181;67m▀[38;2;99;174;57;48;2;154;201;95m▀[38;2;213;229;134;48;2;240;253;159m▀[38;2;248;242;154;48;2;252;244;157m▀[38;2;245;241;152;48;2;243;239;150m▀[38;2;188;220;120;48;2;248;251;160m▀[38;2;114;175;63;48;2;170;212;108m▀[38;2;205;230;133;48;2;99;177;59m▀[38;2;248;239;167;48;2;187;214;112m▀[38;2;217;161;121;48;2;242;225;156m▀[38;2;204;105;92;48;2;202;110;93m▀[38;2;202;106;96;48;2;206;105;96m▀[0m
[38;2;255;255;255;48;2;255;255;255m▀▀▀▀▀▀[48;2;255;255;254m▀▀[38;2;255;255;254;48;2;254;254;254m▀[38;2;254;254;252m▀[38;2;254;255;241;48;2;254;255;252m▀[38;2;252;249;192;48;2;254;252;208m▀[38;2;194;224;124;48;2;213;236;143m▀[38;2;101;174;58;48;2;99;170;54m▀[38;2;215;242;144;48;2;190;220;119m▀[38;2;229;239;145;48;2;234;240;147m▀[38;2;99;170;55;48;2;168;202;102m▀[38;2;170;209;110;48;2;227;236;150m▀[38;2;245;230;160;48;2;221;183;123m▀[38;2;192;109;88;48;2;203;100;86m▀[38;2;204;102;90;48;2;203;100;91m▀[38;2;205;103;91;48;2;202;102;92m▀[48;2;205;102;93m▀[38;2;208;100;90;48;2;209;100;93m▀[38;2;208;101;92;48;2;208;101;93m▀[38;2;208;99;92;48;2;207;101;95m▀[38;2;205;102;93;48;2;202;100;96m▀[38;2;169;77;71;48;2;148;58;54m▀[38;2;178;81;76;48;2;201;101;93m▀[38;2;204;101;92;48;2;203;100;92m▀[38;2;207;101;92;48;2;204;101;93m▀[38;2;204;98;94;48;2;202;96;93m▀[38;2;177;72;69;48;2;168;69;68m▀[38;2;202;100;99;48;2;98;29;27m▀[38;2;142;70;65;48;2;156;118;107m▀[38;2;184;133;118;48;2;252;237;219m▀[38;2;246;205;180;48;2;253;249;224m▀[38;2;251;220;192;48;2;254;249;228m▀[38;2;250;236;215;48;2;254;248;229m▀[38;2;254;247;225;48;2;253;245;228m▀[38;2;190;163;140;48;2;183;134;120m▀[38;2;246;171;150;48;2;252;173;150m▀[38;2;252;174;148;48;2;252;173;148m▀[38;2;254;175;147;48;2;254;174;146m▀[38;2;254;174;148;48;2;254;173;148m▀[38;2;251;167;147;48;2;226;134;116m▀[38;2;206;112;96;48;2;203;103;88m▀[38;2;209;115;97;48;2;214;123;107m▀[38;2;253;171;148;48;2;255;172;150m▀[38;2;255;174;148;48;2;255;174;148m▀[38;2;255;174;147;48;2;255;173;148m▀[48;2;255;173;149m▀▀[38;2;255;175;147;48;2;255;174;149m▀[38;2;254;176;148;48;2;253;175;147m▀[38;2;253;175;149;48;2;247;173;150m▀[38;2;237;162;142;48;2;148;79;71m▀[38;2;127;61;52;48;2;227;152;133m▀[38;2;244;167;144;48;2;252;172;146m▀[38;2;253;172;145;48;2;252;172;145m▀[38;2;253;174;146;48;2;253;174;148m▀[38;2;253;175;150;48;2;242;167;145m▀[38;2;254;175;150;48;2;233;158;135m▀[38;2;254;175;146;48;2;254;176;147m▀[38;2;254;175;149;48;2;255;175;148m▀[38;2;249;178;148;48;2;252;178;147m▀[38;2;230;205;143;48;2;199;158;120m▀[38;2;202;219;121;48;2;250;245;172m▀[38;2;106;177;60;48;2;219;238;144m▀[38;2;134;193;82;48;2;198;226;129m▀[38;2;143;194;85;48;2;183;215;115m▀[38;2;185;217;117;48;2;146;194;88m▀[38;2;242;247;156;48;2;207;237;140m▀[38;2;183;207;107;48;2;137;179;75m▀[38;2;134;179;73;48;2;237;245;153m▀[38;2;138;186;79;48;2;248;249;163m▀[38;2;202;219;124;48;2;241;219;156m▀[38;2;245;226;163;48;2;210;145;116m▀[38;2;205;110;96;48;2;205;104;94m▀[38;2;210;104;97;48;2;209;104;97m▀[0m
[38;2;255;255;255;48;2;255;255;255m▀▀▀▀[48;2;254;255;254m▀[38;2;255;255;254;48;2;255;254;248m▀[38;2;255;255;253;48;2;254;253;234m▀[38;2;254;255;253;48;2;253;253;228m▀[38;2;255;254;253;48;2;254;254;223m▀[38;2;255;254;254;48;2;254;255;219m▀[38;2;254;255;252;48;2;254;255;220m▀[38;2;253;253;218;48;2;252;254;209m▀[38;2;238;250;161;48;2;248;252;171m▀[38;2;126;175;69;48;2;241;243;164m▀[38;2;177;207;106;48;2;244;248;172m▀[38;2;249;241;157;48;2;224;185;132m▀[38;2;248;233;156;48;2;199;107;76m▀[38;2;246;224;159;48;2;203;105;85m▀[38;2;204;127;105;48;2;206;103;95m▀[38;2;208;97;89;48;2;199;97;89m▀[38;2;203;100;91;48;2;160;68;62m▀[38;2;202;102;92;48;2;201;103;93m▀[38;2;203;102;93;48;2;203;102;94m▀[38;2;205;102;94;48;2;204;101;94m▀[38;2;208;101;93;48;2;207;101;93m▀[38;2;206;101;95;48;2;203;102;97m▀[38;2;170;71;68;48;2;151;59;56m▀[38;2;183;87;82;48;2;200;99;95m▀[38;2;201;101;96;48;2;186;84;80m▀[38;2;203;101;95;48;2;188;85;81m▀[38;2;186;86;81;48;2;156;61;55m▀[38;2;157;61;61;48;2;97;37;32m▀[38;2;87;22;20;48;2;141;102;101m▀[38;2;62;3;3;48;2;166;128;128m▀[38;2;59;15;13;48;2;117;84;80m▀[38;2;126;103;94;48;2;64;17;18m▀[38;2;244;246;227;48;2;150;121;116m▀[38;2;247;251;230;48;2;250;250;233m▀[38;2;251;250;230;48;2;250;251;231m▀[38;2;232;221;205;48;2;193;178;161m▀[38;2;198;135;124;48;2;232;164;145m▀[38;2;254;173;150;48;2;254;173;148m▀[38;2;255;174;149;48;2;255;173;148m▀[38;2;255;174;148;48;2;255;172;148m▀[38;2;248;166;142;48;2;226;137;118m▀[38;2;205;106;90;48;2;204;99;87m▀[38;2;203;101;87;48;2;205;100;89m▀[38;2;223;134;116;48;2;234;147;130m▀[38;2;255;173;151;48;2;255;173;151m▀[38;2;255;173;149;48;2;254;172;148m▀[38;2;254;173;149;48;2;211;129;108m▀[38;2;225;145;122;48;2;226;146;125m▀[38;2;199;120;97;48;2;252;172;151m▀[38;2;201;119;96;48;2;254;174;154m▀[38;2;207;127;105;48;2;169;100;92m▀[38;2;155;85;75;48;2;67;8;8m▀[38;2;164;96;89;48;2;224;152;141m▀[38;2;252;174;148;48;2;254;175;149m▀[38;2;254;173;145;48;2;254;174;148m▀[48;2;255;174;148m▀[38;2;253;174;149;48;2;237;163;142m▀[38;2;184;113;98;48;2;163;95;84m▀[38;2;220;145;125;48;2;251;175;150m▀[38;2;254;175;150;48;2;254;176;151m▀[38;2;255;176;149;48;2;255;176;151m▀[38;2;254;177;151;48;2;254;176;153m▀[38;2;156;92;77;48;2;150;76;67m▀[38;2;242;194;156;48;2;244;165;144m▀[38;2;248;212;150;48;2;253;176;142m▀[38;2;250;218;153;48;2;252;176;143m▀[38;2;249;237;160;48;2;241;196;151m▀[38;2;214;231;139;48;2;248;246;162m▀[38;2;126;187;77;48;2;151;190;84m▀[38;2;154;199;96;48;2;193;220;121m▀[38;2;245;238;157;48;2;240;217;152m▀[38;2;199;132;85;48;2;197;109;85m▀[38;2;198;105;83;48;2;205;101;88m▀[38;2;200;103;89;48;2;203;102;90m▀[38;2;205;101;92;48;2;204;100;91m▀[38;2;207;103;96;48;2;206;103;96m▀[0m
[38;2;255;255;255;48;2;255;255;255m▀▀▀[38;2;254;254;254;48;2;254;255;249m▀[38;2;254;254;241;48;2;250;252;199m▀[38;2;252;251;206;48;2;230;241;154m▀[38;2;249;252;170;48;2;147;194;90m▀[38;2;243;247;161;48;2;104;179;63m▀[38;2;239;247;162;48;2;96;177;59m▀[38;2;237;248;159;48;2;93;174;56m▀[38;2;235;247;161;48;2;99;170;58m▀[38;2;245;252;171;48;2;157;196;95m▀[38;2;203;192;131;48;2;244;244;159m▀[38;2;199;146;116;48;2;215;166;119m▀[38;2;209;135;111;48;2;201;102;86m▀[38;2;195;109;88;48;2;205;102;90m▀[38;2;205;102;91;48;2;208;100;93m▀[38;2;208;101;97;48;2;206;100;103m▀[38;2;201;102;101;48;2;126;49;51m▀[38;2;117;35;34;48;2;89;21;19m▀[38;2;172;84;77;48;2;203;103;96m▀[38;2;204;100;95;48;2;212;98;93m▀[38;2;205;101;94;48;2;207;101;92m▀[38;2;206;100;91;48;2;206;101;92m▀[38;2;207;100;92;48;2;207;101;93m▀[38;2;180;85;81;48;2;151;63;59m▀[38;2;166;74;69;48;2;195;100;93m▀[38;2;204;100;95;48;2;203;100;94m▀[38;2;201;96;92;48;2;203;99;96m▀[38;2;164;75;66;48;2;129;43;40m▀[38;2;111;47;42;48;2;183;138;140m▀[38;2;200;168;169;48;2;217;202;209m▀[38;2;217;200;203;48;2;230;231;233m▀[38;2;215;201;202;48;2;247;248;248m▀[38;2;217;202;200;48;2;253;253;251m▀[38;2;150;114;116;48;2;246;236;235m▀[38;2;59;10;12;48;2;121;91;90m▀[38;2;163;139;135;48;2;80;32;34m▀[38;2;253;246;231;48;2;152;127;120m▀[38;2;182;155;136;48;2;173;129;111m▀[38;2;249;175;151;48;2;254;175;150m▀[38;2;254;175;149;48;2;255;175;149m▀[38;2;254;174;147;48;2;255;173;148m▀[38;2;250;167;146;48;2;230;141;126m▀[38;2;204;108;94;48;2;201;103;92m▀[38;2;205;100;89;48;2;206;101;93m▀[38;2;202;102;90;48;2;208;110;97m▀[38;2;244;160;142;48;2;253;170;150m▀[38;2;255;174;151;48;2;255;174;151m▀[38;2;255;173;149;48;2;255;173;149m▀[38;2;254;173;148;48;2;255;175;151m▀[38;2;253;173;149;48;2;252;175;151m▀[38;2;253;175;151;48;2;187;123;101m▀[38;2;192;121;104;48;2;196;137;112m▀[38;2;177;115;105;48;2;224;166;143m▀[38;2;159;99;88;48;2;199;135;114m▀[38;2;203;129;111;48;2;216;140;116m▀[38;2;254;174;148;48;2;242;163;137m▀[38;2;254;175;152;48;2;252;173;148m▀[38;2;250;175;152;48;2;189;117;105m▀[38;2;144;78;68;48;2;80;17;15m▀[38;2;236;162;147;48;2;247;171;153m▀[38;2;253;176;151;48;2;254;174;149m▀[38;2;255;176;150;48;2;254;172;149m▀[38;2;255;175;151;48;2;255;173;149m▀[38;2;254;174;152;48;2;250;168;147m▀[38;2;148;68;60;48;2;146;63;56m▀[38;2;233;149;129;48;2;221;134;118m▀[38;2;255;175;146;48;2;255;174;148m▀[38;2;255;175;148;48;2;255;175;149m▀[38;2;249;180;147;48;2;254;176;148m▀[38;2;247;215;146;48;2;251;177;146m▀[38;2;252;243;162;48;2;215;142;115m▀[38;2;253;242;164;48;2;198;123;98m▀[38;2;176;139;99;48;2;126;49;46m▀[38;2;200;106;93;48;2;203;101;97m▀[38;2;206;101;90;48;2;203;101;90m▀[38;2;204;102;90;48;2;203;102;90m▀[38;2;204;100;91;48;2;204;100;91m▀[38;2;209;102;98;48;2;209;102;98m▀[0m
[38;2;255;255;255;48;2;255;255;255m▀▀[38;2;255;255;254;48;2;255;255;254m▀[38;2;254;255;246;48;2;254;255;252m▀[38;2;247;250;184;48;2;252;253;220m▀[38;2;203;222;125;48;2;250;249;183m▀[38;2;129;185;74;48;2;249;251;169m▀[38;2;128;188;77;48;2;248;252;159m▀[38;2;147;200;91;48;2;238;253;158m▀[38;2;148;203;95;48;2;162;214;107m▀[38;2;101;183;65;48;2;98;176;59m▀[38;2;103;173;59;48;2;158;198;95m▀[38;2;226;241;151;48;2;246;243;162m▀[38;2;220;173;126;48;2;209;141;101m▀[38;2;204;99;88;48;2;209;101;95m▀[38;2;208;99;89;48;2;209;99;94m▀[38;2;210;100;95;48;2;182;91;87m▀[38;2;144;71;72;48;2;93;48;47m▀[38;2;60;3;3;48;2;174;142;143m▀[38;2;133;57;51;48;2;178;82;83m▀[38;2;203;101;90;48;2;204;101;89m▀[38;2;205;100;91;48;2;204;102;90m▀[38;2;203;100;92;48;2;204;101;90m▀[38;2;204;99;95;48;2;205;99;95m▀[38;2;204;100;95;48;2;189;89;86m▀[38;2;144;58;54;48;2;153;65;61m▀[38;2;200;102;96;48;2;202;101;95m▀[38;2;201;101;98;48;2;190;98;94m▀[38;2;169;77;75;48;2;142;71;68m▀[38;2;107;30;30;48;2;147;85;85m▀[38;2;225;198;197;48;2;250;238;235m▀[38;2;247;245;245;48;2;254;254;251m▀[38;2;253;255;254;48;2;255;255;255m▀[38;2;255;255;255m▀[38;2;253;254;252;48;2;252;249;249m▀[38;2;253;254;249;48;2;181;164;164m▀[38;2;234;229;224;48;2;146;123;121m▀[38;2;77;36;38;48;2;152;126;124m▀[38;2;203;183;173;48;2;140;116;108m▀[38;2;143;87;72;48;2;188;128;113m▀[38;2;249;169;145;48;2;254;173;149m▀[38;2;254;175;150m▀[38;2;253;171;150;48;2;240;154;137m▀[38;2;189;98;87;48;2;162;71;65m▀[38;2;189;91;81;48;2;197;99;89m▀[38;2;206;102;91;48;2;204;102;91m▀[38;2;220;122;109;48;2;231;139;121m▀[38;2;254;171;150;48;2;253;171;147m▀[38;2;253;173;150;48;2;253;174;148m▀[38;2;255;175;151;48;2;254;174;152m▀[38;2;251;176;152;48;2;181;113;97m▀[38;2;181;121;99;48;2;197;145;121m▀[38;2;194;137;116;48;2;244;201;165m▀[38;2;253;195;163;48;2;232;188;166m▀[38;2;177;120;100;48;2;182;123;109m▀[38;2;246;173;146;48;2;252;175;148m▀[38;2;242;165;141;48;2;253;173;149m▀[38;2;216;140;117;48;2;240;165;147m▀[38;2;226;157;133;48;2;137;86;73m▀[38;2;137;74;67;48;2;238;192;166m▀[38;2;164;105;97;48;2;195;143;131m▀[38;2;234;160;144;48;2;215;142;127m▀[38;2;254;174;147;48;2;254;174;146m▀[38;2;255;173;149;48;2;254;173;147m▀[48;2;255;173;148m▀[38;2;247;162;142;48;2;237;152;135m▀[38;2;144;63;55;48;2;140;59;55m▀[38;2;208;119;103;48;2;203;110;95m▀[38;2;254;174;149;48;2;253;169;146m▀[38;2;254;175;148;48;2;254;174;149m▀[38;2;254;176;151;48;2;255;175;152m▀[38;2;253;168;149;48;2;244;157;138m▀[38;2;202;107;94;48;2;201;105;89m▀[38;2;200;102;95;48;2;201;101;92m▀[38;2;134;47;44;48;2;135;50;43m▀[38;2;201;101;96;48;2;201;100;94m▀[38;2;204;101;91;48;2;203;100;92m▀[38;2;204;100;91;48;2;204;100;91m▀[48;2;204;99;92m▀[38;2;208;102;97;48;2;206;103;96m▀[0m
[38;2;255;255;255;48;2;255;255;255m▀▀▀[38;2;255;255;253;48;2;255;255;253m▀[38;2;254;255;252;48;2;254;254;254m▀[38;2;254;254;227;48;2;254;254;226m▀[38;2;252;253;189;48;2;242;250;168m▀[38;2;246;252;163;48;2;156;201;100m▀[38;2;171;209;106;48;2;91;175;57m▀[38;2;90;175;56;48;2;119;190;75m▀[38;2;118;187;72;48;2;226;245;149m▀[38;2;232;245;155;48;2;251;248;161m▀[38;2;227;180;126;48;2;206;157;102m▀[38;2;205;102;90;48;2;206;104;87m▀[38;2;210;99;99;48;2;209;101;100m▀[38;2;204;99;106;48;2;141;72;73m▀[38;2;124;76;73;48;2;213;202;195m▀[38;2;234;226;219;48;2;254;251;247m▀[38;2;181;153;153;48;2;167;131;132m▀[38;2;196;96;98;48;2;201;101;100m▀[38;2;205;101;89;48;2;204;102;90m▀[38;2;204;102;90;48;2;204;100;91m▀[38;2;204;100;92;48;2;203;100;92m▀[38;2;202;101;95;48;2;190;93;88m▀[38;2;132;53;47;48;2;128;51;46m▀[38;2;169;77;73;48;2;182;90;86m▀[38;2;203;100;95;48;2;169;83;78m▀[38;2;147;82;80;48;2;97;51;49m▀[38;2;199;163;151;48;2;202;170;160m▀[38;2;173;137;131;48;2;202;172;166m▀[38;2;254;253;251;48;2;254;253;254m▀[38;2;254;254;255;48;2;254;255;255m▀[38;2;254;253;254;48;2;251;254;254m▀[38;2;253;252;252;48;2;202;189;187m▀[38;2;156;134;135;48;2;110;68;65m▀[38;2;72;20;19;48;2;123;53;64m▀[38;2;81;22;27;48;2;159;77;95m▀[38;2;103;65;65;48;2;84;25;34m▀[38;2;92;56;51;48;2;71;22;21m▀[38;2;189;128;113;48;2;182;117;103m▀[38;2;255;174;149;48;2;254;174;149m▀[38;2;254;174;150;48;2;251;168;146m▀[38;2;220;130;116;48;2;201;109;96m▀[38;2;160;68;63;48;2;160;67;64m▀[38;2;202;102;95;48;2;204;102;96m▀[38;2;203;105;91;48;2;207;114;99m▀[38;2;246;160;139;48;2;253;171;147m▀[38;2;252;174;146;48;2;244;172;146m▀[38;2;249;175;148;48;2;152;114;94m▀[38;2;167;110;94;48;2;224;208;196m▀[38;2;200;172;151;48;2;253;248;233m▀[38;2;251;228;202;48;2;253;249;234m▀[38;2;253;246;214;48;2;239;233;217m▀[38;2;173;146;134;48;2;174;118;106m▀[38;2;239;165;141;48;2;254;174;148m▀[38;2;253;173;145;48;2;253;174;149m▀[38;2;248;175;149;48;2;181;118;106m▀[38;2;153;102;90;48;2;189;173;162m▀[38;2;220;200;183;48;2;253;251;230m▀[38;2;254;245;225;48;2;253;253;229m▀[38;2;220;199;185;48;2;244;237;220m▀[38;2;188;124;110;48;2;163;115;99m▀[38;2;253;174;145;48;2;254;175;149m▀[38;2;254;173;144;48;2;254;174;145m▀[38;2;254;173;148;48;2;254;172;149m▀[38;2;222;136;124;48;2;199;110;103m▀[38;2;144;56;53;48;2;156;64;62m▀[38;2;204;105;92;48;2;203;101;90m▀[38;2;244;160;136;48;2;236;149;127m▀[38;2;255;173;149;48;2;254;172;148m▀[38;2;254;174;151;48;2;254;173;151m▀[38;2;233;141;123;48;2;217;118;104m▀[38;2;204;103;90;48;2;204;101;90m▀[38;2;202;103;93;48;2;203;102;94m▀[38;2;135;49;44;48;2;133;45;42m▀[38;2;201;101;94;48;2;202;101;95m▀[38;2;203;100;91;48;2;203;100;91m▀[38;2;204;101;91;48;2;204;101;91m▀[38;2;204;102;90;48;2;204;102;89m▀[38;2;207;104;94;48;2;207;105;93m▀[0m
[38;2;255;255;255;48;2;255;255;255m▀▀▀[38;2;255;255;254;48;2;255;255;252m▀[38;2;254;255;254;48;2;254;255;252m▀[38;2;254;253;227;48;2;254;254;243m▀[38;2;237;247;157;48;2;251;250;194m▀[38;2;127;183;72;48;2;240;248;160m▀[38;2;92;174;55;48;2;220;242;146m▀[38;2;93;175;56;48;2;193;221;122m▀[38;2;129;193;80;48;2;135;187;81m▀[38;2;187;219;118;48;2;93;178;59m▀[38;2;246;244;168;48;2;176;216;120m▀[38;2;219;166;130;48;2;243;236;175m▀[38;2;185;97;89;48;2;138;99;78m▀[38;2;154;117;113;48;2;232;228;221m▀[38;2;254;254;246;48;2;253;255;250m▀[38;2;254;252;249;48;2;254;253;251m▀[38;2;157;118;118;48;2;158;118;120m▀[38;2;204;101;99;48;2;203;99;98m▀[38;2;204;101;91;48;2;204;100;91m▀[38;2;205;99;91;48;2;205;100;93m▀[38;2;204;100;94;48;2;204;101;97m▀[38;2;160;70;65;48;2;157;70;65m▀[38;2;155;74;68;48;2;161;76;73m▀[38;2;185;95;93;48;2;159;74;72m▀[38;2;119;43;40;48;2;152;72;69m▀[38;2;71;24;21;48;2;67;15;13m▀[38;2;210;184;173;48;2;207;186;175m▀[38;2;218;190;190;48;2;217;195;196m▀[38;2;255;253;255;48;2;254;254;255m▀[38;2;254;254;254;48;2;254;254;254m▀[38;2;251;251;252;48;2;245;244;245m▀[38;2;157;130;128;48;2;164;138;137m▀[38;2;84;30;30;48;2;120;67;68m▀[38;2;159;74;98;48;2;159;74;100m▀[38;2;166;72;101;48;2;165;72;106m▀[38;2;129;54;72;48;2;147;66;92m▀[38;2;63;10;10;48;2;98;60;59m▀[38;2;167;100;88;48;2;152;103;87m▀[38;2;254;174;150;48;2;252;174;153m▀[38;2;236;148;128;48;2;221;129;112m▀[38;2;191;99;86;48;2;176;82;72m▀[38;2;169;75;73;48;2;184;87;86m▀[38;2;205;99;96;48;2;205;98;100m▀[38;2;226;135;122;48;2;219;139;134m▀[38;2;236;165;145;48;2;158;123;110m▀[38;2;150;116;98;48;2;245;240;226m▀[38;2;234;227;211;48;2;254;250;235m▀[38;2;254;250;234;48;2;254;251;234m▀[38;2;254;249;231;48;2;254;250;231m▀[38;2;254;250;231;48;2;238;230;209m▀[38;2;170;152;137;48;2;172;120;110m▀[38;2;233;160;141;48;2;253;175;156m▀[38;2;251;173;146;48;2;203;139;126m▀[38;2;198;137;122;48;2;152;119;114m▀[38;2;166;138;130;48;2;251;247;231m▀[38;2;252;249;232;48;2;253;250;231m▀[38;2;254;252;231;48;2;255;250;232m▀[38;2;255;251;229;48;2;255;251;231m▀[38;2;254;249;229;48;2;252;252;229m▀[38;2;157;119;104;48;2;165;139;123m▀[38;2;253;175;153;48;2;245;169;152m▀[38;2;254;175;148;48;2;253;175;148m▀[38;2;247;162;141;48;2;226;138;121m▀[38;2;176;87;81;48;2;157;66;63m▀[38;2;169;75;72;48;2;190;93;89m▀[38;2;204;101;90;48;2;204;101;90m▀[38;2;230;139;119;48;2;227;131;115m▀[38;2;253;172;149;48;2;252;167;146m▀[38;2;246;164;143;48;2;226;136;119m▀[38;2;204;104;90;48;2;205;100;89m▀[38;2;205;100;91;48;2;205;98;93m▀[38;2;204;101;94;48;2;205;100;96m▀[38;2;134;46;44;48;2;134;46;46m▀[38;2;201;100;92;48;2;202;101;92m▀[38;2;204;101;90;48;2;204;102;90m▀[38;2;204;102;90m▀▀[38;2;207;105;93;48;2;207;105;93m▀[0m
[38;2;255;255;255;48;2;255;255;255m▀▀▀▀[38;2;255;255;253;48;2;255;255;254m▀[38;2;254;254;253;48;2;255;253;249m▀[38;2;254;253;244;48;2;254;251;228m▀[38;2;255;252;217;48;2;252;252;204m▀[38;2;254;254;187;48;2;250;252;182m▀[38;2;253;253;166;48;2;250;252;165m▀[38;2;241;249;162;48;2;223;236;147m▀[38;2;133;195;88;48;2;122;185;77m▀[38;2;100;171;57;48;2;110;180;66m▀[38;2;226;236;147;48;2;236;248;155m▀[38;2;228;227;188;48;2;252;253;219m▀[38;2;254;254;248;48;2;254;254;253m▀[38;2;254;254;254;48;2;255;255;255m▀[38;2;254;252;254;48;2;254;253;254m▀[38;2;168;131;133;48;2;180;161;159m▀[38;2;199;100;100;48;2;182;96;94m▀[38;2;204;100;91;48;2;204;101;93m▀[38;2;204;100;93;48;2;204;101;94m▀[38;2;185;88;84;48;2;165;73;68m▀[38;2;176;80;76;48;2;202;99;98m▀[38;2;165;77;75;48;2;177;88;84m▀[38;2;123;42;38;48;2;126;44;39m▀[38;2;191;100;98;48;2;201;102;98m▀[38;2;70;15;13;48;2;89;24;24m▀[38;2;218;202;189;48;2;210;196;183m▀[38;2;219;209;205;48;2;253;251;245m▀[38;2;253;254;254;48;2;254;253;253m▀[38;2;254;254;252;48;2;254;254;253m▀[48;2;245;244;241m▀[38;2;254;253;248;48;2;254;253;243m▀[38;2;234;219;223;48;2;236;217;219m▀[38;2;162;82;108;48;2;181;103;126m▀[38;2;167;79;107;48;2;181;100;107m▀[38;2;158;78;99;48;2;174;98;102m▀[38;2;122;84;83;48;2;124;87;83m▀[38;2;169;136;128;48;2;207;179;172m▀[38;2;223;141;129;48;2;177;92;84m▀[38;2;208;111;100;48;2;203;102;95m▀[38;2;166;71;65;48;2;155;68;63m▀[38;2;202;92;98;48;2;149;78;78m▀[38;2;171;87;88;48;2;192;165;154m▀[38;2;172;146;130;48;2;253;247;228m▀[38;2;250;248;225;48;2;252;251;230m▀[38;2;254;253;233;48;2;254;251;232m▀[38;2;254;253;234;48;2;255;251;233m▀[38;2;254;251;234;48;2;254;251;235m▀[38;2;252;249;231;48;2;224;212;199m▀[38;2;167;140;124;48;2;172;121;114m▀[38;2;232;171;152;48;2;158;103;97m▀[38;2;197;136;118;48;2;152;131;120m▀[38;2;150;114;106;48;2;250;249;229m▀[38;2;250;245;230;48;2;251;250;232m▀[38;2;252;250;232;48;2;255;251;232m▀[38;2;255;250;232m▀[38;2;255;251;232m▀[38;2;254;251;232;48;2;254;251;232m▀[38;2;253;253;231m▀[38;2;200;185;169;48;2;243;234;218m▀[38;2;210;138;124;48;2;166;111;99m▀[38;2;251;170;146;48;2;236;142;126m▀[38;2;204;113;99;48;2;198;102;93m▀[38;2;143;56;53;48;2;143;58;57m▀[38;2;201;101;96;48;2;203;102;96m▀[38;2;202;101;91;48;2;204;99;91m▀[38;2;220;123;107;48;2;215;114;100m▀[38;2;249;154;137;48;2;228;127;113m▀[38;2;210;111;97;48;2;206;102;90m▀[38;2;205;99;93;48;2;207;101;92m▀[38;2;204;99;94;48;2;205;100;94m▀[38;2;202;100;96;48;2;197;97;92m▀[38;2;137;49;48;48;2;136;50;49m▀[38;2;204;103;94;48;2;204;102;94m▀[38;2;204;102;90;48;2;204;102;90m▀▀▀[38;2;207;105;93;48;2;207;105;93m▀[0m
[38;2;255;255;255;48;2;255;255;255m▀▀▀[38;2;255;255;254m▀[48;2;254;255;250m▀[38;2;254;254;230;48;2;250;254;207m▀[38;2;251;251;183;48;2;221;235;153m▀[38;2;212;229;135;48;2;114;170;59m▀[38;2;175;218;110;48;2;99;174;54m▀[38;2;133;194;84;48;2;129;188;77m▀[38;2;92;177;62;48;2;179;213;115m▀[38;2;105;174;64;48;2;226;239;151m▀[38;2;208;231;134;48;2;243;235;159m▀[38;2;248;248;184;48;2;222;217;188m▀[38;2;254;254;247;48;2;254;255;254m▀[38;2;253;255;253;48;2;254;255;255m▀[38;2;254;255;255;48;2;255;255;255m▀[38;2;255;254;254m▀[38;2;215;203;200;48;2;247;243;240m▀[38;2;161;81;77;48;2;142;79;76m▀[38;2;204;100;92;48;2;201;101;95m▀[38;2;203;102;94;48;2;201;102;96m▀[38;2;160;68;63;48;2;160;72;66m▀[38;2;205;100;99;48;2;210;100;98m▀[38;2;189;98;94;48;2;205;100;97m▀[38;2;144;57;53;48;2;193;92;87m▀[38;2;207;102;98;48;2;209;102;96m▀[38;2;108;35;36;48;2;117;44;42m▀[38;2;196;183;171;48;2;189;175;166m▀[38;2;254;250;243;48;2;255;249;239m▀[38;2;255;251;252;48;2;254;251;246m▀[38;2;255;253;255;48;2;254;252;252m▀[38;2;188;179;178;48;2;190;179;177m▀[38;2;126;78;79;48;2;109;60;58m▀[38;2;198;123;137;48;2;211;134;141m▀[38;2;196;115;129;48;2;211;133;142m▀[38;2;235;193;163;48;2;218;146;139m▀[38;2;202;159;129;48;2;182;117;108m▀[38;2;128;93;86;48;2;94;32;32m▀[38;2;151;104;98;48;2;180;101;101m▀[38;2;153;72;65;48;2;132;52;50m▀[38;2;204;103;97;48;2;201;103;104m▀[38;2;135;75;67;48;2;159;107;99m▀[38;2;217;207;190;48;2;254;246;230m▀[38;2;255;251;232;48;2;255;250;234m▀▀[38;2;255;251;233;48;2;254;251;234m▀[38;2;255;250;232m▀[38;2;252;251;231;48;2;254;250;231m▀[38;2;251;246;230;48;2;252;247;229m▀[38;2;110;84;76;48;2;213;203;187m▀[38;2;115;79;72;48;2;250;246;227m▀[38;2;204;186;173;48;2;253;250;231m▀[38;2;253;249;230m▀[38;2;252;251;231;48;2;255;251;232m▀[38;2;253;250;231m▀[38;2;255;251;232m▀▀▀▀▀[38;2;254;247;229;48;2;254;250;231m▀[38;2;155;113;102;48;2;187;166;152m▀[38;2;211;110;105;48;2;177;89;87m▀[38;2;182;88;81;48;2;157;67;65m▀[38;2;161;73;71;48;2;190;98;93m▀[38;2;204;101;97;48;2;207;102;96m▀[38;2;204;100;92;48;2;208;101;93m▀[38;2;210;107;96;48;2;209;101;94m▀[38;2;210;107;94;48;2;207;100;90m▀[38;2;205;101;90;48;2;204;100;89m▀[38;2;205;103;91;48;2;205;103;91m▀[38;2;205;102;93;48;2;207;101;93m▀[38;2;200;101;96;48;2;203;102;95m▀[38;2;137;50;48;48;2;147;59;57m▀[38;2;205;103;95;48;2;202;102;95m▀[38;2;204;101;92;48;2;204;101;92m▀[38;2;205;102;93;48;2;205;102;93m▀▀[38;2;207;104;95;48;2;209;104;95m▀[0m
[38;2;255;255;255;48;2;255;255;255m▀▀▀[38;2;255;255;253;48;2;255;255;253m▀[38;2;255;254;252;48;2;254;254;254m▀[38;2;251;254;217;48;2;253;253;246m▀[38;2;240;246;168;48;2;250;251;219m▀[38;2;211;231;133;48;2;253;250;200m▀[38;2;229;237;145;48;2;253;250;195m▀[38;2;249;253;165;48;2;252;253;197m▀[38;2;251;248;186;48;2;251;254;224m▀[38;2;222;214;172;48;2;233;232;222m▀[38;2;95;60;42;48;2;80;46;49m▀[38;2;228;223;213;48;2;252;247;250m▀[38;2;253;254;253;48;2;252;253;253m▀[38;2;253;255;253;48;2;253;255;252m▀[38;2;255;255;255m▀[38;2;254;255;254;48;2;255;255;253m▀[38;2;252;254;250;48;2;253;254;253m▀[38;2;154;114;112;48;2;210;197;197m▀[38;2;199;101;98;48;2;165;78;75m▀[38;2;198;103;97;48;2;189;94;87m▀[38;2;160;72;63;48;2;170;81;73m▀[38;2;205;99;93;48;2;204;100;93m▀[38;2;205;100;94;48;2;205;101;98m▀[38;2;204;100;92;48;2;184;90;84m▀[38;2;205;101;94;48;2;157;67;67m▀[38;2;118;46;45;48;2;98;41;41m▀[38;2;187;172;159;48;2;204;181;169m▀[38;2;254;250;233;48;2;253;242;224m▀[38;2;255;251;240;48;2;254;248;232m▀[38;2;254;253;247;48;2;254;253;240m▀[38;2;207;200;194;48;2;238;235;226m▀[38;2;105;62;57;48;2;116;78;73m▀[38;2;218;149;144;48;2;170;106;104m▀[38;2;232;157;156;48;2;235;165;164m▀[38;2;233;149;154;48;2;217;152;152m▀[38;2;135;73;73;48;2;108;74;67m▀[38;2;97;47;45;48;2;232;220;204m▀[38;2;138;91;86;48;2;254;248;229m▀[38;2;197;177;162;48;2;252;250;229m▀[38;2;149;93;87;48;2;184;161;151m▀[38;2;152;114;107;48;2;137;114;105m▀[38;2;255;248;236;48;2;255;247;236m▀[38;2;255;250;231;48;2;255;251;231m▀[38;2;254;252;230;48;2;254;253;228m▀[38;2;255;251;232;48;2;255;251;232m▀[38;2;254;251;234;48;2;254;251;234m▀[38;2;255;251;232;48;2;255;251;232m▀[48;2;255;250;231m▀[38;2;254;251;232;48;2;255;251;232m▀[38;2;252;251;231m▀[38;2;255;250;231m▀[38;2;255;251;232m▀▀▀▀▀▀▀▀[38;2;254;251;232;48;2;255;250;231m▀[38;2;241;234;216;48;2;252;250;229m▀[38;2;136;76;69;48;2;142;110;99m▀[38;2;147;61;57;48;2;149;65;63m▀[38;2;201;104;97;48;2;204;102;97m▀[38;2;209;102;94;48;2;209;102;93m▀[38;2;209;102;93;48;2;209;102;92m▀[38;2;207;101;91;48;2;208;101;91m▀[38;2;204;100;89m▀[48;2;207;101;91m▀[38;2;207;101;91;48;2;208;101;91m▀[38;2;208;101;93;48;2;209;100;95m▀[38;2;206;100;94;48;2;209;99;96m▀[38;2;173;81;76;48;2;201;102;96m▀[38;2;183;89;81;48;2;161;70;64m▀[38;2;206;102;93;48;2;204;102;91m▀[38;2;204;100;89;48;2;207;101;92m▀[38;2;206;101;90;48;2;209;102;94m▀[38;2;210;103;95;48;2;208;100;96m▀[0m
[38;2;255;255;255;48;2;255;255;255m▀▀▀▀▀▀[38;2;255;255;248;48;2;254;254;246m▀[38;2;254;250;201;48;2;251;251;183m▀[38;2;247;251;166;48;2;159;200;99m▀[38;2;235;248;160;48;2;129;183;75m▀[38;2;249;255;188;48;2;246;253;165m▀[38;2;252;248;234;48;2;254;253;223m▀[38;2;161;142;148;48;2;253;252;249m▀[38;2;253;251;253;48;2;252;253;252m▀[38;2;253;253;253;48;2;254;254;254m▀[38;2;254;254;254m▀[38;2;255;255;255;48;2;255;255;255m▀▀[38;2;254;255;254m▀[38;2;253;251;248;48;2;253;255;254m▀[38;2;144;91;89;48;2;201;184;184m▀[38;2;178;87;82;48;2;128;60;60m▀[38;2;179;84;81;48;2;185;90;88m▀[38;2;201;99;100;48;2;192;90;93m▀[38;2;98;32;28;48;2;80;34;30m▀[38;2;102;71;59;48;2;246;238;219m▀[38;2;156;126;114;48;2;254;245;226m▀[38;2;204;176;162;48;2;252;235;215m▀[38;2;252;229;213;48;2;241;220;199m▀[38;2;252;233;214;48;2;253;229;210m▀[38;2;252;238;222;48;2;253;231;217m▀[38;2;252;252;234;48;2;254;248;231m▀[38;2;252;251;238;48;2;252;251;235m▀[38;2;170;144;136;48;2;233;225;211m▀[38;2;105;47;46;48;2;115;90;80m▀[38;2;152;91;90;48;2;126;100;90m▀[38;2;88;46;43;48;2;208;196;182m▀[38;2;216;205;190;48;2;254;249;230m▀[38;2;255;252;233;48;2;255;251;232m▀[38;2;255;251;232m▀[38;2;254;251;232m▀[38;2;251;245;227m▀[38;2;174;162;149;48;2;254;249;231m▀[38;2;253;248;231;48;2;253;250;231m▀[38;2;254;250;231;48;2;253;251;230m▀[38;2;254;251;232;48;2;254;252;231m▀[38;2;255;251;232;48;2;255;248;229m▀▀[38;2;253;249;231;48;2;253;248;230m▀[38;2;192;182;167;48;2;118;100;90m▀[38;2;254;249;231;48;2;217;205;191m▀[38;2;254;251;232;48;2;224;212;199m▀[48;2;210;196;181m▀[48;2;203;185;171m▀[38;2;255;251;232;48;2;188;171;157m▀[38;2;254;250;231;48;2;180;160;148m▀[38;2;255;250;231;48;2;170;150;137m▀[38;2;255;250;232;48;2;159;135;123m▀[38;2;255;251;232;48;2;154;126;115m▀[38;2;254;250;232;48;2;139;112;101m▀[38;2;203;195;180;48;2;133;113;101m▀[38;2;183;171;157;48;2;162;147;135m▀[38;2;251;251;231;48;2;254;241;227m▀[38;2;185;167;149;48;2;159;117;106m▀[38;2;187;94;93;48;2;202;104;102m▀[38;2;204;102;97;48;2;205;102;98m▀[38;2;206;103;94;48;2;205;102;95m▀[38;2;206;104;92;48;2;206;103;94m▀[38;2;208;102;92;48;2;207;102;96m▀[38;2;209;102;95;48;2;208;103;98m▀[38;2;207;100;93;48;2;207;101;95m▀[38;2;207;101;94;48;2;204;103;97m▀[38;2;206;101;95;48;2;157;65;61m▀[38;2;208;100;97;48;2;187;95;90m▀[38;2;207;103;97;48;2;206;103;98m▀[38;2;162;70;62;48;2;179;86;77m▀[38;2;203;104;95;48;2;184;89;83m▀[38;2;206;102;94;48;2;207;101;98m▀[38;2;208;102;97;48;2;207;102;98m▀[38;2;205;95;93;48;2;209;102;101m▀[0m
[38;2;255;255;255;48;2;255;255;255m▀▀▀▀▀▀[38;2;254;255;250;48;2;254;254;252m▀[38;2;251;251;194;48;2;253;250;213m▀[38;2;180;221;120;48;2;228;243;154m▀[38;2;92;175;57;48;2;103;171;62m▀[38;2;213;230;130;48;2;156;202;101m▀[38;2;253;251;199;48;2;252;251;179m▀[38;2;254;253;247;48;2;254;251;242m▀[38;2;254;255;252;48;2;253;254;252m▀[38;2;254;254;253;48;2;254;254;253m▀[38;2;254;254;254;48;2;254;254;254m▀[38;2;255;255;255;48;2;255;255;255m▀▀▀▀[38;2;252;251;250;48;2;254;253;251m▀[38;2;108;68;64;48;2;132;103;98m▀[38;2;186;95;91;48;2;186;98;94m▀[38;2;205;100;98;48;2;210;101;100m▀[38;2;97;32;27;48;2;174;87;83m▀[38;2;174;153;145;48;2;75;22;21m▀[38;2;253;248;229;48;2;211;192;182m▀[38;2;253;240;220;48;2;254;249;230m▀[38;2;251;231;213;48;2;253;248;227m▀[38;2;245;221;205;48;2;254;248;227m▀[38;2;246;224;208;48;2;254;249;231m▀[38;2;254;249;229;48;2;255;251;231m▀[38;2;254;252;234;48;2;255;252;233m▀[38;2;252;251;233;48;2;255;251;232m▀[38;2;252;251;231m▀[38;2;254;250;231m▀[38;2;254;249;230;48;2;255;250;231m▀[38;2;255;250;231m▀[38;2;255;251;232;48;2;255;251;232m▀▀[48;2;254;252;231m▀▀[48;2;255;251;232m▀[38;2;255;251;231;48;2;253;251;230m▀[38;2;253;249;228;48;2;252;247;224m▀[38;2;201;167;154;48;2;141;76;71m▀[38;2;162;102;96;48;2;121;11;19m▀[38;2;122;64;58;48;2;94;11;12m▀[38;2;86;34;30;48;2;65;8;4m▀[38;2;59;10;6;48;2;62;13;8m▀[38;2;50;8;2;48;2;74;30;25m▀[38;2;49;9;4;48;2;90;53;46m▀[38;2;53;12;7;48;2;112;80;71m▀[38;2;52;7;2;48;2;129;102;91m▀[38;2;54;4;2;48;2;146;123;112m▀[38;2;57;6;4;48;2;160;139;128m▀[38;2;63;12;10;48;2;174;153;141m▀[38;2;73;21;21;48;2;185;165;152m▀[38;2;81;26;25;48;2;201;179;167m▀[38;2;78;22;20;48;2;183;157;148m▀[38;2;163;140;129;48;2;202;187;177m▀[38;2;167;151;140;48;2;181;165;154m▀[38;2;233;212;201;48;2;167;125;119m▀[38;2;158;86;78;48;2;197;104;98m▀[38;2;205;105;100;48;2;208;103;99m▀[38;2;207;103;99;48;2;209;104;101m▀[38;2;207;102;97m▀[38;2;205;102;96;48;2;208;104;101m▀[38;2;207;102;97;48;2;209;104;101m▀[38;2;208;103;99;48;2;209;104;100m▀[38;2;207;104;100m▀[38;2;202;105;101;48;2;189;95;92m▀[38;2;87;21;17;48;2;126;46;44m▀[38;2;123;46;41;48;2;205;105;103m▀[38;2;195;98;92;48;2;152;57;55m▀[38;2;202;108;101;48;2;180;92;87m▀[38;2;162;71;67;48;2;159;74;69m▀[38;2;207;103;101;48;2;203;105;105m▀[38;2;208;101;99;48;2;159;68;67m▀[38;2;207;103;101;48;2;164;78;74m▀[0m
[38;2;255;255;255;48;2;255;255;255m▀▀▀▀▀▀[38;2;255;255;253;48;2;255;255;253m▀[38;2;253;254;238;48;2;254;255;245m▀[38;2;248;252;173;48;2;249;251;187m▀[38;2;146;193;94;48;2;170;213;106m▀[38;2;123;178;75;48;2;101;174;61m▀[38;2;246;250;166;48;2;220;240;145m▀[38;2;254;252;222;48;2;251;254;198m▀[38;2;252;255;254;48;2;252;255;250m▀[38;2;253;255;254;48;2;253;255;254m▀[38;2;254;254;254;48;2;254;254;254m▀[38;2;255;255;255;48;2;255;255;255m▀▀▀[38;2;253;255;255;48;2;253;255;255m▀[38;2;254;254;253;48;2;254;254;254m▀[38;2;162;137;131;48;2;188;168;165m▀[38;2;178;89;87;48;2;168;84;82m▀[38;2;210;101;100;48;2;208;101;97m▀[38;2;199;106;103;48;2;186;99;97m▀[38;2;114;48;51;48;2;124;91;90m▀[38;2;69;30;28;48;2;178;161;156m▀[38;2;211;199;187;48;2;65;35;31m▀[38;2;254;250;233;48;2;193;178;171m▀[38;2;254;250;232;48;2;253;247;232m▀[38;2;254;251;232;48;2;252;251;233m▀[48;2;254;251;232m▀[38;2;255;251;232;48;2;255;251;232m▀[38;2;254;252;230;48;2;254;252;230m▀[38;2;254;252;229;48;2;254;252;229m▀[38;2;254;252;230;48;2;255;251;231m▀[38;2;254;251;232;48;2;254;250;231m▀[38;2;254;250;231;48;2;198;192;175m▀[38;2;254;251;231;48;2;125;95;86m▀[38;2;253;245;228;48;2;146;83;78m▀[38;2;232;220;205;48;2;170;94;87m▀[38;2;219;202;188;48;2;182;108;97m▀[38;2;234;217;202;48;2;172;106;93m▀[38;2;253;247;227;48;2;157;111;98m▀[38;2;253;249;228;48;2;235;226;202m▀[38;2;221;205;187;48;2;253;250;225m▀[38;2;138;72;68;48;2;253;245;224m▀[38;2;83;13;12;48;2;195;177;161m▀[38;2;151;106;101;48;2;89;49;43m▀[38;2;238;229;213;48;2;77;39;34m▀[38;2;254;248;232;48;2;172;156;145m▀[38;2;253;247;231;48;2;250;242;227m▀[38;2;243;237;221;48;2;133;121;109m▀[38;2;247;238;222;48;2;138;126;112m▀[38;2;254;247;230;48;2;150;142;129m▀[38;2;253;250;231;48;2;244;239;225m▀[38;2;254;248;232;48;2;246;239;226m▀[38;2;253;249;233;48;2;141;132;120m▀[38;2;186;177;165;48;2;171;158;149m▀[38;2;138;117;111;48;2;253;246;234m▀[38;2;145;127;118;48;2;168;150;143m▀[38;2;187;168;160;48;2;179;161;153m▀[38;2;149;75;73;48;2;164;86;83m▀[38;2;211;104;102;48;2;211;105;103m▀[38;2;215;105;102;48;2;217;105;100m▀[38;2;213;105;102;48;2;214;105;100m▀[38;2;211;106;101;48;2;211;106;100m▀[38;2;211;106;102;48;2;211;106;102m▀[38;2;211;106;103m▀[38;2;210;105;101m▀[38;2;212;104;99;48;2;213;105;100m▀[38;2;165;76;74;48;2;147;59;57m▀[38;2;163;75;70;48;2;189;99;94m▀[38;2;213;106;105;48;2;214;107;104m▀[38;2;206;107;102;48;2;213;107;104m▀[38;2;144;63;58;48;2;211;109;106m▀[38;2;127;52;47;48;2;180;87;85m▀[38;2;136;64;59;48;2;105;56;44m▀[38;2;175;138;111;48;2;250;242;169m▀[38;2;153;119;90;48;2;248;244;161m▀[0m
[38;2;255;255;255;48;2;255;255;255m▀▀▀▀▀▀▀[38;2;255;254;252;48;2;254;255;254m▀[38;2;251;251;206;48;2;251;254;229m▀[38;2;218;241;141;48;2;247;251;172m▀[38;2;99;175;60;48;2;128;187;78m▀[38;2;152;203;96;48;2;109;180;65m▀[38;2;247;253;181;48;2;242;250;163m▀[38;2;254;254;240;48;2;254;253;224m▀[38;2;254;254;254;48;2;254;254;252m▀▀[38;2;255;255;255;48;2;255;255;255m▀▀▀▀[38;2;253;254;253;48;2;253;254;254m▀[38;2;220;206;207;48;2;246;237;240m▀[38;2;160;81;80;48;2;154;82;82m▀[38;2;205;104;99;48;2;201;108;100m▀[38;2;148;70;72;48;2;153;116;110m▀[38;2;225;218;214;48;2;253;252;251m▀[38;2;254;252;245;48;2;253;253;250m▀[38;2;198;188;184;48;2;254;254;251m▀[38;2;66;33;35;48;2;192;175;174m▀[38;2;156;131;122;48;2;68;13;12m▀[38;2;250;242;226;48;2;101;64;60m▀[38;2;253;249;231;48;2;221;213;198m▀[38;2;255;251;232;48;2;255;251;232m▀▀▀▀[38;2;253;249;231;48;2;249;240;225m▀[38;2;112;83;74;48;2;151;95;88m▀[38;2;200;122;104;48;2;245;167;135m▀[38;2;252;160;135;48;2;253;187;164m▀[38;2;251;171;148;48;2;254;197;181m▀[38;2;251;190;167;48;2;253;203;184m▀[38;2;253;200;179;48;2;252;202;182m▀[38;2;244;194;178;48;2;253;202;184m▀[38;2;146;118;99;48;2;232;186;172m▀[38;2;243;236;214;48;2;165;141;129m▀[38;2;252;251;225;48;2;251;250;228m▀[38;2;253;251;229;48;2;253;250;230m▀[38;2;249;244;225;48;2;253;249;229m▀[38;2;162;150;137;48;2;254;243;224m▀[38;2;61;33;25;48;2;245;232;215m▀[38;2;84;56;49;48;2;144;122;110m▀[38;2;145;123;112;48;2;56;17;13m▀[38;2;191;176;166;48;2;67;30;25m▀[38;2;226;217;207;48;2;220;208;200m▀[38;2;130;117;109;48;2;252;245;234m▀[38;2;121;107;98;48;2;155;144;135m▀[38;2;234;223;209;48;2;222;209;195m▀[38;2;203;187;174;48;2;239;198;178m▀[38;2;235;216;201;48;2;175;130;115m▀[38;2;193;174;161;48;2;157;106;98m▀[38;2;197;179;170;48;2;229;215;202m▀[38;2;126;66;65;48;2;174;149;141m▀[38;2;207;109;103;48;2;176;89;87m▀[38;2;211;109;99;48;2;211;110;98m▀[38;2;213;109;100;48;2;213;109;98m▀[38;2;214;109;100;48;2;212;110;98m▀[38;2;214;107;100;48;2;212;108;102m▀[38;2;214;106;102;48;2;213;108;104m▀[38;2;215;107;105;48;2;216;106;106m▀[38;2;213;107;105;48;2;212;108;109m▀[38;2;142;55;52;48;2;147;60;57m▀[38;2;203;110;106;48;2;210;111;107m▀[38;2;213;109;105;48;2;212;109;104m▀[38;2;214;109;102;48;2;215;109;104m▀[38;2;217;108;107;48;2;216;108;106m▀[38;2;171;87;82;48;2;142;87;71m▀[38;2;198;175;117;48;2;249;242;167m▀[38;2;253;252;158;48;2;252;250;163m▀[38;2;248;247;157;48;2;191;183;132m▀[0m
[38;2;255;255;255;48;2;255;255;255m▀▀▀▀▀▀▀▀[38;2;254;255;243;48;2;255;255;251m▀[38;2;253;253;183;48;2;254;253;205m▀[38;2;173;211;111;48;2;219;240;146m▀[38;2;94;177;58;48;2;96;171;54m▀[38;2;212;229;135;48;2;161;205;99m▀[38;2;253;250;206;48;2;250;252;181m▀[38;2;254;254;248;48;2;255;253;241m▀[38;2;254;254;252;48;2;254;255;251m▀[38;2;255;255;254;48;2;255;255;254m▀[38;2;255;255;255;48;2;255;255;255m▀▀▀[38;2;254;255;255m▀[38;2;252;250;251;48;2;254;254;254m▀[38;2;154;102;100;48;2;169;144;146m▀[38;2;163;85;81;48;2;138;94;94m▀[38;2;210;204;199;48;2;252;251;248m▀[38;2;254;253;251;48;2;254;253;251m▀[38;2;254;253;249;48;2;253;253;250m▀[38;2;253;253;249;48;2;217;211;208m▀[38;2;141;100;103;48;2;142;65;76m▀[38;2;191;97;102;48;2;210;109;110m▀[38;2;136;63;64;48;2;216;108;106m▀[38;2;69;21;17;48;2;188;100;97m▀[38;2;152;129;119;48;2;96;32;28m▀[38;2;244;240;221;48;2;78;35;30m▀[38;2;254;252;232;48;2;173;163;146m▀[38;2;254;249;232;48;2;248;244;228m▀[38;2;229;220;209;48;2;221;213;201m▀[38;2;168;119;110;48;2;182;140;127m▀[38;2;252;194;179;48;2;254;201;187m▀[38;2;254;200;184;48;2;255;202;186m▀[38;2;255;200;183;48;2;255;202;185m▀[38;2;255;203;183;48;2;255;202;184m▀[38;2;251;203;183;48;2;253;205;182m▀[38;2;253;203;186;48;2;255;202;184m▀[38;2;253;202;188;48;2;254;203;187m▀[38;2;177;135;124;48;2;241;190;180m▀[38;2;224;215;199;48;2;168;141;131m▀[38;2;250;249;230;48;2;254;249;233m▀[38;2;254;245;226;48;2;252;243;226m▀[38;2;254;235;214;48;2;252;229;208m▀[38;2;254;229;213;48;2;243;215;197m▀[38;2;250;232;216;48;2;254;229;213m▀[38;2;220;207;190;48;2;252;227;214m▀[38;2;107;78;70;48;2;253;241;224m▀[38;2;70;37;33;48;2;186;172;159m▀[38;2;214;200;189;48;2;78;47;41m▀[38;2;248;241;229;48;2;167;146;139m▀[38;2;168;146;134;48;2;252;244;226m▀[38;2;159;107;95;48;2;252;230;210m▀[38;2;165;112;97;48;2;250;223;200m▀[38;2;219;169;153;48;2;246;223;202m▀[38;2;251;239;216;48;2;168;142;126m▀[38;2;177;157;145;48;2;182;118;120m▀[38;2;123;53;51;48;2;192;127;131m▀[38;2;201;104;98;48;2;137;99;95m▀[38;2;210;111;105;48;2;127;54;56m▀[38;2;206;113;107;48;2;127;54;52m▀[38;2;192;101;98;48;2;103;32;27m▀[38;2;163;71;68;48;2;93;23;21m▀[38;2;216;107;109;48;2;206;112;111m▀[38;2;211;111;111;48;2;210;114;113m▀[38;2;154;66;62;48;2;160;72;67m▀[38;2;212;111;109;48;2;215;112;110m▀[38;2;212;110;106;48;2;214;112;107m▀[38;2;215;109;106;48;2;215;113;109m▀[38;2;202;104;99;48;2;160;88;78m▀[38;2;166;146;108;48;2;225;214;151m▀[38;2;252;249;164;48;2;254;247;170m▀[38;2;232;227;156;48;2;184;176;113m▀[38;2;201;193;137;48;2;253;246;179m▀[0m
[38;2;255;255;255;48;2;255;255;255m▀▀▀▀▀▀▀[38;2;253;255;254;48;2;253;255;252m▀[48;2;253;255;253m▀[38;2;255;253;232;48;2;255;254;248m▀[38;2;241;250;163;48;2;249;250;192m▀[38;2;124;183;73;48;2;187;220;119m▀[38;2;123;182;72;48;2;100;172;58m▀[38;2;241;251;165;48;2;195;222;125m▀[38;2;254;253;223;48;2;254;251;197m▀[38;2;253;255;251;48;2;252;254;248m▀[38;2;254;255;255;48;2;254;255;255m▀[38;2;255;255;255;48;2;255;255;255m▀[48;2;254;255;253m▀▀[48;2;255;255;255m▀[38;2;254;254;254;48;2;255;254;254m▀[38;2;230;223;221;48;2;253;253;250m▀[38;2;165;154;153;48;2;254;253;251m▀[38;2;254;252;251;48;2;254;253;252m▀[38;2;253;252;254;48;2;240;235;235m▀[38;2;245;240;239;48;2;144;104;100m▀[38;2;140;84;85;48;2;198;102;100m▀[38;2;204;103;105;48;2;213;111;107m▀[38;2;210;108;105;48;2;213;110;106m▀[38;2;213;110;103;48;2;213;110;105m▀[38;2;213;111;108;48;2;214;110;108m▀[38;2;153;69;65;48;2;154;70;66m▀[38;2;180;93;94;48;2;210;115;113m▀[38;2;103;40;39;48;2;213;115;114m▀[38;2;87;45;39;48;2;155;77;72m▀[38;2;161;135;124;48;2;127;51;50m▀[38;2;170;127;116;48;2;87;24;22m▀[38;2;254;204;189;48;2;138;86;78m▀[38;2;254;202;188;48;2;199;147;136m▀[38;2;253;201;185;48;2;245;191;178m▀[38;2;254;201;183;48;2;254;199;185m▀[38;2;254;203;183;48;2;254;201;185m▀[38;2;252;204;183;48;2;254;202;185m▀[38;2;253;203;187;48;2;247;198;181m▀[38;2;253;201;189;48;2;239;189;177m▀[38;2;162;125;116;48;2;176;136;126m▀[38;2;250;244;225;48;2;201;191;174m▀[38;2;253;246;227;48;2;230;221;203m▀[38;2;254;234;217;48;2;237;219;206m▀[38;2;254;230;211;48;2;249;223;210m▀[38;2;254;229;210;48;2;255;229;215m▀[38;2;244;215;201;48;2;253;235;216m▀[38;2;254;240;222;48;2;254;249;226m▀[38;2;254;251;230;48;2;254;251;230m▀[38;2;241;236;218;48;2;231;224;207m▀[38;2;103;82;75;48;2;161;144;134m▀[38;2;189;185;170;48;2;224;218;202m▀[38;2;249;252;233;48;2;145;112;105m▀[38;2;205;191;177;48;2;179;122;122m▀[38;2;150;105;103;48;2;241;165;173m▀[38;2;222;150;154;48;2;226;135;147m▀[38;2;235;156;161;48;2;214;132;137m▀[38;2;211;135;143;48;2;184;110;116m▀[38;2;203;184;181;48;2;200;163;164m▀[38;2;195;180;177;48;2;252;250;248m▀[38;2;87;39;37;48;2;201;190;190m▀[38;2;197;109;103;48;2;94;45;44m▀[38;2;149;76;70;48;2;193;111;113m▀[38;2;165;80;80;48;2;112;38;40m▀[38;2;208;116;115;48;2;194;113;111m▀[38;2;165;76;73;48;2;168;82;80m▀[38;2;217;113;112;48;2;219;116;117m▀[38;2;216;113;109;48;2;212;116;112m▀[38;2;198;109;101;48;2;127;67;59m▀[38;2;122;79;66;48;2;237;228;192m▀[38;2;200;190;133;48;2;237;233;189m▀[38;2;216;207;146;48;2;155;145;103m▀[38;2;223;219;150;48;2;252;247;183m▀[38;2;254;251;164;48;2;184;176;124m▀[0m
[38;2;255;255;255;48;2;255;255;255m▀▀▀▀▀▀▀▀[38;2;254;255;254m▀[38;2;255;254;253;48;2;254;254;254m▀[38;2;250;252;212;48;2;253;254;233m▀[38;2;226;241;146;48;2;245;252;176m▀[38;2;102;173;61;48;2;158;209;106m▀[38;2;144;193;90;48;2;110;179;67m▀[38;2;249;251;176;48;2;220;240;144m▀[38;2;252;253;232;48;2;254;250;213m▀[38;2;254;255;255;48;2;255;255;253m▀[38;2;254;255;253;48;2;254;255;253m▀[38;2;252;254;251;48;2;251;251;248m▀[38;2;247;246;244;48;2;108;88;88m▀[38;2;254;253;252;48;2;115;75;76m▀[38;2;254;253;253;48;2;145;100;97m▀[38;2;254;253;248;48;2;151;97;92m▀[38;2;241;237;229;48;2;138;77;70m▀[38;2;178;151;148;48;2;201;102;104m▀[38;2;144;79;83;48;2;213;112;112m▀[38;2;206;108;109;48;2;214;111;110m▀[38;2;214;111;107;48;2;215;112;109m▀[38;2;217;113;108;48;2;211;110;106m▀[38;2;216;111;108;48;2;219;114;111m▀[38;2;217;112;109;48;2;218;113;110m▀[38;2;216;111;110;48;2;219;113;112m▀[38;2;159;72;68;48;2;172;83;79m▀[38;2;215;116;114;48;2;211;109;109m▀[38;2;218;114;111;48;2;217;117;116m▀[38;2;176;88;83;48;2;172;91;86m▀[38;2;215;116;117;48;2;140;75;70m▀[38;2;208;115;113;48;2;127;72;60m▀[38;2;142;68;66;48;2;153;119;86m▀[38;2;58;2;4;48;2;190;177;119m▀[38;2;60;12;9;48;2;227;220;148m▀[38;2;101;57;45;48;2;251;245;168m▀[38;2;125;86;68;48;2;254;250;169m▀[38;2;127;91;67;48;2;254;251;168m▀[38;2;130;98;71;48;2;253;250;168m▀[38;2;135;105;77;48;2;253;248;164m▀[38;2;142;116;82;48;2;243;223;138m▀[38;2;146;118;85;48;2;239;188;109m▀[38;2;141;107;71;48;2;240;179;102m▀[38;2;133;91;59;48;2;243;179;103m▀[38;2;126;82;52;48;2;241;179;98m▀[38;2;125;81;56;48;2;240;179;101m▀[38;2;126;83;73;48;2;240;180;108m▀[38;2;135;100;93;48;2;230;173;102m▀[38;2;164;135;127;48;2;197;140;82m▀[38;2;112;78;72;48;2;140;81;56m▀[38;2;133;98;91;48;2;95;35;30m▀[38;2;139;79;77;48;2;180;100;104m▀[38;2;157;77;81;48;2;207;119;128m▀[38;2;145;77;80;48;2;136;72;76m▀[38;2;163;95;98;48;2;92;58;54m▀[38;2;156;85;90;48;2;220;188;185m▀[38;2;145;78;83;48;2;228;199;204m▀[38;2;167;120;124;48;2;232;219;222m▀[38;2;235;207;209;48;2;249;247;246m▀[38;2;253;253;251;48;2;254;254;254m▀[38;2;252;254;253;48;2;254;254;253m▀[38;2;200;194;191;48;2;253;254;250m▀[38;2;100;44;48;48;2;185;169;169m▀[38;2;156;80;86;48;2;139;66;73m▀[38;2;113;41;41;48;2;130;58;58m▀[38;2;168;85;85;48;2;185;99;99m▀[38;2;216;121;120;48;2;192;101;102m▀[38;2;140;72;66;48;2;168;137;119m▀[38;2;218;206;178;48;2;253;251;207m▀[38;2;254;252;205;48;2;253;252;188m▀[38;2;254;252;201;48;2;254;253;188m▀[38;2;233;228;182;48;2;253;251;186m▀[38;2;151;141;99;48;2;221;214;160m▀[38;2;222;214;152;48;2;192;183;129m▀[0m
[38;2;255;255;255;48;2;255;255;255m▀▀▀▀▀▀▀▀▀[38;2;254;254;253;48;2;254;254;253m▀[38;2;255;254;248m▀[38;2;251;253;200;48;2;253;252;227m▀[38;2;213;234;137;48;2;236;251;159m▀[38;2;102;171;57;48;2;168;201;98m▀[38;2;194;220;122;48;2;229;240;148m▀[38;2;253;248;203;48;2;249;251;203m▀[38;2;255;255;251;48;2;254;255;251m▀[38;2;254;255;254;48;2;254;254;254m▀[38;2;253;253;251;48;2;254;254;255m▀[38;2;238;231;231;48;2;253;254;254m▀[38;2;115;68;72;48;2;249;246;247m▀[38;2;147;79;74;48;2;174;157;152m▀[38;2;201;116;110;48;2;122;76;74m▀[38;2;215;113;112;48;2;120;55;60m▀[38;2;217;113;112;48;2;123;57;61m▀[38;2;215;113;111;48;2;135;71;74m▀[38;2;198;108;103;48;2;152;115;110m▀[38;2;140;66;58;48;2;108;56;53m▀[38;2;121;37;34;48;2;193;107;105m▀[38;2;217;116;111;48;2;220;118;117m▀[38;2;221;115;113;48;2;222;118;115m▀[38;2;220;117;116;48;2;220;119;117m▀[38;2;195;100;97;48;2;217;119;117m▀[38;2;192;97;96;48;2;175;83;81m▀[38;2;217;120;120;48;2;216;123;122m▀[38;2;150;73;70;48;2;176;96;95m▀[38;2;171;139;109;48;2;132;95;74m▀[38;2;252;245;173;48;2;252;245;169m▀[38;2;252;249;163;48;2;253;249;161m▀[38;2;251;249;158;48;2;254;248;160m▀[38;2;251;252;158;48;2;253;250;157m▀[38;2;253;252;158;48;2;254;251;157m▀[38;2;254;252;156;48;2;254;249;159m▀[38;2;254;251;156;48;2;245;214;136m▀[38;2;250;240;150;48;2;238;179;107m▀[38;2;237;197;114;48;2;216;152;84m▀[38;2;235;180;99;48;2;197;136;71m▀[38;2;240;180;96;48;2;199;138;74m▀[38;2;243;178;102;48;2;197;131;75m▀[38;2;231;164;101;48;2;194;125;85m▀[38;2;212;149;83;48;2;210;149;91m▀[38;2;240;180;96;48;2;241;179;99m▀[38;2;211;148;78;48;2;243;178;104m▀[38;2;241;178;99;48;2;242;177;104m▀[38;2;240;180;105;48;2;226;164;100m▀[38;2;238;178;110;48;2;149;87;59m▀[38;2;202;143;110;48;2;113;71;67m▀[38;2;70;25;25;48;2;205;192;190m▀[38;2;148;106;111;48;2;254;251;248m▀[38;2;200;189;184;48;2;253;252;248m▀[38;2;190;179;174;48;2;209;199;199m▀[38;2;204;191;189;48;2;165;154;154m▀[38;2;254;252;249;48;2;253;251;247m▀[38;2;254;253;251;48;2;254;253;251m▀[38;2;255;255;254;48;2;255;255;253m▀[38;2;255;255;255;48;2;255;255;254m▀[48;2;255;255;255m▀[38;2;254;255;255;48;2;254;255;255m▀[38;2;248;250;249;48;2;245;246;246m▀[38;2;121;69;69;48;2;119;67;66m▀[38;2;216;125;124;48;2;219;126;125m▀[38;2;219;128;125;48;2;183;96;94m▀[38;2;127;69;61;48;2;165;140;104m▀[38;2;243;238;197;48;2;253;251;184m▀[38;2;254;255;198;48;2;254;255;185m▀[38;2;255;254;186;48;2;255;254;194m▀[38;2;255;253;194;48;2;255;253;198m▀[38;2;255;254;184;48;2;255;255;183m▀[38;2;254;253;183;48;2;254;254;183m▀[38;2;197;192;145;48;2;254;252;194m▀[0m
[38;2;255;255;255;48;2;255;255;255m▀▀▀▀▀▀▀▀▀▀[38;2;255;255;253m▀[38;2;254;255;250;48;2;255;255;251m▀[38;2;252;250;199;48;2;251;251;200m▀[38;2;252;247;161;48;2;207;229;134m▀[38;2;248;251;161;48;2;136;189;79m▀[38;2;251;247;195;48;2;216;237;144m▀[38;2;255;253;234;48;2;250;253;181m▀[38;2;254;254;251;48;2;252;254;222m▀[38;2;254;255;254;48;2;255;255;251m▀[38;2;255;255;255;48;2;255;255;248m▀[38;2;253;255;254;48;2;255;254;240m▀[38;2;254;254;252;48;2;255;254;242m▀[38;2;254;253;252;48;2;255;254;250m▀[38;2;255;252;251;48;2;254;254;253m▀[38;2;254;253;249;48;2;255;255;252m▀[38;2;254;254;249;48;2;253;252;248m▀[38;2;203;186;185;48;2;132;90;92m▀[38;2;159;81;82;48;2;217;120;124m▀[38;2;218;120;121;48;2;224;121;121m▀[38;2;221;119;119;48;2;223;123;123m▀[38;2;223;119;120;48;2;226;123;124m▀[38;2;222;122;122;48;2;224;124;124m▀[38;2;221;123;122;48;2;223;125;124m▀[38;2;182;92;92;48;2;220;127;126m▀[38;2;207;118;119;48;2;166;80;80m▀[38;2;190;103;104;48;2;180;94;94m▀[38;2;151;74;70;48;2;213;131;127m▀[38;2;201;150;98;48;2;116;56;45m▀[38;2;236;196;123;48;2;215;156;99m▀[38;2;238;201;123;48;2;202;150;88m▀[38;2;229;195;123;48;2;196;159;105m▀[38;2;193;162;105;48;2;235;213;140m▀[38;2;179;144;87;48;2;248;232;150m▀[38;2;184;135;74;48;2;250;239;155m▀[38;2;189;135;71;48;2;253;243;158m▀[38;2;217;166;96;48;2;254;244;159m▀[38;2;237;191;113;48;2;253;247;158m▀[38;2;235;194;114;48;2;219;207;156m▀[38;2;237;200;113;48;2;147;130;97m▀[38;2;239;205;117;48;2;252;241;172m▀[38;2;240;207;127;48;2;212;196;143m▀[38;2;243;194;111;48;2;127;84;59m▀[38;2;224;161;104;48;2;122;56;49m▀[38;2;147;83;56;48;2;210;136;146m▀[38;2;129;60;60;48;2;243;168;178m▀[38;2;200;134;140;48;2;240;170;178m▀[38;2;248;228;231;48;2;247;222;223m▀[38;2;253;254;252;48;2;253;254;253m▀[38;2;255;254;253;48;2;255;255;255m▀[38;2;254;251;252;48;2;253;252;253m▀[38;2;210;202;204;48;2;201;196;197m▀[38;2;224;219;220;48;2;254;252;251m▀[38;2;182;179;178;48;2;235;233;231m▀[38;2;253;252;251;48;2;253;253;251m▀[38;2;255;255;253;48;2;255;255;253m▀▀[38;2;254;255;252;48;2;248;246;246m▀[38;2;253;252;253;48;2;151;122;126m▀[38;2;157;136;139;48;2;131;74;55m▀[38;2;161;97;94;48;2;153;87;56m▀[38;2;207;125;116;48;2;114;58;36m▀[38;2;105;62;41;48;2;193;178;127m▀[38;2;240;232;171;48;2;254;250;175m▀[38;2;252;251;172;48;2;254;251;166m▀[38;2;254;254;176;48;2;254;252;173m▀[38;2;254;253;188;48;2;255;253;190m▀[38;2;255;253;189;48;2;254;252;196m▀[38;2;255;254;176;48;2;255;253;186m▀[38;2;255;253;181;48;2;254;252;193m▀[38;2;254;253;187;48;2;254;252;197m▀[0m
[38;2;255;255;255;48;2;255;255;255m▀▀▀▀▀▀▀▀▀▀▀[38;2;254;255;251;48;2;254;255;251m▀[38;2;251;250;193;48;2;250;250;198m▀[38;2;185;211;111;48;2;203;223;127m▀[38;2;94;172;53;48;2;97;171;55m▀[38;2;103;175;60;48;2;105;182;67m▀[38;2;196;226;128;48;2;105;177;65m▀[38;2;248;252;176;48;2;208;234;139m▀[38;2;253;249;212;48;2;239;246;157m▀[38;2;252;250;194;48;2;192;223;124m▀[38;2;249;252;177;48;2;143;195;85m▀[38;2;250;252;173;48;2;141;187;82m▀[38;2;252;251;197;48;2;246;250;166m▀[38;2;254;254;240;48;2;249;254;219m▀[38;2;254;254;251;48;2;254;254;250m▀[38;2;213;195;196;48;2;168;147;147m▀[38;2;162;87;88;48;2;203;122;123m▀[38;2;224;123;126;48;2;226;126;129m▀[38;2;225;126;125;48;2;224;129;129m▀[38;2;225;127;126;48;2;226;129;127m▀[38;2;227;127;127;48;2;228;129;128m▀[48;2;230;131;130m▀[38;2;225;127;126;48;2;230;132;131m▀[38;2;224;130;128;48;2;228;133;131m▀[38;2;221;132;130;48;2;228;136;133m▀[38;2;160;76;75;48;2;226;138;136m▀[38;2;163;89;86;48;2;176;103;100m▀[38;2;102;47;41;48;2;82;33;23m▀[38;2;202;156;97;48;2;242;222;153m▀[38;2;247;228;142;48;2;253;248;158m▀[38;2;255;249;156;48;2;253;250;157m▀[38;2;254;251;157;48;2;254;250;159m▀[38;2;253;249;157;48;2;254;249;162m▀[38;2;254;250;161m▀[38;2;252;249;162;48;2;250;243;164m▀[38;2;252;247;163;48;2;184;171;129m▀[38;2;200;193;132;48;2;98;91;113m▀[38;2;95;82;106;48;2;114;115;189m▀[38;2;96;69;101;48;2;95;81;132m▀[38;2;109;65;52;48;2;177;111;118m▀[38;2;130;63;64;48;2;221;132;141m▀[38;2;193;118;121;48;2;244;157;166m▀[38;2;238;160;166;48;2;253;168;177m▀[38;2;250;170;179;48;2;251;168;178m▀[38;2;198;126;133;48;2;236;160;169m▀[38;2;143;75;80;48;2;117;47;52m▀[38;2;245;217;216;48;2;158;122;121m▀[38;2;251;253;250;48;2;243;242;236m▀[38;2;253;254;253;48;2;253;253;253m▀[38;2;238;235;236;48;2;248;245;246m▀[38;2;212;208;208;48;2;246;245;243m▀[38;2;254;254;252;48;2;253;254;249m▀[38;2;254;253;251;48;2;242;235;237m▀[38;2;252;254;251;48;2;177;162;164m▀[38;2;251;253;251;48;2;122;93;80m▀[38;2;199;187;185;48;2;161;116;76m▀[38;2;115;77;65;48;2;234;178;109m▀[38;2;192;135;87;48;2;245;175;104m▀[38;2;240;179;101;48;2;243;178;100m▀[38;2;241;181;102;48;2;189;132;94m▀[38;2;172;149;98;48;2;238;221;162m▀[38;2;249;248;166;48;2;252;248;162m▀[38;2;253;251;158;48;2;253;251;158m▀[38;2;255;251;157;48;2;255;251;157m▀[38;2;254;252;168;48;2;254;250;157m▀[38;2;254;251;187;48;2;253;251;170m▀[38;2;254;252;193;48;2;254;253;182m▀[38;2;255;254;188;48;2;254;252;198m▀[38;2;253;251;203;48;2;208;196;172m▀[38;2;250;247;204;48;2;117;81;68m▀[0m
[38;2;255;255;255;48;2;255;255;255m▀▀▀▀▀▀▀▀▀▀[38;2;255;255;254m▀[38;2;255;255;253;48;2;254;255;252m▀[38;2;251;251;210;48;2;253;253;216m▀[38;2;222;239;143;48;2;238;251;159m▀[38;2;101;171;57;48;2;119;184;70m▀[38;2;188;220;120;48;2;203;230;131m▀[38;2;150;195;88;48;2;244;251;157m▀[38;2;99;177;58;48;2;157;198;92m▀[38;2;100;174;59;48;2;160;200;95m▀[38;2;96;173;57;48;2;195;236;135m▀[38;2;90;176;54;48;2;102;183;64m▀[38;2;124;184;71;48;2;190;217;119m▀[38;2;248;252;169;48;2;252;250;187m▀[38;2;252;254;232;48;2;253;254;245m▀[38;2;253;253;249;48;2;252;247;244m▀[38;2;159;133;134;48;2;170;145;143m▀[38;2;211;125;129;48;2;165;95;96m▀[38;2;224;129;131;48;2;171;97;94m▀[38;2;226;131;131;48;2;160;87;82m▀[38;2;228;129;130;48;2;161;85;75m▀[38;2;228;130;131;48;2;161;84;76m▀[38;2;231;132;134;48;2;170;87;85m▀[38;2;232;134;135;48;2;201;115;113m▀[38;2;231;135;137;48;2;227;139;141m▀[38;2;229;135;136;48;2;164;87;86m▀[38;2;179;99;95;48;2;192;130;91m▀[38;2;164;99;83;48;2;228;170;110m▀[38;2;121;83;61;48;2;129;95;67m▀[38;2;255;246;168;48;2;254;245;165m▀[38;2;255;248;162;48;2;254;245;166m▀[38;2;240;233;164;48;2;182;166;127m▀[38;2;160;148;109;48;2;92;72;93m▀[38;2;135;120;106;48;2;115;115;178m▀[38;2;127;113;100;48;2;100;107;171m▀[38;2;74;52;46;48;2;82;82;146m▀[38;2;57;34;65;48;2;82;81;143m▀[38;2;103;107;179;48;2;89;100;171m▀[38;2;105;118;193;48;2;105;120;193m▀[38;2;95;87;141;48;2;99;92;148m▀[38;2;177;109;123;48;2;197;128;142m▀[38;2;247;159;168;48;2;253;166;175m▀[38;2;253;165;175m▀[38;2;254;168;177;48;2;254;167;178m▀[38;2;253;168;178;48;2;253;167;179m▀[38;2;249;168;177;48;2;253;168;177m▀[38;2;246;167;176;48;2;253;167;177m▀[38;2;140;78;82;48;2;247;164;174m▀[38;2;60;18;19;48;2;138;73;76m▀[38;2;113;73;76;48;2;204;127;130m▀[38;2;139;102;105;48;2;190;109;113m▀[38;2;146;104;105;48;2;231;145;150m▀[38;2;121;76;77;48;2;233;146;152m▀[38;2;91;40;35;48;2;182;105;108m▀[38;2;196;137;101;48;2;119;56;50m▀[38;2;236;180;106;48;2;184;122;86m▀[38;2;239;181;100;48;2;239;178;105m▀[38;2;241;177;98;48;2;242;179;99m▀[38;2;244;176;103;48;2;238;174;97m▀[38;2;182;126;77;48;2;223;191;116m▀[38;2;210;191;128;48;2;250;249;161m▀[38;2;255;247;168;48;2;254;249;161m▀[38;2;254;249;163;48;2;255;249;161m▀[38;2;253;250;160;48;2;254;250;162m▀[38;2;255;251;161;48;2;255;248;168m▀[38;2;253;250;158;48;2;222;205;142m▀[38;2;252;252;166;48;2;140;108;79m▀[38;2;225;219;161;48;2;95;53;47m▀[38;2;135;100;88;48;2;120;60;62m▀[38;2;153;85;86;48;2;146;75;78m▀[38;2;225;149;147;48;2;165;92;96m▀[0m
[38;2;255;255;255;48;2;255;255;255m▀▀▀▀▀▀▀▀▀[38;2;255;255;254;48;2;254;255;245m▀[38;2;254;254;248;48;2;253;249;198m▀[38;2;252;253;216;48;2;246;249;162m▀[38;2;246;252;179;48;2;184;215;118m▀[38;2;234;247;153;48;2;116;180;78m▀[38;2;124;192;79;48;2;98;176;60m▀[38;2;161;202;97;48;2;201;228;130m▀[38;2;252;252;163;48;2;252;249;184m▀[38;2;250;251;165;48;2;255;251;211m▀[38;2;248;252;160;48;2;249;253;164m▀[38;2;171;212;112;48;2;156;196;94m▀[38;2;107;176;62;48;2;117;184;74m▀[38;2;232;243;155;48;2;221;240;145m▀[38;2;252;251;198;48;2;249;253;165m▀[38;2;165;145;140;48;2;166;143;105m▀[38;2;125;80;54;48;2;216;153;108m▀[38;2;152;102;73;48;2;189;125;81m▀[38;2;166;112;78;48;2;173;114;72m▀[38;2;201;155;113;48;2;205;157;107m▀[38;2;241;192;140;48;2;248;204;146m▀[38;2;245;200;145;48;2;249;207;145m▀[38;2;248;202;148;48;2;239;194;124m▀[38;2;221;161;105;48;2;237;182;101m▀[38;2;182;114;74;48;2;240;179;97m▀[38;2;148;76;56;48;2;241;179;104m▀[38;2;215;149;103;48;2;240;178;99m▀[38;2;240;178;99;48;2;241;180;97m▀[38;2;235;174;105;48;2;238;175;110m▀[38;2;105;56;45;48;2;127;69;61m▀[38;2;133;97;75;48;2;191;126;133m▀[38;2;80;41;24;48;2;156;97;102m▀[38;2;48;10;4;48;2;147;106;107m▀[38;2;71;38;53;48;2;211;171;183m▀[38;2;104;111;180;48;2;90;67;110m▀[38;2;100;115;190;48;2;111;117;192m▀[38;2;85;91;160;48;2;106;112;180m▀[38;2;70;49;74;48;2;141;119;136m▀[38;2;76;77;105;48;2;213;198;207m▀[38;2;105;117;175;48;2;99;68;89m▀[38;2;104;90;139;48;2;107;59;84m▀[38;2;203;130;142;48;2;236;157;167m▀[38;2;254;167;176;48;2;254;168;177m▀[38;2;255;166;179;48;2;254;166;180m▀[38;2;254;166;180m▀[38;2;255;167;179;48;2;255;167;179m▀[48;2;255;166;178m▀[38;2;254;168;177;48;2;255;167;178m▀[38;2;253;168;177;48;2;254;168;177m▀[38;2;241;164;172;48;2;251;170;178m▀[38;2;130;59;64;48;2;224;149;156m▀[38;2;201;123;127;48;2;136;64;68m▀[38;2;204;123;127;48;2;179;104;107m▀[38;2;235;149;151;48;2;236;150;156m▀[38;2;233;148;148;48;2;236;147;152m▀[38;2;229;149;151;48;2;238;151;152m▀[38;2;164;90;92;48;2;241;153;148m▀[38;2;131;65;51;48;2;224;137;143m▀[38;2;212;167;117;48;2;124;66;64m▀[38;2;240;220;142;48;2;158;131;98m▀[38;2;253;245;163;48;2;214;200;142m▀[38;2;254;246;164;48;2;198;180;126m▀[38;2;253;249;157;48;2;136;106;78m▀[38;2;247;239;165;48;2;114;72;63m▀[38;2;181;158;115;48;2;178;113;112m▀[38;2;122;77;63;48;2;235;154;158m▀[38;2;147;84;82;48;2;243;156;161m▀[38;2;217;142;146;48;2;244;156;164m▀[38;2;237;156;165;48;2;242;156;163m▀[38;2;156;90;98;48;2;221;150;157m▀[38;2;230;219;214;48;2;169;142;146m▀[38;2;232;223;219;48;2;251;253;252m▀[0m
[38;2;255;255;255;48;2;255;255;255m▀▀▀▀▀▀▀▀[38;2;255;255;253;48;2;255;255;253m▀[38;2;254;254;238;48;2;254;254;239m▀[38;2;249;250;177;48;2;251;250;183m▀[38;2;148;195;86;48;2;209;230;133m▀[38;2;84;177;55;48;2;167;209;108m▀[38;2;99;178;66;48;2;126;184;75m▀[38;2;167;216;112;48;2;110;175;64m▀[38;2;232;243;153;48;2;126;185;73m▀[38;2;252;249;182;48;2;244;249;149m▀[38;2;253;250;197;48;2;233;240;150m▀[38;2;253;252;164;48;2;194;225;125m▀[38;2;237;243;153;48;2;183;221;121m▀[38;2;144;199;94;48;2;141;196;91m▀[38;2;104;178;64;48;2;107;183;68m▀[38;2;182;214;109;48;2;129;181;70m▀[38;2;246;242;157;48;2;239;246;152m▀[38;2;214;174;103;48;2;225;190;120m▀[38;2;235;175;100;48;2;186;123;80m▀[38;2;223;157;103;48;2;196;131;84m▀[38;2;210;164;113;48;2;215;170;114m▀[38;2;250;209;147;48;2;242;202;135m▀[38;2;249;207;140;48;2;233;190;120m▀[38;2;242;195;130;48;2;254;209;141m▀[38;2;245;193;126;48;2;248;197;131m▀[38;2;242;178;100;48;2;242;177;100m▀[38;2;243;179;101;48;2;241;179;104m▀[38;2;241;179;103;48;2;198;138;86m▀[38;2;239;176;106;48;2;135;71;53m▀[38;2;155;90;66;48;2;206;137;135m▀[38;2;209;141;139;48;2;173;107;117m▀[38;2;165;103;110;48;2;170;131;136m▀[38;2;164;122;126;48;2;223;200;200m▀[38;2;227;195;195;48;2;224;197;202m▀[38;2;227;195;202;48;2;225;197;204m▀[38;2;190;162;174;48;2;220;199;203m▀[38;2;87;71;108;48;2;206;175;185m▀[38;2;102;100;137;48;2;128;98;107m▀[38;2;164;153;160;48;2;164;151;151m▀[38;2;251;244;243;48;2;251;246;243m▀[38;2;181;126;136;48;2;179;121;129m▀[38;2;249;169;181;48;2;253;167;178m▀[38;2;253;168;179;48;2;254;167;178m▀[38;2;254;167;177;48;2;255;167;180m▀[38;2;255;167;179;48;2;255;167;179m▀[38;2;254;168;178;48;2;253;168;178m▀[38;2;254;168;179;48;2;250;171;183m▀[38;2;253;168;177;48;2;244;198;203m▀[38;2;253;167;177;48;2;242;200;209m▀[38;2;253;167;179;48;2;244;203;214m▀[38;2;248;170;180;48;2;247;219;228m▀[38;2;241;171;179;48;2;251;235;238m▀[38;2;190;132;134;48;2;236;208;208m▀[38;2;96;37;38;48;2;170;128;128m▀[38;2;225;148;153;48;2;90;33;33m▀[38;2;212;132;137;48;2;121;56;59m▀[38;2;235;153;159;48;2;125;61;63m▀[38;2;238;154;158;48;2;129;70;72m▀[38;2;241;155;164;48;2;121;56;59m▀[38;2;242;154;164;48;2;180;111;118m▀[38;2;211;126;134;48;2;156;86;96m▀[38;2;145;92;91;48;2;126;76;84m▀[38;2;161;99;99;48;2;113;77;84m▀[38;2;200;131;133;48;2;121;89;95m▀[38;2;214;141;144;48;2;103;73;78m▀[38;2;223;145;150;48;2;177;149;155m▀[38;2;239;154;161;48;2;157;127;130m▀[38;2;244;158;165;48;2;143;105;108m▀[38;2;246;155;164;48;2;160;98;103m▀[38;2;244;157;165;48;2;237;154;163m▀[38;2;239;159;167;48;2;242;158;168m▀[38;2;158;126;132;48;2;163;132;137m▀[38;2;253;254;252;48;2;253;254;251m▀[0m
[38;2;255;255;255;48;2;255;255;255m▀▀▀▀▀▀▀▀[38;2;255;255;254m▀[38;2;255;255;249;48;2;254;254;254m▀[38;2;254;254;230;48;2;254;254;251m▀[38;2;254;251;199;48;2;254;254;246m▀[38;2;254;250;186;48;2;254;254;243m▀[38;2;253;249;168;48;2;254;254;221m▀[38;2;224;241;148;48;2;250;251;172m▀[38;2;111;177;66;48;2;154;204;99m▀[38;2;214;234;138;48;2;121;190;76m▀[38;2;182;215;115;48;2;132;188;81m▀[38;2;117;177;67;48;2;187;224;123m▀[38;2;149;198;93;48;2;249;253;169m▀[38;2;171;206;107;48;2;248;253;188m▀[38;2;200;230;134;48;2;246;252;191m▀[38;2;238;245;162;48;2;249;252;212m▀[38;2;225;210;140;48;2;154;129;106m▀[38;2;206;158;93;48;2;182;127;82m▀[38;2;234;174;114;48;2;182;119;77m▀[38;2;223;157;105;48;2;190;122;78m▀[38;2;212;169;114;48;2;199;152;100m▀[38;2;245;205;142;48;2;226;185;129m▀[38;2;238;196;120;48;2;185;142;107m▀[38;2;240;194;122;48;2;124;87;69m▀[38;2;230;184;131;48;2;132;97;95m▀[38;2;163;112;72;48;2;200;184;183m▀[38;2;116;81;67;48;2;252;248;247m▀[38;2;161;137;131;48;2;254;252;254m▀[38;2;148;120;116;48;2;202;192;193m▀[38;2;98;60;61;48;2;183;170;171m▀[38;2;170;145;146;48;2;253;251;247m▀[38;2;221;199;201;48;2;236;225;225m▀[38;2;222;199;202;48;2;222;202;207m▀[38;2;225;198;204;48;2;223;198;206m▀[38;2;225;198;205;48;2;223;195;203m▀[38;2;225;195;202;48;2;226;194;199m▀[38;2;225;194;200;48;2;216;178;185m▀[38;2;226;195;195;48;2;109;68;75m▀[38;2;110;86;83;48;2;101;56;59m▀[38;2;250;247;237;48;2;209;193;187m▀[38;2;186;130;136;48;2;186;142;143m▀[38;2;255;166;179;48;2;253;167;181m▀[38;2;254;166;179;48;2;254;166;181m▀[38;2;255;166;178;48;2;255;167;179m▀[38;2;255;167;179;48;2;254;168;177m▀[38;2;253;168;177;48;2;252;169;177m▀[38;2;251;173;186;48;2;249;169;180m▀[38;2;253;244;245;48;2;243;181;190m▀[38;2;254;252;254;48;2;244;183;193m▀[38;2;254;251;252;48;2;246;181;190m▀[38;2;252;248;247;48;2;244;172;179m▀[38;2;244;226;226;48;2;222;144;152m▀[38;2;219;166;174;48;2;212;129;138m▀[38;2;220;136;149;48;2;216;129;138m▀[38;2;216;129;139;48;2;216;128;138m▀[38;2;205;127;134;48;2;201;122;130m▀[38;2;161;102;105;48;2;211;155;161m▀[38;2;251;233;239;48;2;246;224;231m▀[38;2;157;102;107;48;2;136;82;92m▀[38;2;107;74;82;48;2;128;113;128m▀[38;2;163;150;159;48;2;163;164;178m▀[38;2;166;161;170;48;2;165;163;180m▀[38;2;165;162;173;48;2;167;162;176m▀[38;2;155;148;153;48;2;135;127;135m▀[38;2;160;152;154;48;2;226;220;222m▀[38;2;253;254;254;48;2;254;255;254m▀[38;2;255;255;254;48;2;255;255;253m▀[38;2;254;254;250;48;2;254;253;253m▀[38;2;224;219;213;48;2;254;254;252m▀[38;2;141;92;99;48;2;214;200;201m▀[38;2;228;142;161;48;2;119;69;79m▀[38;2;178;158;160;48;2;226;214;216m▀[38;2;253;253;252;48;2;254;254;252m▀[0m
[38;2;255;255;255;48;2;255;255;255m▀▀▀▀▀▀▀▀▀▀[38;2;254;254;254m▀[38;2;255;255;255m▀[38;2;255;255;254m▀[38;2;254;254;251;48;2;255;255;254m▀[38;2;252;250;205;48;2;253;254;231m▀[38;2;219;242;150;48;2;245;250;181m▀[38;2;101;177;64;48;2;179;215;116m▀[38;2;102;173;60;48;2;170;207;106m▀[38;2;216;233;140;48;2;245;249;171m▀[38;2;253;252;200;48;2;253;253;231m▀[38;2;252;254;240;48;2;252;255;254m▀[38;2;254;255;247;48;2;255;255;254m▀[38;2;254;254;246;48;2;253;253;253m▀[38;2;179;162;151;48;2;233;228;226m▀[38;2;194;135;108;48;2;141;114;116m▀[38;2;190;130;92;48;2;178;154;156m▀[38;2;149;92;64;48;2;221;208;209m▀[38;2;95;54;45;48;2;250;248;249m▀[38;2;123;100;93;48;2;254;254;253m▀[38;2;185;171;164m▀[38;2;244;241;240;48;2;255;254;254m▀[38;2;254;253;253;48;2;254;254;252m▀[38;2;254;254;253;48;2;254;254;251m▀[38;2;254;254;252;48;2;234;231;228m▀[38;2;217;206;207;48;2;167;116;123m▀[38;2;149;119;124;48;2;233;161;175m▀[38;2;251;250;247;48;2;191;160;163m▀[38;2;252;254;248;48;2;251;252;247m▀[38;2;254;253;252;48;2;254;253;251m▀[38;2;252;247;249;48;2;228;223;225m▀[38;2;247;233;237;48;2;137;126;129m▀[38;2;226;209;213;48;2;125;110;113m▀[38;2;142;119;122;48;2;218;212;210m▀[38;2;134;113;115;48;2;254;252;249m▀[38;2;225;211;213;48;2;253;253;251m▀[38;2;141;93;97;48;2;143;110;110m▀[38;2;182;134;136;48;2;231;161;169m▀[38;2;182;135;138;48;2;146;76;84m▀[38;2;251;167;180;48;2;250;166;177m▀[38;2;253;167;180;48;2;254;168;180m▀[38;2;254;168;180;48;2;254;168;179m▀[38;2;254;167;180;48;2;254;166;180m▀[38;2;254;166;180m▀▀[38;2;252;166;180;48;2;254;168;179m▀[38;2;252;165;177;48;2;254;166;178m▀[38;2;254;167;178;48;2;247;160;170m▀[38;2;242;155;164;48;2;225;137;147m▀[38;2;216;130;138;48;2;237;151;162m▀[38;2;218;132;140;48;2;250;164;174m▀[38;2;231;145;154;48;2;251;165;174m▀[38;2;247;162;169;48;2;240;156;163m▀[38;2;194;121;129;48;2;209;137;145m▀[38;2;238;212;216;48;2;250;230;235m▀[38;2;236;197;208;48;2;181;123;138m▀[38;2;99;55;64;48;2;107;82;92m▀[38;2;97;88;97;48;2;104;98;108m▀[38;2;148;142;156;48;2;126;118;134m▀[38;2;166;159;176;48;2;120;111;128m▀[38;2;170;161;178;48;2;154;147;163m▀[38;2;149;140;149;48;2;119;104;118m▀[38;2;251;249;250;48;2;109;88;97m▀[38;2;254;254;252;48;2;141;124;129m▀[48;2;221;214;215m▀[38;2;255;255;252;48;2;255;254;254m▀[38;2;254;255;255;48;2;254;255;255m▀[38;2;239;235;232;48;2;232;231;230m▀[38;2;112;88;92;48;2;200;195;195m▀[38;2;254;249;248;48;2;255;255;253m▀[38;2;255;255;253m▀[0m
[38;2;255;255;255;48;2;255;255;255m▀▀▀▀▀▀▀▀▀▀▀▀▀▀[38;2;254;255;249m▀[38;2;253;252;214;48;2;254;255;250m▀[38;2;249;251;179;48;2;254;255;240m▀[38;2;247;252;179;48;2;254;255;241m▀[38;2;252;252;209;48;2;254;255;248m▀[38;2;254;254;246;48;2;255;254;254m▀[38;2;253;255;254;48;2;255;255;255m▀[38;2;255;254;255m▀[38;2;255;255;255m▀▀▀[38;2;254;254;255m▀[38;2;254;255;255m▀▀[38;2;255;255;255m▀[38;2;255;254;255m▀[38;2;199;180;185;48;2;210;200;200m▀[38;2;148;120;113;48;2;128;86;78m▀[38;2;151;113;105;48;2;214;154;133m▀[38;2;127;80;75;48;2;247;186;166m▀[38;2;179;109;113;48;2;110;54;47m▀[38;2;247;167;176;48;2;152;94;94m▀[38;2;235;160;170;48;2;126;70;73m▀[38;2;151;118;121;48;2;166;147;143m▀[38;2;121;101;105;48;2;239;235;233m▀[38;2;135;116;121;48;2;253;253;251m▀[38;2;223;219;218m▀[38;2;253;253;251;48;2;254;253;251m▀[38;2;255;255;253;48;2;255;255;254m▀[38;2;254;255;250;48;2;255;255;253m▀[38;2;254;254;251;48;2;254;254;253m▀[38;2;152;131;130;48;2;192;175;177m▀[38;2;230;156;167;48;2;196;123;137m▀[38;2;249;169;178;48;2;244;170;182m▀[38;2;246;171;178;48;2;252;230;229m▀[38;2;249;170;177;48;2;243;196;202m▀[38;2;255;167;179;48;2;254;166;183m▀[38;2;253;167;180;48;2;254;166;180m▀[48;2;253;166;180m▀[38;2;253;167;179;48;2;253;167;179m▀[38;2;254;167;177;48;2;232;145;153m▀[38;2;244;158;166;48;2;217;129;136m▀[38;2;219;133;142;48;2;222;137;145m▀[38;2;245;159;170;48;2;253;167;177m▀[38;2;255;168;179;48;2;255;167;180m▀[38;2;252;166;177;48;2;253;167;180m▀[38;2;251;166;176;48;2;213;131;141m▀[38;2;208;127;135;48;2;225;143;151m▀[38;2;245;165;173;48;2;251;169;176m▀[38;2;234;171;176;48;2;159;99;102m▀[38;2;114;68;79;48;2;106;94;93m▀[38;2;113;99;116;48;2;109;103;122m▀[38;2;109;107;122;48;2;108;106;126m▀[38;2;154;152;168;48;2;158;157;175m▀[38;2;165;162;179;48;2;165;164;182m▀[38;2;165;163;178;48;2;165;164;181m▀[38;2;165;164;174;48;2;165;165;178m▀[38;2;168;162;172;48;2;165;165;177m▀[38;2;156;137;142;48;2;111;96;102m▀[38;2;129;114;116;48;2;214;203;204m▀[38;2;254;255;255;48;2;253;254;255m▀[38;2;255;255;255;48;2;255;255;254m▀[38;2;254;254;252;48;2;255;255;253m▀[38;2;255;255;253m▀▀▀[0m
[?25h