[?25l[0m[38;2;255;255;255;48;2;255;255;255m▀▀▀▀▀▀▀▀▀▀▀▀▀▀▀▀[48;2;255;254;252m▀[48;2;254;251;216m▀[38;2;255;254;251;48;2;253;245;189m▀[38;2;254;254;240;48;2;251;212;171m▀[38;2;254;253;236;48;2;248;176;154m▀[38;2;254;252;238;48;2;247;182;157m▀[38;2;255;253;241;48;2;252;215;176m▀[38;2;255;254;248;48;2;254;232;183m▀[38;2;255;255;253;48;2;253;247;195m▀[48;2;253;253;227m▀[48;2;255;255;254m▀[38;2;255;255;254;48;2;255;255;255m▀[38;2;255;255;255m▀▀▀▀▀▀▀▀▀▀▀▀▀▀▀▀▀▀▀▀▀▀▀▀▀▀▀▀▀▀▀▀▀▀▀▀▀▀▀▀▀▀▀▀▀▀▀▀▀▀▀▀[0m
[38;2;255;255;255;48;2;255;255;255m▀▀▀▀▀[48;2;254;255;255m▀[38;2;255;254;254;48;2;253;255;255m▀[38;2;255;255;255;48;2;254;255;253m▀[48;2;254;255;251m▀▀▀[48;2;255;255;254m▀[48;2;255;255;255m▀▀[48;2;255;255;254m▀[38;2;255;255;253;48;2;255;252;212m▀[38;2;253;251;206;48;2;248;210;171m▀[38;2;250;213;169;48;2;244;36;102m▀[38;2;240;76;112;48;2;255;2;91m▀[38;2;245;9;90;48;2;254;1;93m▀[38;2;253;3;90;48;2;255;1;92m▀[38;2;252;2;89;48;2;255;1;91m▀[38;2;246;8;89m▀[38;2;244;23;97m▀[38;2;243;107;127;48;2;255;1;90m▀[38;2;252;229;173;48;2;240;59;105m▀[38;2;253;251;215;48;2;252;228;174m▀[38;2;255;255;254;48;2;254;252;228m▀[38;2;255;255;255;48;2;255;255;255m▀▀▀▀▀▀▀▀▀▀▀▀▀▀▀▀▀▀▀▀▀▀▀▀▀▀▀▀▀▀▀[48;2;255;255;254m▀▀[48;2;255;254;254m▀[48;2;254;254;254m▀▀[48;2;255;255;255m▀▀▀▀▀▀▀▀▀▀▀▀▀▀▀▀[0m
[38;2;255;255;255;48;2;255;255;255m▀▀[48;2;255;255;254m▀[48;2;255;255;249m▀[38;2;255;255;254;48;2;254;250;210m▀[38;2;254;253;237;48;2;253;235;176m▀[38;2;253;251;208;48;2;244;155;143m▀[38;2;252;246;190;48;2;242;68;108m▀[38;2;253;231;180;48;2;247;20;91m▀[38;2;253;223;177;48;2;247;10;91m▀[38;2;253;234;178;48;2;244;27;98m▀[38;2;254;246;190;48;2;243;98;126m▀[38;2;254;251;223;48;2;249;212;169m▀[38;2;255;255;251;48;2;254;248;198m▀[38;2;255;253;227;48;2;254;248;190m▀[38;2;252;231;174;48;2;241;108;125m▀[38;2;244;52;109;48;2;253;1;88m▀[38;2;254;1;92;48;2;254;0;92m▀[38;2;251;32;112;48;2;244;92;154m▀[38;2;249;17;102;48;2;240;98;160m▀[38;2;255;0;92;48;2;243;28;106m▀[38;2;255;1;91;48;2;248;49;122m▀[48;2;248;41;116m▀[48;2;253;2;91m▀[48;2;255;1;91m▀[38;2;253;1;90m▀[38;2;241;115;132;48;2;242;25;94m▀[38;2;253;247;192;48;2;252;232;179m▀[38;2;255;255;254;48;2;255;254;245m▀[38;2;255;255;255;48;2;255;255;255m▀▀▀▀▀▀▀▀▀▀[48;2;254;254;244m▀[38;2;254;254;246;48;2;252;238;178m▀[38;2;255;254;245;48;2;249;212;168m▀[38;2;255;255;252;48;2;254;250;208m▀[38;2;255;255;255;48;2;255;255;254m▀[48;2;255;255;255m▀▀▀[38;2;255;255;254;48;2;255;255;254m▀[38;2;255;255;255;48;2;255;255;253m▀[48;2;255;255;254m▀[48;2;255;255;253m▀▀[48;2;255;255;254m▀[38;2;252;251;221;48;2;251;246;200m▀[38;2;254;246;201;48;2;232;108;119m▀[38;2;253;249;203;48;2;249;204;166m▀[38;2;255;255;252;48;2;254;252;225m▀[38;2;255;255;255;48;2;255;255;255m▀[38;2;255;254;252;48;2;255;253;239m▀[38;2;255;252;226;48;2;250;217;167m▀[38;2;254;250;223;48;2;243;141;137m▀[38;2;254;252;233;48;2;253;237;180m▀[38;2;254;254;253;48;2;253;253;237m▀[38;2;254;254;254;48;2;255;255;255m▀[38;2;255;255;255m▀▀▀▀▀▀▀▀▀▀▀▀▀▀▀▀[0m
[38;2;255;255;255;48;2;255;255;255m▀[48;2;255;255;254m▀[38;2;255;254;249;48;2;254;247;207m▀[38;2;254;249;198;48;2;245;188;159m▀[38;2;249;191;160;48;2;247;19;92m▀[38;2;242;49;101;48;2;254;1;90m▀[38;2;252;2;89;48;2;254;1;92m▀[38;2;255;1;90;48;2;253;2;92m▀[38;2;255;1;91;48;2;255;1;91m▀▀[38;2;255;0;91m▀[38;2;255;0;92;48;2;251;12;99m▀[38;2;245;27;97;48;2;253;2;93m▀[38;2;248;175;156;48;2;241;27;102m▀[38;2;250;230;179;48;2;252;190;208m▀[38;2;232;53;108;48;2;254;189;218m▀[38;2;244;87;147;48;2;254;196;221m▀[38;2;248;127;175;48;2;255;197;222m▀[38;2;250;174;209;48;2;254;198;223m▀[38;2;255;195;226m▀[38;2;254;194;224m▀[38;2;254;196;224m▀[38;2;254;187;218;48;2;254;196;225m▀[38;2;246;38;115;48;2;245;51;127m▀[38;2;255;1;91;48;2;255;2;92m▀▀[38;2;251;4;89;48;2;255;1;91m▀[38;2;245;192;160;48;2;244;164;149m▀[38;2;254;253;237;48;2;254;251;230m▀[38;2;255;255;255;48;2;255;255;255m▀▀▀▀[48;2;255;255;252m▀[48;2;255;252;223m▀[48;2;254;249;206m▀[48;2;254;246;197m▀[48;2;252;241;193m▀[38;2;255;255;252;48;2;251;237;187m▀[38;2;254;253;237;48;2;251;235;183m▀[38;2;244;184;160;48;2;242;173;158m▀[38;2;234;73;105;48;2;239;64;109m▀[38;2;254;248;204;48;2;253;243;187m▀[38;2;255;255;253;48;2;254;247;200m▀[38;2;255;255;254;48;2;254;249;209m▀[38;2;255;255;255;48;2;254;250;219m▀[48;2;255;252;231m▀[48;2;254;254;252m▀[38;2;255;255;252;48;2;254;253;239m▀[38;2;253;253;231;48;2;251;226;174m▀[38;2;254;252;220;48;2;243;133;136m▀[38;2;254;251;216;48;2;243;122;134m▀[38;2;254;249;214;48;2;244;105;126m▀[38;2;254;242;193;48;2;245;97;127m▀[38;2;237;65;108;48;2;247;35;106m▀[38;2;241;114;129;48;2;246;26;100m▀[38;2;254;246;189;48;2;243;132;133m▀[38;2;255;251;225;48;2;245;157;145m▀[38;2;255;250;218;48;2;244;180;155m▀[38;2;245;180;153;48;2;244;174;159m▀[38;2;250;3;86;48;2;245;19;94m▀[38;2;244;146;140;48;2;240;75;113m▀[38;2;254;249;212;48;2;254;246;204m▀[38;2;255;255;255;48;2;255;255;255m▀▀▀▀▀▀▀▀▀▀▀▀▀▀▀▀▀[0m
[38;2;255;255;255;48;2;255;255;255m▀[38;2;255;253;245;48;2;254;251;233m▀[38;2;253;238;182;48;2;246;191;159m▀[38;2;244;50;103;48;2;251;4;89m▀[38;2;255;2;91;48;2;255;1;92m▀[38;2;255;1;91;48;2;255;0;92m▀[38;2;249;6;93;48;2;249;4;92m▀[38;2;248;139;184;48;2;250;166;206m▀[38;2;250;12;99;48;2;246;68;137m▀[38;2;255;0;92;48;2;255;0;93m▀[38;2;248;8;95;48;2;250;4;93m▀[38;2;250;162;204;48;2;251;170;209m▀[38;2;248;23;106;48;2;244;86;150m▀[38;2;244;30;110;48;2;244;19;103m▀[38;2;254;192;221;48;2;251;154;197m▀[38;2;254;198;223;48;2;252;172;208m▀[38;2;255;198;222;48;2;251;175;212m▀[48;2;252;168;207m▀[48;2;250;159;200m▀[38;2;254;198;223;48;2;252;184;213m▀[48;2;247;166;199m▀[48;2;245;92;149m▀[38;2;253;187;217;48;2;246;35;111m▀[38;2;248;36;112;48;2;255;1;92m▀[38;2;255;2;92m▀[48;2;255;2;91m▀[38;2;255;1;92;48;2;254;1;92m▀[38;2;245;135;138;48;2;244;134;138m▀[38;2;254;250;224;48;2;254;250;224m▀[38;2;255;255;255;48;2;255;255;255m▀▀▀▀[38;2;254;253;239;48;2;254;252;238m▀[38;2;251;218;172;48;2;248;176;154m▀[38;2;241;111;127;48;2;252;2;88m▀[38;2;245;77;116;48;2;255;1;90m▀[38;2;248;34;101;48;2;255;1;91m▀[38;2;248;21;96;48;2;254;1;91m▀[38;2;247;20;95m▀[38;2;248;17;96;48;2;255;1;91m▀[38;2;250;14;95m▀[38;2;247;57;109m▀[38;2;245;79;119m▀[38;2;242;110;131m▀[38;2;242;142;142;48;2;254;1;91m▀[38;2;250;220;169;48;2;241;97;124m▀[38;2;254;251;223;48;2;253;247;204m▀[38;2;254;253;238;48;2;254;253;239m▀[38;2;248;183;156;48;2;249;191;158m▀[38;2;252;2;87;48;2;246;9;87m▀[38;2;255;0;91;48;2;255;0;91m▀[48;2;255;0;92m▀[38;2;255;1;91m▀[48;2;255;1;91m▀[38;2;255;1;92;48;2;255;1;90m▀[38;2;255;1;91;48;2;255;1;91m▀▀[38;2;253;2;91m▀[38;2;248;7;90;48;2;254;1;91m▀[38;2;241;107;135;48;2;241;72;115m▀[38;2;239;176;152;48;2;253;245;185m▀[38;2;254;247;201;48;2;254;251;217m▀[38;2;255;255;255;48;2;254;253;231m▀[48;2;255;253;235m▀[48;2;255;254;245m▀[48;2;254;254;248m▀[48;2;254;255;253m▀[48;2;255;255;254m▀[48;2;255;255;255m▀[48;2;255;255;254m▀▀▀▀[48;2;255;255;255m▀▀▀▀▀▀[0m
[38;2;255;255;255;48;2;255;255;255m▀[38;2;253;250;218;48;2;253;250;220m▀[38;2;245;138;138;48;2;245;121;131m▀[38;2;254;1;91;48;2;254;2;93m▀[38;2;255;0;92;48;2;255;1;92m▀[48;2;254;0;92m▀[38;2;253;1;92;48;2;252;9;97m▀[38;2;246;128;179;48;2;243;118;168m▀[38;2;243;121;172;48;2;252;190;217m▀[38;2;246;24;106;48;2;254;188;216m▀[38;2;244;67;134;48;2;254;196;222m▀[38;2;248;169;206;48;2;254;197;223m▀[38;2;249;171;207;48;2;254;198;223m▀[38;2;247;128;178;48;2;254;197;223m▀[38;2;241;29;108;48;2;249;77;142m▀[38;2;245;6;91;48;2;254;1;91m▀[38;2;246;5;91;48;2;244;42;114m▀[38;2;248;4;90;48;2;247;122;170m▀[38;2;246;5;89;48;2;250;161;197m▀[38;2;240;113;159;48;2;253;186;216m▀[38;2;246;156;192;48;2;255;196;223m▀[38;2;238;27;104;48;2;254;192;221m▀[38;2;244;28;109;48;2;254;193;223m▀[38;2;246;34;114;48;2;255;193;223m▀[38;2;249;17;103;48;2;253;168;207m▀[38;2;255;1;92;48;2;251;13;100m▀[38;2;254;1;94;48;2;251;3;91m▀[38;2;245;154;145;48;2;246;184;157m▀[38;2;254;251;225;48;2;255;251;232m▀[38;2;255;255;255;48;2;255;255;253m▀[48;2;255;255;254m▀[48;2;255;255;255m▀▀[38;2;254;252;239;48;2;255;254;248m▀[38;2;248;200;163;48;2;253;247;199m▀[38;2;242;37;98;48;2;254;237;185m▀[38;2;248;7;89;48;2;250;217;174m▀[38;2;251;2;90;48;2;243;181;155m▀[38;2;254;1;90;48;2;243;133;133m▀[48;2;245;86;117m▀[38;2;255;1;91;48;2;253;4;89m▀[48;2;254;4;92m▀[48;2;253;2;89m▀[48;2;255;1;91m▀▀[48;2;255;1;90m▀[38;2;243;64;108;48;2;242;77;112m▀[38;2;253;246;201;48;2;254;247;201m▀[38;2;254;253;245;48;2;254;254;253m▀[38;2;254;243;182;48;2;255;248;211m▀[38;2;243;148;144;48;2;241;126;134m▀[38;2;242;40;105;48;2;240;63;114m▀[38;2;242;119;140;48;2;255;243;187m▀[38;2;243;76;116;48;2;254;246;189m▀[38;2;245;37;98;48;2;253;240;183m▀[38;2;251;7;90;48;2;242;118;138m▀[38;2;255;1;91;48;2;252;3;90m▀[38;2;253;1;89;48;2;242;105;130m▀[38;2;254;1;91;48;2;245;160;147m▀[48;2;244;150;142m▀[38;2;239;84;120;48;2;250;215;171m▀[38;2;255;245;182;48;2;255;248;190m▀[38;2;252;227;172;48;2;244;156;148m▀[38;2;246;168;147;48;2;251;3;93m▀[38;2;246;193;159;48;2;250;4;90m▀[38;2;250;222;175;48;2;245;10;90m▀[38;2;252;231;180;48;2;244;18;93m▀[38;2;253;244;192;48;2;244;50;107m▀[38;2;253;249;201;48;2;244;99;121m▀[38;2;254;251;220;48;2;248;198;158m▀[38;2;254;255;249;48;2;254;248;199m▀[38;2;253;254;244;48;2;254;249;203m▀[38;2;253;253;221;48;2;243;183;153m▀[38;2;254;252;222;48;2;246;191;158m▀[38;2;254;253;246;48;2;253;251;224m▀[38;2;255;255;255;48;2;255;255;255m▀▀▀▀▀[0m
[38;2;255;255;255;48;2;255;255;255m▀[38;2;253;250;219;48;2;253;251;224m▀[38;2;246;129;137;48;2;245;171;153m▀[38;2;255;2;93;48;2;252;3;91m▀[38;2;249;9;96;48;2;246;80;145m▀[38;2;246;90;148;48;2;254;195;222m▀[38;2;249;171;202;48;2;254;198;223m▀[38;2;253;197;221;48;2;255;198;222m▀[38;2;255;198;222m▀[38;2;255;198;223m▀[38;2;254;198;223;48;2;254;196;222m▀[48;2;254;191;218m▀[38;2;253;200;220;48;2;254;198;223m▀[38;2;255;198;223;48;2;247;143;183m▀[38;2;247;80;143;48;2;247;27;106m▀[38;2;246;16;98;48;2;248;19;101m▀[38;2;251;185;221;48;2;254;194;220m▀[38;2;255;198;224;48;2;255;200;223m▀[38;2;255;200;222m▀[38;2;255;198;222;48;2;255;198;222m▀▀[38;2;254;198;223;48;2;254;198;223m▀[38;2;255;198;223;48;2;254;198;222m▀[38;2;255;198;222;48;2;255;198;222m▀[38;2;254;194;221;48;2;252;175;207m▀[38;2;247;19;103;48;2;251;13;100m▀[38;2;247;10;91;48;2;241;48;103m▀[38;2;251;218;170;48;2;254;240;179m▀[38;2;254;241;183;48;2;249;189;180m▀[38;2;255;241;184;48;2;248;171;183m▀[38;2;254;249;202;48;2;252;232;180m▀[38;2;255;254;252;48;2;253;249;195m▀[38;2;255;255;255;48;2;253;246;192m▀[38;2;255;255;251;48;2;254;242;185m▀[48;2;255;246;194m▀[38;2;255;254;252;48;2;254;254;247m▀[38;2;254;253;242;48;2;255;255;255m▀[38;2;254;253;226;48;2;255;254;253m▀[38;2;254;249;196;48;2;254;248;198m▀[38;2;248;203;167;48;2;241;120;136m▀[38;2;250;4;89;48;2;254;1;91m▀[38;2;244;117;138;48;2;240;87;119m▀[38;2;244;191;158;48;2;253;242;180m▀[38;2;241;151;144;48;2;255;251;208m▀[38;2;245;116;133;48;2;255;250;210m▀[38;2;242;99;122;48;2;254;249;204m▀[38;2;245;173;151;48;2;253;249;204m▀[38;2;254;249;209;48;2;255;254;244m▀[38;2;254;254;254;48;2;255;254;247m▀[38;2;254;245;198;48;2;255;240;183m▀[38;2;240;88;119;48;2;241;41;98m▀[38;2;244;53;111;48;2;254;1;90m▀[38;2;251;213;177;48;2;250;6;90m▀[38;2;254;237;188;48;2;245;42;107m▀[38;2;253;247;183;48;2;243;132;138m▀[38;2;245;193;166;48;2;251;229;178m▀[38;2;248;5;90;48;2;244;35;101m▀[38;2;243;74;112;48;2;245;12;88m▀[38;2;253;243;178;48;2;250;212;170m▀[38;2;255;249;206;48;2;253;246;179m▀[38;2;254;241;177;48;2;244;142;143m▀[38;2;253;232;178;48;2;233;54;94m▀[38;2;243;170;151;48;2;253;234;176m▀[38;2;250;5;93;48;2;247;169;153m▀[38;2;255;0;92;48;2;242;83;118m▀[48;2;249;15;93m▀[38;2;255;1;91;48;2;254;1;90m▀▀[38;2;254;1;91;48;2;255;1;89m▀[38;2;243;37;97;48;2;243;27;94m▀[38;2;254;240;180;48;2;254;238;178m▀[38;2;254;238;181;48;2;244;159;150m▀[38;2;243;45;103;48;2;249;4;87m▀[38;2;245;130;137;48;2;245;177;149m▀[38;2;253;251;221;48;2;253;252;223m▀[38;2;255;255;255;48;2;255;255;255m▀▀▀▀▀[0m
[38;2;255;255;255;48;2;255;255;255m▀[38;2;254;253;236;48;2;254;254;247m▀[38;2;248;205;165;48;2;254;238;185m▀[38;2;247;7;86;48;2;241;48;99m▀[38;2;246;73;142;48;2;252;4;92m▀[38;2;253;186;220;48;2;247;16;101m▀[38;2;250;174;211;48;2;248;6;96m▀[38;2;249;169;206;48;2;244;37;115m▀[38;2;255;197;222;48;2;254;192;221m▀[38;2;244;102;154;48;2;243;49;120m▀[38;2;244;45;117;48;2;255;1;91m▀[38;2;233;37;109;48;2;246;10;96m▀[38;2;252;191;223;48;2;251;188;221m▀[38;2;242;50;121;48;2;243;50;121m▀[38;2;255;0;92;48;2;255;0;92m▀[38;2;251;4;93m▀[38;2;248;99;155;48;2;254;1;92m▀[38;2;247;145;184;48;2;253;1;92m▀[38;2;248;150;188;48;2;248;13;98m▀[38;2;244;156;191;48;2;247;146;187m▀[38;2;254;197;222;48;2;254;198;224m▀[38;2;254;198;223;48;2;253;195;222m▀[38;2;246;180;207;48;2;247;179;208m▀[38;2;233;94;146;48;2;252;185;213m▀[38;2;247;24;107;48;2;244;118;166m▀[38;2;254;1;91;48;2;240;48;117m▀[38;2;242;120;131;48;2;249;204;172m▀[38;2;254;245;177;48;2;254;245;178m▀[38;2;251;177;186;48;2;250;178;183m▀[38;2;254;156;189;48;2;254;156;191m▀[38;2;250;172;186;48;2;254;155;191m▀[38;2;254;232;181;48;2;253;162;188m▀[38;2;252;187;186;48;2;255;154;190m▀[38;2;251;166;179;48;2;254;154;188m▀[38;2;253;223;178;48;2;250;212;179m▀[38;2;254;253;234;48;2;254;252;233m▀[38;2;255;255;254;48;2;254;253;233m▀[38;2;254;252;227;48;2;254;246;187m▀[38;2;250;227;177;48;2;241;106;127m▀[38;2;243;29;97;48;2;253;2;90m▀[38;2;254;1;92;48;2;247;24;102m▀[38;2;247;7;89;48;2;251;2;92m▀[38;2;247;179;158;48;2;242;67;110m▀[38;2;254;249;212;48;2;253;241;184m▀[38;2;255;255;255;48;2;254;253;240m▀[38;2;254;255;255;48;2;255;255;255m▀[48;2;254;255;255m▀[38;2;255;255;255;48;2;255;255;254m▀[38;2;255;252;228;48;2;253;248;197m▀[38;2;250;203;165;48;2;244;120;132m▀[38;2;248;7;88;48;2;252;4;88m▀[38;2;248;24;99;48;2;248;191;166m▀[38;2;249;6;91;48;2;249;205;165m▀[38;2;254;1;92;48;2;247;70;116m▀[38;2;251;3;88;48;2;248;4;87m▀[38;2;245;193;160;48;2;246;198;162m▀[38;2;243;111;131;48;2;249;195;169m▀[38;2;253;1;91;48;2;250;5;89m▀[38;2;241;124;134;48;2;248;27;97m▀[38;2;249;206;169;48;2;245;62;113m▀[38;2;246;18;95;48;2;254;1;91m▀[38;2;240;40;98;48;2;243;86;120m▀[38;2;254;241;190;48;2;254;244;189m▀[38;2;255;249;215;48;2;254;252;226m▀[38;2;254;243;181;48;2;254;242;182m▀[38;2;244;72;117;48;2;241;42;101m▀[38;2;243;95;126;48;2;245;159;150m▀[38;2;246;144;144;48;2;254;245;181m▀[38;2;242;103;126;48;2;254;236;178m▀[38;2;242;129;134;48;2;243;177;150m▀[38;2;253;230;176;48;2;243;111;132m▀[38;2;243;43;100;48;2;251;3;89m▀[38;2;242;43;101;48;2;244;150;147m▀[38;2;254;237;180;48;2;254;243;181m▀[38;2;255;254;240;48;2;255;251;227m▀[38;2;255;255;255;48;2;255;255;253m▀[48;2;255;255;255m▀▀▀▀[0m
[38;2;255;255;255;48;2;255;255;255m▀[38;2;255;255;254m▀[38;2;253;249;208;48;2;254;254;244m▀[38;2;242;172;157;48;2;253;242;180m▀[38;2;251;4;89;48;2;240;69;112m▀[38;2;255;1;91;48;2;255;1;91m▀[38;2;254;1;91m▀[38;2;244;16;98;48;2;246;11;97m▀[38;2;254;188;222;48;2;254;186;223m▀[38;2;240;52;124;48;2;238;53;124m▀[38;2;255;1;91;48;2;253;1;91m▀[38;2;246;10;96;48;2;242;12;96m▀[38;2;252;188;221;48;2;251;189;221m▀[38;2;240;51;121;48;2;234;59;124m▀[38;2;254;0;92;48;2;247;18;101m▀[48;2;251;7;94m▀[38;2;254;1;92;48;2;252;2;92m▀[38;2;248;13;98;48;2;247;130;175m▀[38;2;247;141;183;48;2;254;196;221m▀[38;2;254;197;224;48;2;250;170;205m▀[38;2;245;174;206;48;2;236;53;123m▀[38;2;253;195;223;48;2;253;196;224m▀[38;2;234;62;127;48;2;246;50;124m▀[38;2;250;153;192;48;2;249;11;98m▀[38;2;255;196;221;48;2;245;99;152m▀[38;2;254;196;220;48;2;254;198;215m▀[38;2;253;212;207;48;2;253;207;214m▀[38;2;254;242;180;48;2;254;243;176m▀[38;2;250;197;181;48;2;253;230;179m▀[38;2;255;155;190;48;2;253;162;186m▀[48;2;255;155;190m▀[38;2;255;153;189;48;2;255;154;188m▀[38;2;255;154;188;48;2;255;154;186m▀[38;2;253;155;189;48;2;252;175;185m▀[38;2;252;219;182;48;2;253;241;183m▀[38;2;254;251;217;48;2;253;250;205m▀[38;2;253;238;179;48;2;243;144;139m▀[38;2;242;121;133;48;2;253;3;88m▀[38;2;250;5;92;48;2;254;1;91m▀[38;2;251;3;88;48;2;243;52;107m▀[38;2;242;157;154;48;2;253;234;178m▀[38;2;247;22;94;48;2;239;111;129m▀[38;2;252;3;88;48;2;252;2;89m▀[38;2;243;137;139;48;2;253;4;91m▀[38;2;252;243;183;48;2;244;115;133m▀[38;2;253;253;231;48;2;252;230;177m▀[38;2;255;255;254;48;2;254;247;201m▀[38;2;254;251;233;48;2;254;246;193m▀[38;2;251;227;176;48;2;244;115;130m▀[38;2;246;30;96;48;2;253;2;89m▀[38;2;244;28;95;48;2;243;94;122m▀[38;2;254;235;178;48;2;255;242;176m▀[38;2;253;235;176;48;2;246;161;148m▀[38;2;243;45;102;48;2;249;4;89m▀[38;2;240;49;104;48;2;243;150;146m▀[38;2;254;238;183;48;2;254;248;204m▀[38;2;254;241;181;48;2;254;248;192m▀[38;2;241;60;105;48;2;246;133;140m▀[38;2;254;0;90;48;2;254;1;91m▀[38;2;255;0;90;48;2;254;1;90m▀[38;2;248;11;94;48;2;245;114;133m▀[38;2;249;197;163;48;2;254;242;177m▀[38;2;252;232;174;48;2;245;192;157m▀[38;2;243;157;144;48;2;250;3;91m▀[38;2;246;135;143;48;2;255;1;92m▀[38;2;246;8;87;48;2;254;1;89m▀[38;2;244;124;138;48;2;253;1;90m▀[38;2;247;191;162;48;2;246;7;86m▀[38;2;250;201;167;48;2;241;178;162m▀[38;2;246;7;87;48;2;247;40;103m▀[38;2;254;3;89;48;2;253;5;89m▀[38;2;254;1;92;48;2;247;23;97m▀[38;2;246;49;109;48;2;248;5;93m▀[38;2;243;123;136;48;2;254;0;93m▀[38;2;249;213;168;48;2;242;81;119m▀[38;2;255;251;214;48;2;254;249;200m▀[38;2;255;255;255;48;2;255;255;255m▀▀▀▀[0m
[38;2;255;255;255;48;2;255;255;255m▀▀[38;2;255;255;254m▀[38;2;254;250;215;48;2;255;254;252m▀[38;2;250;210;166;48;2;254;249;196m▀[38;2;243;28;95;48;2;249;187;157m▀[38;2;255;1;91;48;2;247;20;96m▀[38;2;245;20;104;48;2;247;36;115m▀[38;2;254;190;223;48;2;254;197;223m▀[38;2;242;149;188;48;2;254;198;222m▀[38;2;250;141;188;48;2;254;198;223m▀[38;2;248;156;195m▀[38;2;253;197;225;48;2;255;200;223m▀[38;2;252;181;214;48;2;254;198;223m▀[38;2;254;187;218;48;2;254;198;224m▀[38;2;246;122;172;48;2;245;138;182m▀[38;2;244;10;96;48;2;249;5;94m▀[38;2;252;184;215;48;2;248;136;180m▀[38;2;253;186;214;48;2;245;61;129m▀[38;2;244;47;120;48;2;255;0;91m▀[38;2;244;12;98;48;2;250;5;93m▀[38;2;252;190;219;48;2;248;139;183m▀[38;2;246;50;123;48;2;247;40;116m▀[38;2;254;1;91;48;2;249;15;93m▀[38;2;243;79;115;48;2;248;203;167m▀[38;2;254;236;184;48;2;255;249;211m▀[38;2;252;235;186;48;2;254;252;235m▀[38;2;254;246;192;48;2;254;253;244m▀[38;2;255;247;196;48;2;254;254;246m▀[38;2;253;214;183;48;2;255;246;187m▀[38;2;253;158;186;48;2;252;216;176m▀[38;2;253;156;189;48;2;250;200;178m▀[38;2;250;175;184;48;2;252;238;181m▀[38;2;252;233;180;48;2;253;249;209m▀[38;2;253;250;213;48;2;255;255;251m▀[38;2;254;249;217;48;2;254;250;216m▀[38;2;242;112;127;48;2;242;147;140m▀[38;2;255;1;91;48;2;238;57;105m▀[38;2;244;34;96;48;2;250;199;167m▀[38;2;249;200;164;48;2;254;249;200m▀[38;2;254;247;191;48;2;254;254;249m▀[38;2;253;231;179;48;2;253;251;209m▀[38;2;241;55;106;48;2;249;207;169m▀[38;2;252;2;89;48;2;245;34;100m▀[38;2;253;1;91;48;2;253;3;90m▀[38;2;242;38;100;48;2;255;2;92m▀[38;2;246;181;153;48;2;244;106;127m▀[38;2;255;243;176;48;2;254;243;176m▀[38;2;247;45;106;48;2;244;46;105m▀[38;2;251;4;87;48;2;241;61;106m▀[38;2;248;177;154;48;2;254;236;176m▀[38;2;252;224;173;48;2;242;179;155m▀[38;2;246;37;101;48;2;252;4;90m▀[38;2;243;30;97;48;2;242;123;131m▀[38;2;253;230;177;48;2;254;247;198m▀[38;2;254;249;201;48;2;254;245;187m▀[38;2;251;223;172;48;2;240;81;118m▀[38;2;247;41;101;48;2;254;1;92m▀[38;2;254;1;91;48;2;253;5;90m▀[38;2;254;1;90;48;2;254;3;90m▀[38;2;245;115;136;48;2;247;15;92m▀[38;2;254;243;177;48;2;250;200;163m▀[38;2;252;234;175;48;2;255;246;190m▀[38;2;243;109;131;48;2;254;247;194m▀[38;2;245;25;95;48;2;252;234;183m▀[38;2;251;2;88;48;2;247;199;163m▀[38;2;253;1;90;48;2;243;161;147m▀[38;2;250;3;87;48;2;242;156;148m▀[38;2;238;141;150;48;2;240;63;115m▀[38;2;249;11;94;48;2;249;8;89m▀[38;2;242;65;109;48;2;249;186;159m▀[38;2;253;227;177;48;2;254;247;195m▀[38;2;247;193;160;48;2;253;235;174m▀[38;2;243;55;110;48;2;241;35;99m▀[38;2;238;84;121;48;2;244;141;142m▀[38;2;254;249;201;48;2;254;249;210m▀[38;2;255;255;255;48;2;255;255;255m▀▀▀▀[0m
[38;2;255;255;255;48;2;255;255;255m▀▀▀▀[38;2;255;255;250m▀[38;2;253;249;199;48;2;255;255;249m▀[38;2;248;194;166;48;2;252;250;204m▀[38;2;236;56;109;48;2;249;228;175m▀[38;2;253;190;218;48;2;234;148;158m▀[38;2;254;198;224;48;2;239;67;126m▀[38;2;254;196;224;48;2;244;40;116m▀[38;2;254;197;224;48;2;239;102;156m▀[38;2;255;200;223;48;2;254;191;218m▀[38;2;251;173;205;48;2;239;23;101m▀[38;2;246;129;174;48;2;253;2;93m▀[38;2;247;37;114;48;2;254;1;93m▀[38;2;252;1;92;48;2;244;54;110m▀[38;2;246;6;91;48;2;247;196;167m▀[38;2;246;27;99;48;2;245;228;177m▀[38;2;246;48;105;48;2;220;211;160m▀[38;2;247;60;109;48;2;194;185;139m▀[38;2;243;52;111;48;2;250;225;177m▀[38;2;248;12;97;48;2;224;107;113m▀[38;2;243;139;145;48;2;254;240;176m▀[38;2;254;245;188;48;2;253;247;188m▀[38;2;255;254;249;48;2;254;254;244m▀[38;2;255;255;255;48;2;254;255;251m▀[48;2;255;255;255m▀▀[38;2;254;254;246m▀[38;2;254;250;218m▀[38;2;254;251;216;48;2;255;255;254m▀[38;2;254;251;228;48;2;255;255;255m▀[38;2;255;255;253m▀[48;2;254;255;254m▀[38;2;254;253;239;48;2;244;244;243m▀[38;2;254;244;189;48;2;214;212;211m▀[38;2;254;242;188;48;2;182;177;175m▀[38;2;255;248;208;48;2;156;148;146m▀[38;2;255;253;251;48;2;131;120;119m▀[38;2;254;254;253;48;2;118;107;105m▀[38;2;254;254;251;48;2;102;90;87m▀[38;2;254;249;206;48;2;100;89;79m▀[38;2;249;214;173;48;2;167;157;114m▀[38;2;241;67;112;48;2;248;232;175m▀[38;2;247;7;89;48;2;247;193;161m▀[38;2;241;109;127;48;2;249;211;170m▀[38;2;254;243;176;48;2;206;193;150m▀[38;2;244;183;154;48;2;181;171;146m▀[38;2;248;211;167;48;2;213;206;187m▀[38;2;254;247;193;48;2;244;239;231m▀[38;2;242;194;160;48;2;252;245;198m▀[38;2;238;56;102;48;2;253;241;195m▀[38;2;252;219;174;48;2;254;248;208m▀[38;2;254;252;227;48;2;254;254;251m▀[38;2;254;240;190;48;2;254;244;193m▀[38;2;241;27;97;48;2;232;76;112m▀[38;2;250;7;90;48;2;242;131;136m▀[38;2;245;142;150;48;2;254;242;178m▀[38;2;245;48;104;48;2;246;184;157m▀[38;2;255;3;90;48;2;248;9;89m▀[38;2;241;63;111;48;2;239;16;88m▀[38;2;253;239;188;48;2;252;231;185m▀[38;2;254;254;251;48;2;255;252;221m▀[38;2;255;254;240;48;2;254;244;187m▀[38;2;254;249;194;48;2;249;187;155m▀[38;2;253;238;178;48;2;243;69;111m▀[38;2;243;116;132;48;2;251;3;94m▀[38;2;251;3;92;48;2;245;24;95m▀[38;2;242;89;119;48;2;246;188;163m▀[38;2;254;244;179;48;2;245;176;151m▀[38;2;254;248;196;48;2;252;220;174m▀[38;2;244;168;157;48;2;243;52;107m▀[38;2;242;14;89;48;2;242;80;113m▀[38;2;251;213;169;48;2;254;243;191m▀[38;2;254;253;231;48;2;254;255;251m▀[38;2;255;255;255;48;2;255;255;255m▀▀▀▀[0m
[38;2;255;255;255;48;2;255;255;255m▀▀▀▀▀[38;2;255;255;254m▀▀[38;2;254;252;226m▀[38;2;254;242;186;48;2;255;254;248m▀[38;2;247;193;165;48;2;254;249;218m▀[38;2;241;89;116;48;2;253;246;187m▀[38;2;239;94;143;48;2;250;223;180m▀[38;2;251;175;207;48;2;246;184;173m▀[38;2;243;14;94;48;2;234;110;120m▀[38;2;245;106;131;48;2;205;189;148m▀[38;2;240;146;143;48;2;210;200;149m▀[38;2;244;199;162;48;2;233;222;165m▀[38;2;155;147;105;48;2;155;146;106m▀[38;2;25;21;14;48;2;102;101;75m▀[38;2;3;1;0;48;2;53;51;40m▀[38;2;19;18;12;48;2;219;224;166m▀[38;2;244;232;173;48;2;249;241;172m▀[38;2;252;237;174;48;2;246;238;169m▀[38;2;205;195;140;48;2;126;119;88m▀[38;2;188;184;134;48;2;25;25;19m▀[38;2;248;243;182;48;2;29;26;19m▀[38;2;252;249;188;48;2;205;201;148m▀[38;2;254;254;248;48;2;255;253;241m▀[38;2;255;255;255;48;2;249;249;249m▀[48;2;188;183;183m▀[48;2;109;95;95m▀[38;2;242;241;240;48;2;48;29;25m▀[38;2;190;183;182;48;2;35;16;10m▀[38;2;131;122;120;48;2;72;53;51m▀[38;2;81;66;64;48;2;124;102;107m▀[38;2;43;24;22;48;2;174;150;158m▀[38;2;36;15;10;48;2;216;189;207m▀[38;2;39;18;15;48;2;244;215;235m▀[38;2;61;41;40;48;2;254;225;245m▀[38;2;80;59;58;48;2;255;226;246m▀[38;2;96;75;74;48;2;254;226;246m▀[38;2;113;92;92;48;2;254;225;246m▀[38;2;120;98;103;48;2;255;227;246m▀[38;2;121;99;104;48;2;254;226;246m▀[38;2;157;136;128;48;2;254;227;246m▀[38;2;169;149;133;48;2;255;228;247m▀[38;2;153;132;121;48;2;255;228;248m▀[38;2;85;64;57;48;2;254;226;247m▀[38;2;46;27;22;48;2;249;221;242m▀[38;2;34;16;9;48;2;226;199;218m▀[38;2;40;23;15;48;2;186;160;174m▀[38;2;79;67;61;48;2;136;113;119m▀[38;2;133;123;120;48;2;79;59;59m▀[38;2;195;189;188;48;2;39;18;17m▀[38;2;244;244;244;48;2;50;32;30m▀[38;2;253;250;217;48;2;116;105;103m▀[38;2;254;243;194;48;2;202;197;196m▀[38;2;254;246;196;48;2;252;251;251m▀[38;2;254;252;227;48;2;255;254;253m▀[38;2;253;245;185;48;2;253;253;233m▀[38;2;241;119;129;48;2;253;242;188m▀[38;2;231;34;91;48;2;252;226;178m▀[38;2;254;234;179;48;2;254;248;189m▀[38;2;254;241;180;48;2;252;232;177m▀[38;2;241;96;117;48;2;247;14;91m▀[38;2;247;10;93;48;2;252;3;91m▀[38;2;254;2;95;48;2;246;55;106m▀[38;2;249;19;96;48;2;249;195;164m▀[38;2;248;173;152;48;2;254;243;183m▀[38;2;241;130;139;48;2;243;111;130m▀[38;2;250;4;91;48;2;255;0;92m▀[38;2;247;16;93m▀[38;2;249;5;89;48;2;245;65;111m▀[38;2;246;180;155;48;2;253;240;182m▀[38;2;254;250;214;48;2;254;254;244m▀[38;2;255;255;255;48;2;255;255;255m▀▀▀▀▀[0m
[38;2;255;255;255;48;2;255;255;255m▀▀▀▀▀▀▀[48;2;255;252;240m▀[38;2;255;255;253;48;2;253;246;190m▀[38;2;255;254;243;48;2;241;235;175m▀[38;2;253;250;205;48;2;188;184;136m▀[38;2;253;248;182;48;2;173;170;128m▀[38;2;254;246;187;48;2;195;190;145m▀[38;2;254;244;180;48;2;214;209;156m▀[38;2;129;122;96;48;2;168;163;121m▀[38;2;143;137;109;48;2;193;187;140m▀[38;2;147;139;103;48;2;215;206;151m▀[38;2;247;241;172;48;2;229;221;163m▀[38;2;138;134;99;48;2;39;36;27m▀[38;2;25;24;18;48;2;26;25;21m▀[38;2;26;26;19;48;2;34;31;26m▀[38;2;111;107;77;48;2;170;162;120m▀[38;2;210;207;148;48;2;254;245;181m▀[38;2;78;77;56;48;2;253;246;186m▀[38;2;40;36;28;48;2;135;130;95m▀[38;2;88;88;72;48;2;90;84;68m▀[38;2;190;186;143;48;2;224;218;162m▀[38;2;168;163;146;48;2;96;81;63m▀[38;2;59;49;44;48;2;125;106;110m▀[38;2;35;19;15;48;2;218;195;206m▀[38;2;85;65;65;48;2;253;226;246m▀[38;2;162;141;149;48;2;255;225;249m▀[38;2;228;203;218;48;2;253;224;246m▀[38;2;254;224;243;48;2;255;223;246m▀[38;2;255;224;248;48;2;255;223;248m▀▀[38;2;255;224;247;48;2;255;224;247m▀▀[48;2;255;223;246m▀▀[38;2;255;224;248;48;2;255;224;247m▀[48;2;255;224;248m▀▀[48;2;255;223;247m▀[38;2;255;223;247m▀[38;2;255;224;248m▀▀[38;2;255;223;247m▀▀[48;2;255;223;248m▀[38;2;254;225;246;48;2;255;222;249m▀[38;2;254;224;246m▀[38;2;253;226;243;48;2;254;224;248m▀[38;2;233;207;221;48;2;254;225;247m▀[38;2;167;143;151m▀[38;2;90;68;68;48;2;253;225;244m▀[38;2;38;17;14;48;2;219;193;208m▀[38;2;76;63;60;48;2;123;99;106m▀[38;2;179;173;171;48;2;41;22;20m▀[38;2;251;251;249;48;2;74;61;57m▀[38;2;254;254;251;48;2;192;187;185m▀[38;2;254;254;249;48;2;254;254;252m▀[38;2;255;254;250;48;2;255;255;252m▀[38;2;252;237;183;48;2;255;248;208m▀[38;2;238;58;103;48;2;254;245;199m▀[38;2;244;134;136;48;2;253;248;197m▀[38;2;253;233;181;48;2;254;253;234m▀[38;2;254;249;210;48;2;255;255;254m▀[38;2;254;250;214;48;2;254;252;238m▀[38;2;244;145;142;48;2;252;235;181m▀[38;2;247;10;87;48;2;249;217;168m▀[38;2;243;58;107;48;2;254;241;178m▀[38;2;249;206;163;48;2;253;241;172m▀[38;2;254;249;190;48;2;251;220;178m▀[38;2;255;253;244;48;2;254;247;185m▀[38;2;254;254;254;48;2;254;253;243m▀[38;2;255;255;255;48;2;255;255;255m▀▀▀▀[0m
[38;2;255;255;255;48;2;255;255;255m▀▀▀▀▀▀▀[38;2;254;252;225;48;2;254;252;228m▀[38;2;164;158;113;48;2;221;216;154m▀[38;2;12;10;4;48;2;163;160;119m▀[38;2;2;2;1;48;2;125;122;100m▀[38;2;0;0;1;48;2;91;90;69m▀[38;2;2;0;0;48;2;197;190;139m▀[38;2;3;3;2;48;2;150;148;109m▀[38;2;156;153;110;48;2;126;124;91m▀[38;2;253;247;186;48;2;254;250;217m▀[38;2;253;251;221;48;2;254;255;255m▀[38;2;254;248;196;48;2;255;255;253m▀[38;2;251;245;185;48;2;254;253;237m▀[38;2;186;182;138;48;2;205;198;147m▀[38;2;132;129;99;48;2;184;180;134m▀[38;2;252;247;195;48;2;252;249;218m▀[38;2;254;253;235;48;2;163;156;153m▀[38;2;239;237;209;48;2;74;60;47m▀[38;2;199;196;142;48;2;239;227;177m▀[38;2;146;137;105;48;2;250;238;181m▀[38;2;250;234;189;48;2;255;233;213m▀[38;2;240;215;224;48;2;255;224;244m▀[38;2;254;226;246;48;2;255;223;247m▀[38;2;255;224;246;48;2;255;224;249m▀▀[38;2;255;223;247;48;2;255;224;246m▀[48;2;253;222;243m▀[48;2;255;224;248m▀[48;2;246;212;240m▀[38;2;255;223;246;48;2;203;159;198m▀[38;2;250;217;241;48;2;242;206;236m▀[38;2;229;191;221;48;2;228;190;222m▀[38;2;255;223;246;48;2;255;223;247m▀▀[38;2;255;223;247m▀▀▀▀▀▀▀▀▀▀▀▀[38;2;255;224;248;48;2;255;224;248m▀▀▀[38;2;255;225;248;48;2;255;223;247m▀[38;2;255;224;248m▀[38;2;255;225;243m▀[38;2;228;200;215;48;2;255;223;246m▀[38;2;118;93;101;48;2;255;224;247m▀[38;2;36;18;16;48;2;206;178;195m▀[38;2;109;97;95;48;2;72;51;52m▀[38;2;235;232;231;48;2;55;39;36m▀[38;2;253;254;254;48;2;192;187;186m▀[38;2;255;255;255;48;2;255;255;255m▀[38;2;254;254;254;48;2;254;254;254m▀[38;2;255;255;255;48;2;255;255;255m▀▀[38;2;255;255;254m▀[38;2;254;254;245m▀[38;2;254;254;240;48;2;255;255;254m▀[38;2;254;253;231;48;2;254;253;242m▀[38;2;250;223;177;48;2;252;222;182m▀[38;2;251;156;181;48;2;254;154;187m▀[38;2;251;216;181;48;2;252;170;188m▀[38;2;254;249;187;48;2;251;196;183m▀[38;2;253;247;198;48;2;251;181;183m▀[38;2;253;250;211;48;2;251;232;179m▀[38;2;255;255;252;48;2;254;253;235m▀[38;2;255;255;255;48;2;255;255;255m▀[0m
[38;2;255;255;255;48;2;255;255;255m▀▀▀▀▀▀▀[38;2;255;254;254m▀[38;2;254;253;230m▀[38;2;253;250;203;48;2;255;250;222m▀[38;2;175;172;128;48;2;129;124;90m▀[38;2;128;125;94;48;2;133;125;92m▀[38;2;253;246;174;48;2;247;237;174m▀[38;2;193;190;140;48;2;38;33;24m▀[38;2;107;105;77;48;2;124;121;87m▀[38;2;254;251;216;48;2;253;251;216m▀[38;2;255;255;255;48;2;253;255;255m▀[38;2;255;255;254;48;2;255;255;255m▀[38;2;255;254;246;48;2;255;255;254m▀[38;2;253;249;203;48;2;246;245;243m▀[38;2;247;241;194;48;2;99;87;84m▀[38;2;121;109;96;48;2;43;24;22m▀[38;2;36;17;12;48;2;182;157;169m▀[38;2;139;116;123;48;2;253;226;244m▀[38;2;249;223;237;48;2;254;224;247m▀[38;2;254;226;240;48;2;255;223;247m▀[38;2;255;225;239m▀[38;2;255;224;243m▀[38;2;255;224;244m▀[38;2;255;224;245;48;2;241;212;230m▀[38;2;250;220;239;48;2;96;69;76m▀[38;2;134;106;114;48;2;36;13;10m▀[38;2;56;31;32;48;2;36;14;9m▀[38;2;175;145;162;48;2;51;25;26m▀[38;2;183;135;182;48;2;229;195;216m▀[38;2;224;183;221;48;2;255;223;247m▀[38;2;254;221;247;48;2;255;223;245m▀[38;2;254;224;246;48;2;255;224;247m▀[38;2;255;225;247;48;2;251;221;244m▀[38;2;255;226;247;48;2;137;114;123m▀[38;2;193;166;182;48;2;37;16;11m▀[38;2;150;124;133;48;2;35;13;8m▀[38;2;249;218;239;48;2;139;114;120m▀[38;2;255;223;247;48;2;255;226;244m▀▀[48;2;255;223;247m▀▀▀[48;2;255;223;245m▀[38;2;255;223;246;48;2;231;202;216m▀[38;2;255;223;245;48;2;215;186;201m▀[38;2;255;223;247;48;2;255;223;245m▀[38;2;255;224;248;48;2;254;223;246m▀[38;2;249;218;242;48;2;185;133;176m▀[38;2;255;223;247;48;2;241;207;233m▀[48;2;255;223;246m▀▀[48;2;255;223;247m▀▀[38;2;254;226;247;48;2;254;224;247m▀[38;2;255;227;246;48;2;254;225;247m▀[38;2;246;220;235;48;2;254;224;246m▀[38;2;127;105;109;48;2;254;224;243m▀[38;2;37;19;17;48;2;173;148;157m▀[38;2;151;141;141;48;2;41;22;22m▀[38;2;253;252;253;48;2;127;116;116m▀[38;2;254;254;254;48;2;251;251;251m▀[38;2;255;255;255;48;2;254;254;254m▀▀[48;2;255;255;255m▀[38;2;255;255;254m▀[38;2;254;254;244;48;2;255;255;254m▀[38;2;254;239;182;48;2;254;249;191m▀[38;2;252;164;184;48;2;251;179;184m▀[38;2;255;155;189;48;2;255;155;187m▀[48;2;252;157;187m▀[38;2;254;156;188;48;2;251;193;185m▀[38;2;250;225;180;48;2;254;244;184m▀[38;2;255;254;237;48;2;255;254;243m▀[38;2;255;255;255;48;2;255;255;255m▀[0m
[38;2;255;255;255;48;2;255;255;255m▀▀▀▀▀▀▀▀▀[38;2;254;250;222;48;2;254;253;242m▀[38;2;176;169;123;48;2;253;248;205m▀[38;2;201;196;142;48;2;254;250;209m▀[38;2;252;246;179;48;2;254;251;222m▀[38;2;119;115;82;48;2;254;249;205m▀[38;2;194;189;139;48;2;253;249;208m▀[38;2;254;250;221;48;2;254;254;247m▀[38;2;255;255;255;48;2;255;255;255m▀[48;2;254;254;254m▀[38;2;249;248;248;48;2;121;112;112m▀[38;2;97;86;83;48;2;42;24;23m▀[38;2;47;30;29;48;2;206;180;193m▀[38;2;203;177;190;48;2;255;225;248m▀[38;2;253;224;245;48;2;255;224;248m▀[38;2;254;223;246m▀[38;2;255;222;247;48;2;255;223;247m▀[38;2;255;222;249m▀[38;2;255;223;247m▀[48;2;250;219;240m▀[38;2;240;209;229;48;2;94;65;69m▀[38;2;82;56;60;48;2;40;13;13m▀[38;2;35;11;10;48;2;132;100;114m▀[38;2;102;68;83;48;2;184;139;184m▀[38;2;115;79;101;48;2;229;198;222m▀[38;2;37;13;9;48;2;50;26;24m▀[38;2;155;128;136;48;2;63;41;42m▀[38;2;255;225;244;48;2;251;223;239m▀[38;2;255;223;245;48;2;241;212;231m▀[38;2;246;216;238;48;2;91;62;65m▀[38;2;106;81;88;48;2;40;13;9m▀[38;2;35;14;11;48;2;95;71;75m▀[38;2;66;44;42;48;2;237;212;225m▀[38;2;46;25;21;48;2;139;116;120m▀[38;2;43;21;17;48;2;35;14;9m▀[38;2;227;199;215;48;2;131;105;111m▀[38;2;255;227;245;48;2;254;226;243m▀[38;2;255;223;247;48;2;255;223;245m▀[38;2;255;223;246;48;2;251;220;236m▀[48;2;128;101;109m▀[38;2;169;143;154;48;2;34;14;10m▀[38;2;45;22;20;48;2;33;16;8m▀[38;2;40;14;13;48;2;33;15;9m▀[38;2;194;164;179;48;2;67;44;44m▀[38;2;255;224;247;48;2;248;222;242m▀[38;2;245;211;240;48;2;255;226;249m▀[38;2;253;221;246;48;2;206;162;202m▀[38;2;255;223;246;48;2;227;188;220m▀[48;2;255;223;245m▀[38;2;255;223;247;48;2;255;223;247m▀▀[38;2;254;223;248m▀[38;2;253;223;248m▀[38;2;254;223;248m▀[38;2;255;223;247m▀[38;2;255;223;245m▀[38;2;197;171;185;48;2;255;224;245m▀[38;2;44;25;25;48;2;202;175;188m▀[38;2;124;113;113;48;2;44;23;25m▀[38;2;252;251;251;48;2;143;132;132m▀[38;2;254;254;254;48;2;254;253;254m▀[38;2;255;255;255;48;2;254;254;254m▀▀▀[38;2;253;249;202;48;2;254;253;238m▀[38;2;251;208;180;48;2;252;250;207m▀[38;2;251;192;181;48;2;252;250;205m▀[38;2;252;222;179;48;2;253;251;219m▀[38;2;253;245;187;48;2;255;254;248m▀[38;2;254;253;229;48;2;255;255;255m▀[38;2;255;255;254m▀[38;2;255;255;255m▀[0m
[38;2;255;255;255;48;2;255;255;255m▀▀▀▀▀▀▀▀▀▀[38;2;255;255;254m▀[38;2;255;255;253m▀[38;2;255;255;255m▀[38;2;255;255;253m▀[38;2;255;255;255m▀▀[48;2;231;229;227m▀[38;2;168;163;161;48;2;44;33;26m▀[38;2;34;20;18;48;2;140;130;130m▀[38;2;186;162;174;48;2;254;248;251m▀[38;2;254;224;244;48;2;254;239;249m▀[38;2;255;224;247;48;2;253;226;245m▀[38;2;255;224;248;48;2;254;225;247m▀[48;2;255;223;248m▀[38;2;255;223;247;48;2;255;223;247m▀▀[38;2;255;223;246;48;2;210;183;198m▀[38;2;152;123;130;48;2;37;17;10m▀[38;2;42;13;13;48;2;134;110;118m▀[38;2;150;123;137;48;2;187;147;186m▀[38;2;182;139;183;48;2;228;192;225m▀[38;2;238;204;236;48;2;254;225;247m▀[38;2;253;224;246;48;2;255;226;248m▀[38;2;126;101;106;48;2;214;187;203m▀[38;2;34;14;9;48;2;36;14;10m▀[38;2;181;156;167;48;2;41;22;16m▀[38;2;91;67;69;48;2;31;14;6m▀[38;2;37;12;7;48;2;124;102;103m▀[38;2;119;94;97;48;2;250;224;239m▀[38;2;248;221;237;48;2;254;225;246m▀[38;2;254;227;245;48;2;255;226;246m▀[38;2;234;208;222;48;2;254;227;245m▀[38;2;43;22;18;48;2;122;98;104m▀[38;2;46;24;21;48;2;35;13;10m▀[38;2;239;211;226;48;2;156;131;138m▀[38;2;248;219;236;48;2;103;81;87m▀[38;2;111;82;90;48;2;36;14;13m▀[38;2;36;13;7;48;2;67;44;41m▀[38;2;49;30;26;48;2;219;195;206m▀[38;2;176;155;164;48;2;254;226;247m▀[38;2;58;38;38;48;2;158;136;142m▀[38;2;34;14;9;48;2;35;13;8m▀[38;2;171;147;159;48;2;74;51;50m▀[38;2;254;225;248;48;2;250;225;239m▀[38;2;196;147;194;48;2;244;211;239m▀[38;2;186;131;186;48;2;176;117;179m▀[38;2;254;222;245;48;2;234;196;226m▀[38;2;255;224;248;48;2;254;222;246m▀[48;2;254;226;245m▀[38;2;255;223;247;48;2;254;225;246m▀[48;2;254;223;247m▀[48;2;255;223;247m▀▀▀[38;2;255;224;243;48;2;255;223;246m▀[38;2;255;225;243m▀[38;2;186;160;173;48;2;255;224;246m▀[38;2;39;19;20;48;2;143;119;129m▀[38;2;181;173;173;48;2;50;32;32m▀[38;2;254;254;254;48;2;229;225;225m▀[48;2;254;254;254m▀[48;2;255;255;255m▀▀[38;2;255;255;255m▀▀▀▀▀▀▀[0m
[38;2;255;255;255;48;2;255;255;255m▀▀▀▀▀▀▀▀▀▀▀▀▀▀▀[48;2;223;220;220m▀[38;2;119;106;107;48;2;41;20;19m▀[38;2;74;60;56;48;2;204;189;193m▀[38;2;249;247;248;48;2;254;255;255m▀[38;2;254;255;255;48;2;255;255;255m▀▀[38;2;253;235;247;48;2;254;234;247m▀[38;2;253;224;246;48;2;254;222;246m▀[38;2;255;223;248;48;2;255;222;249m▀[38;2;255;223;247;48;2;255;222;247m▀[48;2;255;223;247m▀[38;2;217;190;206;48;2;253;224;246m▀[38;2;36;15;9;48;2;72;49;49m▀[38;2;87;59;71;48;2;47;24;25m▀[38;2;211;172;208;48;2;242;213;232m▀[38;2;255;225;249;48;2;255;226;247m▀[38;2;254;226;247;48;2;254;227;246m▀[38;2;255;226;248;48;2;194;167;180m▀[38;2;217;191;206;48;2;52;27;25m▀[38;2;45;24;19;48;2;38;14;10m▀[38;2;34;16;9;48;2;71;51;47m▀[38;2;44;26;19;48;2;34;15;9m▀[38;2;240;217;227;48;2;181;159;167m▀[38;2;254;226;247;48;2;254;226;247m▀[38;2;255;225;248;48;2;255;226;248m▀[38;2;254;225;247;48;2;254;225;247m▀[38;2;254;225;246m▀[38;2;212;185;200;48;2;253;226;245m▀[38;2;35;15;11;48;2;68;47;46m▀[38;2;38;19;13;48;2;32;16;7m▀[38;2;34;14;8;48;2;69;50;45m▀[38;2;75;54;54;48;2;236;212;222m▀[38;2;233;206;221;48;2;255;225;246m▀[38;2;255;224;245;48;2;255;223;247m▀[38;2;255;224;246;48;2;255;223;246m▀[38;2;243;215;233;48;2;255;224;246m▀[38;2;55;31;29;48;2;143;116;125m▀[38;2;38;14;6;48;2;37;14;8m▀[38;2;191;166;173;48;2;93;70;72m▀[38;2;254;226;247;48;2;253;226;245m▀[38;2;204;156;200;48;2;185;156;172m▀[38;2;162;121;152;48;2;44;18;22m▀[38;2;84;56;63;48;2;35;15;9m▀[38;2;120;94;100;48;2;37;14;9m▀[38;2;253;225;244;48;2;192;167;177m▀[38;2;254;224;247;48;2;254;224;245m▀[38;2;255;223;247;48;2;255;223;247m▀▀▀▀▀[38;2;255;224;247;48;2;255;224;247m▀[38;2;250;221;242;48;2;255;224;246m▀[38;2;82;60;65;48;2;212;184;200m▀[38;2;103;88;89;48;2;38;18;19m▀[38;2;253;253;253;48;2;198;193;192m▀[38;2;255;255;255;48;2;254;254;254m▀[48;2;255;255;255m▀▀▀▀▀▀▀▀[0m
[38;2;255;255;255;48;2;255;255;255m▀▀▀▀▀▀▀▀▀▀▀▀▀▀[48;2;254;253;254m▀[38;2;138;128;127;48;2;98;81;82m▀[38;2;108;85;85;48;2;211;186;200m▀[38;2;253;226;241;48;2;254;225;243m▀[38;2;254;242;250;48;2;255;223;243m▀[38;2;254;251;254;48;2;255;225;244m▀[38;2;254;243;251;48;2;254;226;245m▀[38;2;254;226;245;48;2;255;228;245m▀[38;2;255;226;245;48;2;255;242;244m▀[38;2;255;228;246;48;2;255;245;241m▀[38;2;254;225;245;48;2;255;240;244m▀[38;2;255;223;247;48;2;254;224;247m▀[38;2;248;214;240;48;2;200;154;193m▀[38;2;117;83;100;48;2;209;169;201m▀[38;2;34;14;11;48;2;47;26;28m▀[38;2;167;141;150;48;2;67;45;43m▀[38;2;253;224;241;48;2;124;99;106m▀[38;2;164;137;149;48;2;35;13;9m▀[38;2;42;17;16;48;2;53;30;33m▀[38;2;46;20;19;48;2;193;162;182m▀[38;2;176;150;160;48;2;255;227;245m▀[38;2;217;191;201;48;2;254;226;244m▀[38;2;36;17;11;48;2;98;75;77m▀[38;2;89;68;70;48;2;38;15;12m▀[38;2;253;226;246;48;2;205;181;195m▀[38;2;255;226;248;48;2;255;227;248m▀[38;2;254;225;247;48;2;238;210;231m▀[38;2;250;221;242;48;2;97;71;78m▀[38;2;131;105;113;48;2;36;12;8m▀[38;2;35;16;11;48;2;46;23;23m▀[38;2;31;16;9;48;2;71;43;55m▀[38;2;60;39;39;48;2;37;14;13m▀[38;2;245;218;232;48;2;147;123;129m▀[38;2;255;224;246;48;2;255;225;245m▀[38;2;255;223;247;48;2;255;223;247m▀▀[38;2;255;224;247;48;2;255;224;247m▀[38;2;233;204;223;48;2;255;226;244m▀[38;2;41;21;17;48;2;110;86;90m▀[38;2;36;15;11;48;2;34;15;9m▀[38;2;164;141;147;48;2;34;13;11m▀[38;2;41;21;20;48;2;77;56;58m▀[38;2;55;30;36;48;2;196;154;189m▀[38;2;130;98;115;48;2;186;135;183m▀[38;2;38;14;11;48;2;88;61;66m▀[38;2;85;64;64;48;2;36;15;12m▀[38;2;254;224;241;48;2;216;189;201m▀[38;2;255;223;247;48;2;255;226;246m▀[48;2;255;225;249m▀[48;2;255;223;247m▀▀▀[48;2;249;220;245m▀[38;2;249;219;249;48;2;225;200;251m▀[38;2;242;213;247;48;2;222;200;253m▀[38;2;110;86;99;48;2;201;172;211m▀[38;2;85;73;69;48;2;36;18;15m▀[38;2;253;252;252;48;2;205;203;202m▀[38;2;254;254;254;48;2;254;254;254m▀[38;2;255;255;255;48;2;255;255;255m▀▀▀▀▀▀▀[0m
[38;2;255;255;255;48;2;255;255;255m▀▀▀▀▀▀▀▀▀▀▀▀▀[48;2;255;254;254m▀[38;2;254;245;250;48;2;190;176;180m▀[38;2;186;158;169;48;2;249;223;239m▀[38;2;254;227;243;48;2;254;227;245m▀[38;2;254;225;246;48;2;254;225;246m▀[38;2;255;223;248;48;2;255;223;248m▀[38;2;255;223;247;48;2;255;223;247m▀[38;2;255;225;249m▀[38;2;255;228;244;48;2;255;225;245m▀[38;2;255;245;243;48;2;255;239;240m▀[38;2;255;245;239;48;2;255;241;243m▀[38;2;255;243;241;48;2;253;232;242m▀[38;2;231;196;225;48;2;187;136;181m▀[38;2;195;146;188;48;2;242;205;234m▀[38;2;254;222;248;48;2;255;225;248m▀[38;2;143;120;126;48;2;243;215;234m▀[38;2;36;15;10;48;2;90;65;70m▀[38;2;35;15;7;48;2;120;96;100m▀[38;2;84;60;62;48;2;232;202;224m▀[38;2;172;127;165;48;2;198;150;193m▀[38;2;251;218;245;48;2;254;224;247m▀[38;2;255;228;247;48;2;254;226;246m▀[38;2;255;227;248;48;2;255;226;247m▀[38;2;204;176;195;48;2;254;225;248m▀[38;2;40;15;13;48;2;105;80;86m▀[38;2;87;68;70;48;2;34;14;9m▀[38;2;211;187;199;48;2;40;18;14m▀[38;2;64;42;41;48;2;37;15;9m▀[38;2;36;14;5;48;2;125;102;105m▀[38;2;85;59;59;48;2;227;195;219m▀[38;2;163;115;162;48;2;200;163;197m▀[38;2;212;185;202;48;2;254;249;237m▀[38;2;51;31;25;48;2;166;150;148m▀[38;2;43;21;18;48;2;37;15;10m▀[38;2;219;192;205;48;2;80;58;56m▀[38;2;255;223;247;48;2;247;218;236m▀[38;2;255;223;246;48;2;253;223;239m▀[38;2;254;223;244;48;2;161;136;146m▀[38;2;211;185;196;48;2;41;19;19m▀[38;2;64;43;42;48;2;38;16;15m▀[38;2;33;15;8;48;2;63;43;42m▀[38;2;34;16;10;48;2;33;16;11m▀[38;2;218;193;201;48;2;148;125;129m▀[38;2;239;207;231;48;2;253;223;245m▀[38;2;172;115;172;48;2;177;121;179m▀[38;2;156;127;144;48;2;140;105;129m▀[38;2;37;14;9;48;2;39;13;9m▀[38;2;150;124;130;48;2;116;90;95m▀[38;2;255;227;246;48;2;255;226;245m▀[38;2;254;225;247;48;2;252;223;248m▀[38;2;254;223;247;48;2;231;203;247m▀[38;2;254;223;246;48;2;226;199;251m▀[38;2;255;223;247;48;2;239;210;248m▀[38;2;247;219;247;48;2;253;223;248m▀[38;2;226;199;253;48;2;233;205;248m▀[38;2;224;199;253;48;2;225;198;250m▀[38;2;225;199;246;48;2;228;200;248m▀[38;2;85;62;72;48;2;165;138;160m▀[38;2;126;117;114;48;2;55;40;36m▀[38;2;254;254;254;48;2;250;249;249m▀[38;2;255;255;255;48;2;255;255;255m▀▀▀▀▀▀▀[0m
[38;2;255;255;255;48;2;255;255;255m▀▀▀▀▀▀▀▀▀▀▀▀▀[38;2;254;250;252;48;2;253;242;246m▀[38;2;155;132;136;48;2;255;224;243m▀[38;2;240;213;232;48;2;255;224;245m▀[38;2;255;226;247;48;2;255;224;247m▀[38;2;254;224;247;48;2;255;223;247m▀[38;2;255;223;247m▀▀▀[38;2;255;223;246m▀[38;2;255;224;245m▀[38;2;255;223;248;48;2;250;217;244m▀[38;2;217;177;213;48;2;184;133;184m▀[38;2;211;162;206;48;2;249;214;242m▀[38;2;255;222;247;48;2;255;223;247m▀[38;2;255;223;247m▀[38;2;254;224;247;48;2;254;224;247m▀[38;2;254;227;244;48;2;255;226;248m▀[38;2;240;213;227;48;2;165;137;149m▀[38;2;197;160;192;48;2;52;22;29m▀[38;2;222;181;215;48;2;215;184;205m▀[38;2;254;225;247;48;2;254;225;246m▀[38;2;255;226;247;48;2;255;226;248m▀[38;2;255;226;246;48;2;255;226;247m▀[48;2;255;225;246m▀[38;2;220;193;209;48;2;253;225;244m▀[38;2;42;20;18;48;2;213;186;202m▀[38;2;48;26;27;48;2;194;158;192m▀[38;2;161;132;155;48;2;228;192;228m▀[38;2;253;224;247;48;2;252;220;244m▀[38;2;209;166;205;48;2;195;153;188m▀[38;2;239;221;228;48;2;254;248;239m▀[38;2;255;249;233;48;2;249;243;228m▀[38;2;244;232;229;48;2;254;250;236m▀[38;2;111;80;96;48;2;205;174;199m▀[38;2;36;13;9;48;2;93;58;79m▀[38;2;111;88;88;48;2;38;12;10m▀[38;2;110;86;91;48;2;37;13;9m▀[38;2;33;13;8;48;2;62;42;37m▀[38;2;42;20;18;48;2;204;179;194m▀[38;2;157;119;147;48;2;193;141;190m▀[38;2;236;211;227;48;2;253;225;245m▀[38;2;43;24;22;48;2;123;102;107m▀[38;2;64;37;39;48;2;42;15;8m▀[38;2;247;220;236;48;2;95;72;73m▀[38;2;133;95;121;48;2;41;14;16m▀[38;2;45;16;16;48;2;53;23;31m▀[38;2;53;25;24;48;2;210;181;199m▀[38;2;201;174;186;48;2;254;226;246m▀[38;2;254;225;244;48;2;253;224;245m▀[38;2;239;210;249;48;2;245;216;250m▀[38;2;221;197;251;48;2;222;199;250m▀[38;2;223;198;255;48;2;223;197;254m▀[38;2;226;199;248;48;2;231;203;247m▀[38;2;254;222;247;48;2;254;222;247m▀[48;2;255;223;247m▀[38;2;250;219;246m▀[38;2;253;221;247;48;2;255;223;246m▀[38;2;234;205;223;48;2;254;225;241m▀[38;2;38;19;17;48;2;73;50;53m▀[38;2;211;208;206;48;2;165;156;154m▀[38;2;255;255;255;48;2;255;254;255m▀[48;2;255;255;255m▀▀▀▀▀▀[0m
[38;2;255;255;255;48;2;255;255;255m▀▀▀▀▀▀▀▀▀▀▀▀[38;2;253;252;252;48;2;207;202;200m▀[38;2;109;92;95;48;2;56;36;33m▀[38;2;249;218;237;48;2;252;221;243m▀[38;2;255;224;243;48;2;255;224;243m▀[38;2;255;223;246;48;2;255;223;247m▀[38;2;255;223;247m▀▀▀▀▀[38;2;255;224;246;48;2;251;220;244m▀[38;2;215;174;211;48;2;186;133;183m▀[38;2;214;170;212;48;2;249;215;242m▀[38;2;255;223;246;48;2;255;223;245m▀[38;2;255;223;247;48;2;255;223;247m▀▀▀[38;2;254;224;247m▀[38;2;248;218;239;48;2;251;218;243m▀[38;2;85;56;69;48;2;192;148;185m▀[38;2;65;40;40;48;2;148;123;126m▀[38;2;229;202;216;48;2;79;53;58m▀[38;2;254;224;244;48;2;251;221;238m▀[38;2;254;223;247;48;2;255;222;246m▀[38;2;253;222;246;48;2;254;222;245m▀[38;2;253;223;245m▀[38;2;253;223;248;48;2;238;202;231m▀[38;2;197;145;191;48;2;212;165;203m▀[38;2;252;220;247;48;2;202;173;190m▀[38;2;228;191;221;48;2;73;44;52m▀[38;2;153;128;140;48;2;97;83;73m▀[38;2;100;87;79;48;2;179;170;160m▀[38;2;81;62;55;48;2;248;241;229m▀[38;2;253;247;235;48;2;254;251;235m▀[38;2;247;237;233;48;2;255;250;236m▀[38;2;171;128;163;48;2;216;188;204m▀[38;2;93;61;78;48;2;210;169;203m▀[38;2;109;83;90;48;2;254;226;244m▀[38;2;236;208;226;48;2;254;225;247m▀[38;2;255;225;249m▀[38;2;195;145;192;48;2;202;154;198m▀[38;2;250;219;243;48;2;244;212;238m▀[38;2;228;202;217;48;2;254;226;247m▀[38;2;46;25;20;48;2;186;162;174m▀[38;2;36;14;11;48;2;140;116;123m▀[38;2;74;41;51;48;2;200;158;196m▀[38;2;154;107;152;48;2;172;114;173m▀[38;2;232;197;231;48;2;214;169;215m▀[38;2;254;224;248;48;2;255;224;244m▀[38;2;253;224;246;48;2;254;223;246m▀[48;2;254;225;247m▀[38;2;247;219;246;48;2;255;226;248m▀[38;2;244;215;248;48;2;255;225;249m▀[38;2;253;221;248;48;2;255;224;248m▀[38;2;255;223;247;48;2;255;223;247m▀▀[48;2;255;223;248m▀[38;2;255;223;246;48;2;255;223;247m▀[38;2;255;225;242;48;2;255;224;245m▀[38;2;115;92;97;48;2;153;128;135m▀[38;2;125;114;112;48;2;91;77;75m▀[38;2;255;254;255;48;2;255;254;255m▀[38;2;255;255;255;48;2;255;255;255m▀▀▀▀▀▀[0m
[38;2;255;255;255;48;2;255;255;255m▀▀▀▀▀▀▀▀▀▀▀▀[38;2;145;137;134;48;2;90;77;72m▀[38;2;111;85;89;48;2;164;137;147m▀[38;2;255;223;249;48;2;255;224;247m▀[38;2;255;223;246;48;2;255;223;247m▀[38;2;255;222;248m▀[38;2;255;223;247m▀▀▀▀▀[38;2;223;183;217;48;2;190;141;187m▀[38;2;209;163;205;48;2;242;206;238m▀[38;2;255;223;247;48;2;254;225;247m▀[38;2;255;222;246;48;2;253;224;246m▀[38;2;255;223;247;48;2;255;223;247m▀▀▀▀[38;2;239;205;232;48;2;228;189;223m▀[38;2;209;166;200;48;2;221;182;218m▀[38;2;255;225;244;48;2;255;224;248m▀[38;2;234;206;222;48;2;255;224;247m▀[38;2;254;225;245;48;2;255;224;248m▀[38;2;255;223;246;48;2;255;223;247m▀[38;2;254;222;245m▀[48;2;249;217;243m▀[38;2;206;159;201;48;2;196;149;194m▀[38;2;242;206;235;48;2;254;223;247m▀[38;2;226;194;218;48;2;206;168;206m▀[38;2;187;160;176;48;2;238;222;227m▀[38;2;254;250;236;48;2;255;251;232m▀[38;2;254;252;231;48;2;255;251;231m▀[38;2;254;251;234m▀[38;2;254;251;232m▀[38;2;255;250;232m▀[38;2;252;245;232m▀[38;2;188;142;183;48;2;232;215;215m▀[38;2;241;208;235;48;2;194;145;191m▀[38;2;253;224;246;48;2;254;222;247m▀[48;2;255;223;247m▀[38;2;208;162;205;48;2;213;167;209m▀[38;2;240;203;235;48;2;234;195;230m▀[38;2;255;223;249;48;2;255;223;248m▀[38;2;254;224;248;48;2;255;223;247m▀[38;2;255;224;248m▀[38;2;216;170;211;48;2;216;170;212m▀[38;2;174;112;174;48;2;174;113;173m▀[38;2;195;144;195;48;2;177;123;178m▀[38;2;254;226;246;48;2;253;222;246m▀[38;2;255;226;247;48;2;255;224;247m▀[38;2;254;225;247;48;2;255;223;246m▀▀[38;2;255;223;247;48;2;255;223;247m▀▀▀▀[38;2;255;223;248m▀[38;2;255;223;247m▀[38;2;255;224;245;48;2;255;224;247m▀[38;2;179;154;163;48;2;197;171;182m▀[38;2;64;48;46;48;2;52;34;28m▀[38;2;254;253;254;48;2;253;252;252m▀[38;2;255;255;255;48;2;255;255;255m▀▀▀▀▀▀[0m
[38;2;255;255;255;48;2;255;255;255m▀▀▀▀▀▀▀▀▀▀▀[38;2;250;249;248;48;2;218;216;216m▀[38;2;49;31;26;48;2;43;24;23m▀[38;2;210;184;199;48;2;244;217;236m▀[38;2;255;223;246;48;2;255;223;246m▀[38;2;255;223;247;48;2;255;223;247m▀▀▀▀▀▀[38;2;241;205;234;48;2;214;164;206m▀[38;2;192;143;190;48;2;223;181;218m▀[38;2;254;225;249;48;2;254;224;247m▀[38;2;255;226;248m▀[38;2;253;224;246;48;2;254;225;246m▀[38;2;255;223;247;48;2;255;224;247m▀[48;2;248;217;240m▀[48;2;255;223;247m▀▀[38;2;220;178;214;48;2;212;170;207m▀[38;2;232;195;225;48;2;241;204;232m▀[38;2;255;223;246;48;2;255;223;246m▀[48;2;255;223;247m▀[38;2;255;223;247m▀▀[48;2;254;221;246m▀[38;2;218;178;214;48;2;194;146;190m▀[38;2;226;187;223;48;2;252;219;247m▀[38;2;251;218;245;48;2;218;179;213m▀[38;2;197;158;191;48;2;229;209;217m▀[38;2;255;249;238;48;2;255;251;234m▀[38;2;255;251;234;48;2;255;251;232m▀[38;2;255;251;231;48;2;255;251;231m▀[48;2;252;248;228m▀[48;2;223;219;199m▀[48;2;255;251;231m▀▀[38;2;255;250;231m▀[38;2;201;169;190;48;2;249;241;233m▀[38;2;219;174;216;48;2;182;137;178m▀[38;2;255;223;247;48;2;239;201;234m▀[38;2;217;172;212;48;2;218;174;213m▀[38;2;231;192;227;48;2;229;189;226m▀[38;2;255;223;248;48;2;255;223;248m▀[38;2;255;223;247;48;2;255;223;247m▀▀[38;2;217;172;212;48;2;216;172;212m▀[38;2;174;113;173;48;2;171;113;176m▀[38;2;174;114;172;48;2;172;113;175m▀[38;2;245;210;237;48;2;229;191;223m▀[38;2;255;223;246;48;2;255;224;247m▀▀[48;2;255;223;246m▀[38;2;255;223;247;48;2;255;223;247m▀▀▀▀▀[48;2;252;220;244m▀[38;2;255;224;248;48;2;255;224;248m▀[38;2;211;184;198;48;2;222;195;209m▀[38;2;45;25;18;48;2;41;21;14m▀[38;2;248;247;247;48;2;244;243;243m▀[38;2;255;255;255;48;2;255;255;255m▀▀▀▀▀▀[0m
[38;2;255;255;255;48;2;255;255;255m▀▀▀▀▀▀▀▀▀▀▀[38;2;181;176;175;48;2;146;137;134m▀[38;2;72;49;51;48;2;105;81;84m▀[38;2;254;225;245;48;2;254;225;247m▀[38;2;255;223;243;48;2;235;199;227m▀[38;2;255;223;247;48;2;254;223;243m▀[38;2;255;223;248;48;2;255;223;245m▀[38;2;255;223;247;48;2;255;223;247m▀▀▀[48;2;245;209;237m▀[38;2;192;137;186;48;2;197;146;191m▀[38;2;245;213;239;48;2;214;189;201m▀[38;2;102;75;86;48;2;34;14;8m▀[38;2;94;71;74;48;2;33;14;7m▀[38;2;159;133;144;48;2;34;15;8m▀[38;2;197;170;181;48;2;33;13;7m▀[38;2;60;35;37;48;2;33;14;7m▀[38;2;224;195;210;48;2;121;98;100m▀[38;2;255;223;246;48;2;247;216;238m▀[38;2;210;164;204;48;2;210;163;204m▀[38;2;245;208;238;48;2;246;210;238m▀[38;2;255;223;246;48;2;255;223;245m▀[38;2;255;223;247;48;2;255;222;246m▀▀▀[38;2;230;192;223;48;2;198;150;192m▀[38;2;214;172;210;48;2;248;213;243m▀[38;2;253;219;247;48;2;221;182;216m▀[38;2;193;153;187;48;2;223;200;213m▀[38;2;252;248;236;48;2;254;251;232m▀[38;2;255;251;232;48;2;255;251;232m▀▀[48;2;247;242;226m▀[38;2;205;199;187;48;2;127;119;108m▀[38;2;36;23;10;48;2;32;16;6m▀[38;2;178;168;156;48;2;33;16;7m▀[38;2;201;193;178;48;2;31;15;5m▀[38;2;145;135;121;48;2;33;15;6m▀[38;2;90;78;67;48;2;34;15;8m▀[38;2;122;93;105;48;2;61;40;37m▀[38;2;185;133;180;48;2;215;181;204m▀[38;2;214;166;213;48;2;172;117;174m▀[38;2;229;189;226;48;2;229;189;226m▀[38;2;255;223;248;48;2;255;223;248m▀[38;2;255;223;247;48;2;255;223;247m▀▀[38;2;213;171;210;48;2;204;165;203m▀[38;2;146;162;210;48;2;138;174;218m▀[38;2;166;131;193;48;2;153;145;202m▀[38;2;220;172;216;48;2;207;156;202m▀[38;2;255;225;248;48;2;255;225;248m▀[38;2;255;225;247;48;2;255;224;247m▀[38;2;255;223;246;48;2;255;223;246m▀[38;2;255;223;247;48;2;255;223;247m▀▀▀▀[38;2;248;213;241;48;2;250;216;243m▀[38;2;201;152;196;48;2;195;141;190m▀[38;2;255;224;248;48;2;255;224;248m▀[38;2;223;196;211;48;2;218;191;205m▀[38;2;41;21;16;48;2;42;21;17m▀[38;2;244;243;243;48;2;246;244;243m▀[38;2;255;255;255;48;2;255;255;255m▀▀▀▀▀▀[0m
[38;2;255;255;255;48;2;255;255;255m▀▀▀▀▀▀▀▀▀▀▀[38;2;114;100;96;48;2;85;70;64m▀[38;2;137;112;118;48;2;163;137;144m▀[38;2;252;222;247;48;2;246;212;241m▀[38;2;206;157;202;48;2;201;151;197m▀[38;2;254;222;244;48;2;255;223;246m▀[38;2;254;222;245m▀[38;2;255;223;247;48;2;255;223;247m▀▀▀[38;2;224;182;217;48;2;226;185;220m▀[38;2;222;180;216;48;2;246;216;240m▀[38;2;225;200;211;48;2;254;241;237m▀[38;2;62;44;38;48;2;251;247;234m▀[38;2;34;15;9;48;2;118;134;116m▀[48;2;52;70;43m▀[38;2;33;16;8;48;2;75;79;41m▀[38;2;34;15;9;48;2;39;26;11m▀[38;2;33;14;8;48;2;34;15;7m▀[38;2;58;37;35;48;2;33;16;7m▀[38;2;118;86;103;48;2;34;16;6m▀[38;2;231;196;217;48;2;146;118;126m▀[38;2;255;220;242;48;2;255;220;239m▀[38;2;255;220;244;48;2;254;219;241m▀[38;2;254;220;242m▀[38;2;236;196;227;48;2;201;153;195m▀[38;2;207;165;204;48;2;246;209;242m▀[38;2;250;216;245;48;2;214;170;210m▀[38;2;197;152;188;48;2;228;208;218m▀[38;2;253;247;235;48;2;255;250;234m▀[38;2;254;251;232m▀[38;2;234;230;212;48;2;146;141;124m▀[38;2;132;122;108;48;2;30;17;4m▀[38;2;53;38;28;48;2;34;15;8m▀[38;2;32;15;6;48;2;33;18;7m▀[38;2;31;17;6;48;2;55;48;21m▀[38;2;33;16;6;48;2;102;104;50m▀[38;2;32;16;6;48;2;144;163;74m▀[38;2;32;23;11;48;2;80;112;65m▀[38;2;46;49;35;48;2;45;89;62m▀[38;2;188;182;176;48;2;138;162;142m▀[38;2;254;244;240;48;2;252;248;239m▀[38;2;195;155;189;48;2;220;193;211m▀[38;2;229;188;225;48;2;231;189;225m▀[38;2;255;223;248;48;2;255;223;248m▀[38;2;255;223;247;48;2;255;223;247m▀[48;2;255;223;248m▀[38;2;199;158;200;48;2;196;147;194m▀[38;2;139;173;220;48;2;141;169;217m▀[38;2;147;154;209;48;2;143;166;218m▀[38;2;196;140;192;48;2;182;128;181m▀[38;2;255;224;248;48;2;254;224;248m▀[38;2;255;224;247;48;2;255;224;247m▀[38;2;255;223;246;48;2;255;223;246m▀[38;2;255;223;247;48;2;255;223;247m▀▀▀▀[38;2;250;217;243;48;2;250;217;243m▀[38;2;190;140;188;48;2;189;140;188m▀[38;2;255;224;248;48;2;255;224;248m▀[38;2;197;170;185;48;2;186;159;174m▀[38;2;54;32;28;48;2;73;53;49m▀[38;2;253;251;250;48;2;254;254;253m▀[38;2;255;255;255;48;2;255;255;255m▀▀▀▀▀▀[0m
[38;2;255;255;255;48;2;255;255;255m▀▀▀▀▀▀▀▀▀▀[38;2;253;253;253;48;2;247;247;246m▀[38;2;59;45;37;48;2;42;24;17m▀[38;2;184;159;166;48;2;205;180;191m▀[38;2;236;201;231;48;2;231;194;225m▀[38;2;209;161;204;48;2;218;172;212m▀[38;2;255;222;246;48;2;255;222;246m▀[38;2;255;223;246m▀[38;2;255;223;247;48;2;255;223;247m▀[38;2;255;224;248;48;2;255;225;248m▀[38;2;200;172;185;48;2;91;70;74m▀[38;2;149;125;130;48;2;38;21;14m▀[38;2;253;245;237;48;2;244;238;220m▀[38;2;254;250;237;48;2;255;251;232m▀[38;2;224;229;213;48;2;143;163;142m▀[38;2;58;98;72;48;2;67;108;72m▀[38;2;117;161;77;48;2;176;216;92m▀[38;2;186;223;94;48;2;187;223;84m▀[38;2;179;213;91;48;2;187;224;83m▀[38;2;142;164;73;48;2;185;225;85m▀[38;2;57;66;36;48;2;145;185;86m▀[38;2;46;40;27;48;2;73;106;76m▀[38;2;204;193;186;48;2;247;247;233m▀[38;2;255;237;237;48;2;255;250;234m▀[38;2;254;233;237;48;2;255;251;232m▀[38;2;236;205;220;48;2;254;249;233m▀[38;2;220;177;211;48;2;254;248;234m▀[38;2;243;203;233;48;2;243;231;226m▀[38;2;197;157;189;48;2;244;235;226m▀[38;2;254;249;235;48;2;255;251;232m▀[38;2;255;251;231m▀[38;2;255;251;233;48;2;255;250;233m▀[38;2;236;230;218;48;2;255;250;238m▀[38;2;83;80;66;48;2;130;155;133m▀[38;2;44;57;34;48;2;70;113;66m▀[38;2;141;167;84;48;2;182;222;91m▀[38;2;188;224;91;48;2;185;226;85m▀[38;2;189;225;87;48;2;188;226;83m▀[38;2;189;225;86;48;2;191;226;81m▀[38;2;177;215;88;48;2;188;226;81m▀[38;2;68;119;62;48;2;164;206;85m▀[38;2;45;93;63;48;2;54;98;57m▀[38;2;212;218;204;48;2;110;138;116m▀[38;2;217;188;209;48;2;211;182;203m▀[38;2;233;192;227;48;2;238;198;229m▀[38;2;255;223;248;48;2;255;223;245m▀[38;2;255;223;247;48;2;255;222;246m▀[48;2;254;222;246m▀[38;2;192;140;190;48;2;198;151;194m▀[38;2;146;158;208;48;2;170;137;188m▀[38;2;141;173;222;48;2;158;145;196m▀[38;2;172;120;176;48;2;174;116;174m▀[38;2;252;220;247;48;2;247;215;242m▀[38;2;255;223;246;48;2;255;224;248m▀[38;2;255;223;247;48;2;255;223;247m▀▀▀▀▀[38;2;249;215;242;48;2;247;213;240m▀[38;2;191;142;190;48;2;196;149;196m▀[38;2;255;223;248;48;2;255;226;248m▀[38;2;165;138;150;48;2;144;117;126m▀[38;2;89;70;65;48;2;95;77;72m▀[38;2;255;254;254;48;2;255;255;254m▀[38;2;255;255;255;48;2;255;255;255m▀▀▀▀▀▀[0m
[38;2;255;255;255;48;2;255;255;255m▀▀▀▀▀▀▀▀▀▀[38;2;235;233;232;48;2;225;224;222m▀[38;2;39;20;15;48;2;37;18;13m▀[38;2;221;194;210;48;2;234;208;224m▀[38;2;223;185;219;48;2;220;180;214m▀[38;2;225;180;217;48;2;232;188;224m▀[38;2;255;222;246;48;2;255;222;246m▀▀[38;2;255;223;247;48;2;255;223;247m▀[38;2;252;223;245;48;2;237;209;228m▀[38;2;52;33;33;48;2;35;16;12m▀[38;2;56;40;32;48;2;87;72;63m▀[38;2;254;247;232;48;2;255;249;233m▀[38;2;255;251;233;48;2;254;250;234m▀[38;2;97;129;104;48;2;83;117;93m▀[38;2;105;145;86;48;2;128;168;86m▀[38;2;184;223;90;48;2;224;243;152m▀[38;2;188;224;86;48;2;229;244;157m▀[38;2;188;223;84;48;2;194;225;98m▀[38;2;185;224;84;48;2;222;239;144m▀[38;2;182;223;91;48;2;214;239;133m▀[38;2;72;114;64;48;2;111;152;78m▀[38;2;198;210;192;48;2;142;167;145m▀[38;2;255;250;234;48;2;254;250;232m▀[38;2;255;251;231;48;2;255;251;230m▀[38;2;255;251;232;48;2;255;251;231m▀▀[38;2;255;251;231m▀▀[38;2;255;251;232m▀▀[38;2;255;251;233;48;2;255;251;232m▀[38;2;253;250;235;48;2;235;239;221m▀[38;2;68;107;80;48;2;47;93;64m▀[38;2;107;155;76;48;2;132;178;81m▀[38;2;186;224;94;48;2;222;239;141m▀[38;2;196;227;105;48;2;253;254;191m▀[38;2;188;225;90;48;2;217;235;137m▀[38;2;191;225;93;48;2;232;246;162m▀[38;2;201;229;108;48;2;252;254;197m▀[38;2;189;226;92;48;2;223;240;147m▀[38;2;109;151;74;48;2;163;202;89m▀[38;2;48;93;64;48;2;46;94;57m▀[38;2;188;163;182;48;2;133;119;134m▀[38;2;242;204;233;48;2;247;210;237m▀[38;2;255;222;244;48;2;255;221;243m▀[38;2;255;222;246;48;2;255;221;244m▀[38;2;247;213;239;48;2;232;196;226m▀[38;2;204;166;199;48;2;216;185;210m▀[38;2;184;138;182;48;2;188;141;184m▀[38;2;233;195;228;48;2;253;224;247m▀[38;2;179;120;176;48;2;187;130;180m▀[38;2;245;212;240;48;2;241;204;234m▀[38;2;255;224;248;48;2;255;224;248m▀[38;2;255;223;247;48;2;255;223;247m▀▀▀▀▀[38;2;242;207;235;48;2;236;201;230m▀[38;2;201;155;200;48;2;206;160;205m▀[38;2;255;226;248;48;2;255;226;248m▀[38;2;119;92;100;48;2;93;67;71m▀[38;2;111;94;89;48;2;128;114;110m▀[38;2;255;255;254;48;2;255;254;254m▀[38;2;255;255;255;48;2;255;255;255m▀▀▀▀▀▀[0m
[38;2;255;255;255;48;2;255;255;255m▀▀▀▀▀▀▀▀▀▀[38;2;210;206;205;48;2;202;198;197m▀[38;2;39;18;13;48;2;42;21;16m▀[38;2;239;214;229;48;2;245;219;235m▀[38;2;216;174;209;48;2;215;172;208m▀[38;2;237;196;228;48;2;242;203;233m▀[38;2;255;222;246;48;2;255;222;246m▀▀[38;2;255;223;247;48;2;255;223;247m▀[38;2;211;182;201;48;2;183;155;172m▀[38;2;33;13;9;48;2;33;15;9m▀[38;2;119;106;97;48;2;152;140;129m▀[38;2;254;250;233;48;2;255;251;231m▀[38;2;254;250;236;48;2;254;250;236m▀[38;2;79;113;86;48;2;91;126;99m▀[38;2;143;182;85;48;2;138;181;79m▀[38;2;240;248;172;48;2;213;236;128m▀[38;2;253;254;196;48;2;253;255;194m▀[38;2;248;251;186;48;2;254;254;199m▀[38;2;255;254;202;48;2;252;254;197m▀[38;2;247;251;182;48;2;214;234;130m▀[38;2;140;177;87;48;2;148;187;82m▀[38;2;104;137;112;48;2;83;119;92m▀[38;2;255;251;232;48;2;255;251;233m▀[38;2;255;251;231;48;2;255;251;231m▀▀▀▀▀▀▀[38;2;255;251;232;48;2;255;251;232m▀[38;2;218;223;205;48;2;226;231;213m▀[38;2;44;92;61;48;2;44;91;61m▀[38;2;147;190;85;48;2;144;188;86m▀[38;2;225;242;143;48;2;193;228;100m▀[38;2;255;254;196;48;2;248;251;187m▀[38;2;254;254;196;48;2;255;254;199m▀[38;2;254;253;196m▀[38;2;255;253;196;48;2;245;249;178m▀[38;2;220;238;138;48;2;193;226;94m▀[38;2;183;222;93;48;2;188;226;92m▀[38;2;61;106;61;48;2;77;121;71m▀[38;2;115;109;125;48;2;121;114;127m▀[38;2;251;211;240;48;2;254;212;240m▀[38;2;254;217;239;48;2;254;215;239m▀[38;2;254;219;241;48;2;254;216;241m▀[38;2;218;173;209;48;2;202;151;196m▀[38;2;232;207;224;48;2;243;227;232m▀[38;2;195;148;191;48;2;200;154;194m▀[38;2;253;223;246;48;2;254;221;244m▀[38;2;192;135;185;48;2;197;142;191m▀[38;2;235;197;228;48;2;230;191;222m▀[38;2;255;224;248;48;2;255;223;247m▀[38;2;255;223;247m▀▀▀▀[48;2;255;224;241m▀[38;2;229;191;223;48;2;222;183;216m▀[38;2;215;171;213;48;2;223;182;221m▀[38;2;253;225;247;48;2;242;214;235m▀[38;2;61;39;42;48;2;40;19;18m▀[38;2;151;140;139;48;2;180;170;169m▀[38;2;255;254;255;48;2;255;254;255m▀[38;2;255;255;255;48;2;255;255;255m▀▀▀▀▀▀[0m
[38;2;255;255;255;48;2;255;255;255m▀▀▀▀▀▀▀▀▀▀[38;2;199;194;193;48;2;193;186;185m▀[38;2;46;26;22;48;2;49;27;25m▀[38;2;249;223;240;48;2;250;223;242m▀[38;2;211;169;204;48;2;210;168;203m▀[38;2;246;207;237;48;2;249;211;239m▀[38;2;255;222;246;48;2;254;220;242m▀[38;2;254;220;243;48;2;254;218;240m▀[48;2;255;217;241m▀[38;2;156;129;141;48;2;131;104;112m▀[38;2;34;15;9;48;2;33;13;7m▀[38;2;181;171;160;48;2;213;205;192m▀[38;2;255;251;231;48;2;255;250;230m▀[38;2;255;251;232;48;2;255;250;231m▀[38;2;130;155;131;48;2;202;207;188m▀[38;2;113;157;75;48;2;77;116;72m▀[38;2;188;224;87;48;2;182;218;89m▀[38;2;217;238;133;48;2;188;226;84m▀[38;2;241;249;173;48;2;189;225;88m▀[38;2;210;233;122;48;2;190;224;87m▀[38;2;191;222;92;48;2;190;223;89m▀[38;2;130;171;79;48;2;86;131;70m▀[38;2;100;132;107;48;2;147;169;146m▀[38;2;255;251;231;48;2;255;251;234m▀[48;2;255;251;231m▀▀▀▀▀▀▀[38;2;255;251;232;48;2;255;251;232m▀[38;2;246;247;229;48;2;255;251;233m▀[38;2;58;101;74;48;2;114;143;120m▀[38;2;123;168;80;48;2;81;127;71m▀[38;2;186;224;85;48;2;185;223;90m▀[38;2;197;228;105;48;2;187;224;84m▀[38;2;237;246;169;48;2;187;224;86m▀[38;2;247;250;179;48;2;190;224;89m▀[38;2;201;229;108;48;2;186;224;87m▀[38;2;188;226;90;48;2;183;223;89m▀[38;2;186;226;93;48;2;157;200;84m▀[38;2;69;111;66;48;2;53;88;57m▀[38;2;139;126;141;48;2;177;144;174m▀[38;2;252;209;236;48;2;248;206;235m▀[38;2;254;211;238;48;2;250;208;236m▀[38;2;253;210;241;48;2;236;191;228m▀[38;2;200;153;195;48;2;212;180;204m▀[38;2;238;220;226;48;2;225;202;212m▀[38;2;212;166;205;48;2;218;175;208m▀[38;2;253;219;243;48;2;202;169;185m▀[38;2;200;149;195;48;2;155;113;141m▀[38;2;223;184;220;48;2;207;171;197m▀[38;2;255;223;247;48;2;254;221;245m▀[48;2;254;222;245m▀[48;2;255;223;247m▀▀[38;2;255;223;246;48;2;255;223;246m▀[38;2;255;223;245m▀[38;2;213;172;205;48;2;204;158;195m▀[38;2;232;193;229;48;2;241;203;237m▀[38;2;213;187;204;48;2;173;148;161m▀[38;2;34;16;10;48;2;39;22;16m▀[38;2;207;201;199;48;2;239;237;235m▀[38;2;255;255;255;48;2;255;255;254m▀[48;2;255;255;255m▀▀▀▀▀▀[0m
[38;2;255;255;255;48;2;255;255;255m▀▀▀▀▀▀▀▀▀▀[38;2;194;186;185;48;2;198;191;190m▀[38;2;49;27;26;48;2;46;25;23m▀[38;2;250;222;241;48;2;249;219;238m▀[38;2;212;168;204;48;2;214;167;204m▀[38;2;251;210;239;48;2;250;208;238m▀[38;2;255;216;240;48;2;253;214;238m▀[38;2;254;215;240;48;2;252;212;237m▀[38;2;254;216;238;48;2;216;180;196m▀[38;2;110;84;90;48;2;92;68;70m▀[38;2;38;19;13;48;2;144;132;122m▀[38;2;242;234;222;48;2;254;236;220m▀[38;2;254;246;226;48;2;254;226;210m▀[38;2;255;246;225;48;2;255;231;213m▀[38;2;253;247;227;48;2;255;233;214m▀[38;2;130;157;135;48;2;237;235;219m▀[38;2;112;150;87;48;2;106;135;114m▀[38;2;183;221;91;48;2;75;114;64m▀[38;2;188;226;87;48;2;120;162;82m▀[38;2;187;224;91;48;2;81;126;67m▀[38;2;126;166;80;48;2;68;106;75m▀[38;2;57;97;68;48;2;199;211;191m▀[38;2;223;229;210;48;2;254;251;232m▀[38;2;255;251;233;48;2;255;251;232m▀[38;2;255;251;231;48;2;255;251;231m▀▀▀▀▀▀▀[38;2;255;251;232;48;2;255;251;232m▀▀[38;2;211;218;200;48;2;254;250;236m▀[38;2;56;100;67;48;2;176;189;170m▀[38;2;131;171;82;48;2;58;98;65m▀[38;2;187;224;87;48;2;105;149;76m▀[38;2;184;224;84;48;2;150;193;86m▀[38;2;184;225;83;48;2;159;199;87m▀[38;2;184;226;84;48;2;137;179;77m▀[38;2;175;218;94;48;2;76;114;62m▀[38;2;76;121;66;48;2;96;128;98m▀[38;2;102;118;113;48;2;206;193;203m▀[38;2;207;157;202;48;2;218;164;207m▀[38;2;246;200;230;48;2;244;195;224m▀[38;2;248;203;231;48;2;244;196;224m▀[38;2;209;162;203;48;2;194;149;187m▀[38;2;236;222;220;48;2;251;247;236m▀[38;2;166;141;143;48;2;126;117;107m▀[38;2;61;32;37;48;2;216;209;199m▀[38;2;57;38;33;48;2;251;246;235m▀[38;2;56;39;32m▀[38;2;41;24;20;48;2;202;194;183m▀[38;2;142;119;124;48;2;54;39;32m▀[38;2;252;220;242;48;2;157;130;140m▀[38;2;255;221;243;48;2;253;218;236m▀[38;2;255;221;242;48;2;254;218;239m▀[38;2;255;222;245;48;2;255;220;243m▀[38;2;255;222;247;48;2;255;219;248m▀[38;2;198;148;192;48;2;194;140;189m▀[38;2;249;215;243;48;2;253;221;243m▀[38;2;129;104;113;48;2;82;60;59m▀[38;2;63;47;41;48;2;108;94;89m▀[38;2;253;253;251;48;2;255;255;253m▀[38;2;255;255;254;48;2;255;255;254m▀[38;2;255;255;255;48;2;255;255;255m▀▀▀▀▀▀[0m
[38;2;255;255;255;48;2;255;255;255m▀▀▀▀▀▀▀▀▀▀[38;2;202;194;194;48;2;205;198;197m▀[38;2;42;22;18;48;2;37;16;13m▀[38;2;245;214;231;48;2;237;206;223m▀[38;2;216;169;206;48;2;220;173;210m▀[38;2;249;205;236;48;2;239;196;226m▀[38;2;227;192;213;48;2;64;33;40m▀[38;2;124;94;105;48;2;103;79;76m▀[38;2;124;106;100;48;2;255;249;235m▀[38;2;232;224;211;48;2;255;250;231m▀[38;2;254;247;232;48;2;255;249;230m▀[38;2;249;222;202;48;2;255;238;219m▀[38;2;248;214;196;48;2;255;230;213m▀[38;2;254;227;209;48;2;255;229;212m▀[38;2;241;202;182;48;2;254;232;213m▀[38;2;253;244;227;48;2;254;248;230m▀[38;2;250;248;231;48;2;255;251;232m▀[38;2;202;209;188m▀[38;2;173;186;161;48;2;254;251;232m▀[38;2;189;202;181m▀[38;2;244;245;227m▀[38;2;254;250;234;48;2;254;252;231m▀[38;2;255;251;232;48;2;254;250;231m▀▀[38;2;255;251;231;48;2;255;251;231m▀▀▀▀▀▀▀[38;2;255;251;232;48;2;213;192;179m▀[48;2;254;249;230m▀[48;2;255;251;232m▀[38;2;255;251;235;48;2;255;251;231m▀[38;2;222;226;209;48;2;254;252;231m▀[38;2;140;161;137m▀[38;2;94;126;98;48;2;254;251;233m▀[38;2;86;122;96;48;2;254;247;230m▀[38;2;119;145;123;48;2;248;223;205m▀[38;2;194;198;182;48;2;253;231;215m▀[38;2;251;244;232;48;2;251;225;210m▀[38;2;213;181;203;48;2;203;154;183m▀[38;2;227;174;212;48;2;237;178;214m▀[38;2;240;190;221;48;2;241;182;216m▀[38;2;227;178;211;48;2;205;147;190m▀[38;2;210;178;200;48;2;241;224;227m▀[38;2;254;250;237;48;2;255;250;234m▀[38;2;255;250;236;48;2;254;252;231m▀[38;2;255;250;235;48;2;255;251;232m▀▀[38;2;255;250;236m▀[48;2;255;251;233m▀[38;2;188;179;168;48;2;241;233;220m▀[38;2;63;39;39;48;2;45;23;21m▀[38;2;248;212;231;48;2;242;202;225m▀[38;2;255;214;238;48;2;252;207;237m▀[38;2;255;215;241;48;2;253;209;238m▀[38;2;253;215;241;48;2;246;203;234m▀[38;2;190;139;184;48;2;196;146;190m▀[38;2;243;212;234;48;2;197;166;184m▀[38;2;43;22;16;48;2;36;15;6m▀[38;2;155;145;142;48;2;207;202;201m▀[38;2;255;255;253;48;2;254;254;254m▀[38;2;255;255;254;48;2;255;255;255m▀[38;2;255;255;255m▀▀▀▀▀▀[0m
[38;2;255;255;255;48;2;255;255;255m▀▀▀▀▀▀▀▀▀▀[38;2;217;212;212;48;2;229;228;227m▀[38;2;37;15;11;48;2;38;17;12m▀[38;2;230;196;215;48;2;209;174;191m▀[38;2;224;176;213;48;2;231;184;218m▀[38;2;235;191;221;48;2;230;180;217m▀[38;2;65;36;39;48;2;190;147;168m▀[38;2;49;30;23;48;2;40;18;15m▀[38;2;230;222;211;48;2;55;38;31m▀[38;2;254;251;236;48;2;186;178;167m▀[38;2;255;250;231;48;2;254;248;232m▀[38;2;254;249;231;48;2;254;250;234m▀[38;2;255;248;229;48;2;255;250;233m▀[38;2;255;247;228;48;2;255;251;232m▀[38;2;255;249;229m▀[38;2;255;251;231;48;2;255;251;231m▀▀▀▀▀▀▀▀▀[38;2;252;247;227;48;2;158;106;100m▀[38;2;255;251;231;48;2;245;233;215m▀[48;2;254;251;231m▀[48;2;255;251;231m▀▀▀[38;2;254;251;231;48;2;254;248;229m▀[38;2;146;78;74;48;2;158;94;87m▀[38;2;247;236;218;48;2;252;248;228m▀[38;2;255;250;231;48;2;255;250;231m▀[38;2;255;251;231;48;2;255;251;231m▀▀▀▀[38;2;254;243;225;48;2;255;249;230m▀[38;2;252;224;207;48;2;255;236;219m▀[38;2;255;230;215;48;2;255;233;216m▀[38;2;250;220;204;48;2;243;215;210m▀[38;2;196;137;176;48;2;198;140;186m▀[38;2;237;177;211;48;2;231;171;206m▀[38;2;235;175;211;48;2;208;150;191m▀[38;2;197;151;186;48;2;226;203;218m▀[38;2;255;247;242;48;2;230;221;214m▀[38;2;232;225;214;48;2;93;76;67m▀[38;2;208;201;187;48;2;40;23;15m▀[38;2;255;249;230;48;2;164;154;141m▀[38;2;255;250;230;48;2;235;227;213m▀[38;2;255;251;231;48;2;233;226;212m▀[38;2;254;252;232;48;2;171;160;148m▀[38;2;194;185;172;48;2;66;45;41m▀[38;2;79;54;57;48;2;197;156;174m▀[38;2;243;201;229;48;2;243;194;222m▀[38;2;246;201;231;48;2;244;195;225m▀[38;2;248;203;232;48;2;245;198;228m▀[38;2;230;185;219;48;2;215;166;202m▀[38;2;208;157;201;48;2;219;168;208m▀[38;2;137;108;118;48;2;70;46;45m▀[38;2;50;34;26;48;2;105;95;88m▀[38;2;248;246;245;48;2;254;254;253m▀[38;2;254;254;254;48;2;254;254;254m▀[38;2;255;255;255;48;2;255;255;255m▀▀▀▀▀▀▀[0m
[38;2;255;255;255;48;2;255;255;255m▀▀▀▀▀▀▀▀▀▀[38;2;244;244;243;48;2;253;252;252m▀[38;2;42;24;17;48;2;58;42;35m▀[38;2;189;153;169;48;2;164;129;142m▀[38;2;236;191;221;48;2;240;195;225m▀[38;2;221;168;209;48;2;214;159;201m▀[38;2;245;194;225;48;2;242;190;223m▀[38;2;192;146;171;48;2;240;187;220m▀[38;2;59;32;34;48;2;228;175;207m▀[38;2;31;16;8;48;2;135;97;113m▀[38;2;84;69;61;48;2;47;26;23m▀[38;2;183;173;165;48;2;32;15;8m▀[38;2;248;242;230;48;2;51;36;27m▀[38;2;255;250;234;48;2;116;105;95m▀[38;2;255;251;233;48;2;182;174;162m▀[48;2;238;232;218m▀[38;2;255;251;231;48;2;254;250;232m▀[38;2;255;251;232;48;2;255;250;236m▀[48;2;255;250;234m▀[48;2;255;251;233m▀[48;2;255;251;232m▀[48;2;255;251;231m▀[48;2;255;251;230m▀[38;2;255;251;231;48;2;255;251;231m▀[38;2;207;174;158;48;2;255;251;230m▀[38;2;174;120;113;48;2;213;186;171m▀[38;2;253;249;234;48;2;180;136;129m▀[38;2;255;251;232;48;2;219;199;186m▀[48;2;223;205;190m▀[38;2;255;250;231;48;2;191;153;144m▀[38;2;201;169;159;48;2;203;177;165m▀[38;2;202;170;156;48;2;255;250;228m▀[38;2;255;250;231;48;2;255;250;230m▀[48;2;255;251;231m▀[38;2;255;251;231m▀▀▀[48;2;255;251;233m▀[48;2;255;251;232m▀[48;2;254;251;232m▀[38;2;254;249;230;48;2;243;238;220m▀[38;2;223;195;209;48;2;177;143;162m▀[38;2;213;152;195;48;2;224;163;204m▀[38;2;230;170;206;48;2;168;120;144m▀[38;2;150;102;131;48;2;41;11;14m▀[38;2;111;93;94;48;2;34;16;12m▀[38;2;39;22;14;48;2;34;16;9m▀[38;2;34;15;6;48;2;49;26;23m▀[38;2;100;70;76;48;2;202;147;185m▀[38;2;99;69;75;48;2;227;170;205m▀[38;2;83;52;60;48;2;232;174;209m▀[38;2;76;44;52;48;2;181;122;170m▀[38;2;128;91;105;48;2;229;170;208m▀[38;2;214;166;192;48;2;237;174;211m▀[38;2;241;185;215;48;2;239;179;212m▀[38;2;241;183;215;48;2;239;181;214m▀[38;2;242;186;218;48;2;240;184;217m▀[38;2;243;190;221;48;2;231;177;209m▀[38;2;204;150;189;48;2;119;81;101m▀[38;2;179;135;157;48;2;43;17;19m▀[38;2;37;14;9;48;2;48;30;26m▀[38;2;177;172;167;48;2;241;240;236m▀[38;2;255;255;254;48;2;255;255;255m▀[38;2;255;255;255m▀▀▀▀▀▀▀▀[0m
[38;2;255;255;255;48;2;255;255;255m▀▀▀▀▀▀▀▀▀▀[38;2;255;255;254;48;2;255;255;254m▀[38;2;89;75;69;48;2;134;122;116m▀[38;2;130;97;108;48;2;91;62;66m▀[38;2;243;193;225;48;2;244;191;224m▀[38;2;211;153;196;48;2;210;152;193m▀[38;2;240;185;219;48;2;239;183;216m▀[38;2;239;183;217;48;2;238;181;214m▀[38;2;238;180;215;48;2;234;178;210m▀[38;2;235;178;213;48;2;208;157;185m▀[38;2;220;168;199;48;2;142;101;117m▀[38;2;152;113;129;48;2;73;44;47m▀[38;2;58;37;35;48;2;36;14;11m▀[38;2;33;16;10;48;2;36;17;13m▀[38;2;33;16;9;48;2;58;41;37m▀[38;2;38;21;14;48;2;84;70;66m▀[38;2;68;54;45;48;2;59;45;40m▀[38;2;113;101;92;48;2;40;25;19m▀[38;2;155;143;134;48;2;34;17;11m▀[38;2;191;181;171;48;2;32;15;8m▀[38;2;224;217;204m▀[38;2;246;240;223;48;2;37;22;14m▀[38;2;253;248;235;48;2;53;41;32m▀[38;2;255;250;237;48;2;75;63;53m▀[38;2;255;249;237;48;2;91;80;71m▀[38;2;255;249;239;48;2;101;90;81m▀[38;2;251;244;233;48;2;109;99;89m▀[38;2;229;209;197;48;2;118;109;99m▀[38;2;225;206;194;48;2;122;112;101m▀[38;2;250;245;232;48;2;119;110;100m▀[38;2;254;250;234;48;2;112;101;91m▀[38;2;255;248;235;48;2;105;90;82m▀[38;2;255;249;234;48;2;95;79;71m▀[38;2;255;251;232;48;2;76;58;51m▀[38;2;253;248;230;48;2;51;33;26m▀[38;2;239;234;216;48;2;37;18;11m▀[38;2;207;202;188;48;2;36;16;9m▀[38;2;169;159;147;48;2;43;26;18m▀[38;2;124;112;100;48;2;71;58;49m▀[38;2;76;63;51;48;2;125;113;106m▀[38;2;38;23;12;48;2;43;26;18m▀[38;2;86;52;65;48;2;145;103;122m▀[38;2;222;166;199;48;2;155;108;131m▀[38;2;72;42;52;48;2;88;73;73m▀[38;2;124;112;109;48;2;252;251;248m▀[38;2;139;131;127;48;2;255;255;252m▀[38;2;85;71;66;48;2;148;140;136m▀[38;2;101;71;77;48;2;125;86;106m▀[38;2;213;153;193;48;2;223;165;201m▀[38;2;229;169;205;48;2;226;167;202m▀[38;2;226;166;203;48;2;166;113;139m▀[38;2;180;119;175;48;2;124;79;105m▀[38;2;229;170;208;48;2;227;171;203m▀[38;2;234;171;207;48;2;204;152;179m▀[38;2;235;174;208;48;2;137;98;116m▀[38;2;231;174;205;48;2;62;34;40m▀[38;2;159;116;135;48;2;53;35;30m▀[38;2;57;32;33;48;2;119;107;102m▀[38;2;34;16;11;48;2;207;203;201m▀[38;2;54;39;35;48;2;247;246;247m▀[38;2;119;112;107;48;2;250;250;250m▀[38;2;255;255;253;48;2;255;255;253m▀[38;2;255;255;255;48;2;255;255;255m▀▀▀▀▀▀▀▀▀[0m
[38;2;255;255;255;48;2;255;255;255m▀▀▀▀▀▀▀▀▀▀▀[38;2;183;177;175;48;2;238;237;236m▀[38;2;46;24;19;48;2;44;25;18m▀[38;2;234;181;211;48;2;186;142;159m▀[38;2;207;150;191;48;2;188;139;167m▀[38;2;216;166;194;48;2;46;21;23m▀[38;2;154;113;130;48;2;35;17;13m▀[38;2;85;57;63;48;2;68;52;48m▀[38;2;40;15;14;48;2;135;123;121m▀[38;2;35;15;11;48;2;208;203;201m▀[38;2;66;50;47;48;2;251;251;249m▀[38;2;137;125;124;48;2;255;255;254m▀[38;2;205;202;200;48;2;255;255;255m▀[38;2;250;250;248m▀[38;2;255;255;253m▀[38;2;253;253;250m▀[38;2;243;242;239;48;2;255;255;254m▀[38;2;220;216;213;48;2;255;255;255m▀[38;2;185;179;176m▀[38;2;159;150;149m▀[38;2;129;120;117m▀[38;2;106;97;94m▀[38;2;84;71;68m▀[38;2;66;49;44;48;2;254;253;254m▀[38;2;43;28;21;48;2;242;240;238m▀[38;2;33;18;10;48;2;111;100;97m▀[38;2;32;17;9;48;2;45;31;26m▀[38;2;31;17;8;48;2;117;102;97m▀[38;2;32;18;10;48;2;69;53;36m▀[38;2;50;34;22;48;2;196;182;129m▀[38;2;65;48;30;48;2;233;219;156m▀[38;2;70;53;34;48;2;161;146;101m▀[38;2;34;16;8;48;2;87;72;64m▀[38;2;33;15;8;48;2;67;55;51m▀[38;2;63;46;40;48;2;148;140;137m▀[38;2;205;199;195;48;2;255;255;255m▀[38;2;242;239;238;48;2;254;254;254m▀[38;2;254;252;252m▀[38;2;217;212;211;48;2;147;139;137m▀[38;2;47;20;21;48;2;98;66;68m▀[38;2;196;149;168;48;2;113;76;84m▀[38;2;63;37;44;48;2;152;143;144m▀[38;2;220;214;212;48;2;255;255;254m▀[38;2;255;254;255;48;2;255;255;255m▀[38;2;255;255;254m▀[38;2;126;115;113;48;2;115;102;98m▀[38;2;115;84;96;48;2;37;13;8m▀[38;2;155;113;131;48;2;41;20;14m▀[38;2;76;42;51;48;2;107;92;89m▀[38;2;35;14;11;48;2;195;191;188m▀[38;2;46;25;25;48;2;209;206;203m▀[38;2;69;48;50;48;2;237;234;232m▀[38;2;77;60;60;48;2;254;253;252m▀[38;2;127;118;115;48;2;255;255;254m▀[38;2;192;189;186;48;2;255;255;255m▀[38;2;247;246;244m▀[38;2;254;254;254m▀▀▀▀▀[38;2;255;255;255m▀▀▀▀▀▀▀▀▀[0m
[38;2;255;255;255;48;2;255;255;255m▀▀▀▀▀▀▀▀▀▀▀▀[38;2;185;179;178m▀[38;2;213;188;197m▀[38;2;226;193;209m▀[38;2;162;152;151m▀[38;2;213;209;206m▀[38;2;252;252;251m▀[38;2;255;255;254m▀▀▀[38;2;255;255;255m▀▀▀▀▀▀▀▀▀▀▀▀▀[38;2;122;118;114;48;2;167;164;160m▀[38;2;62;44;43;48;2;41;23;19m▀[38;2;211;198;197;48;2;113;95;95m▀[38;2;102;88;82;48;2;125;107;75m▀[38;2;133;118;83;48;2;246;232;155m▀[38;2;101;84;56;48;2;247;232;152m▀[38;2;67;47;25;48;2;249;232;160m▀[38;2;51;30;21;48;2;93;72;54m▀[38;2;217;210;206;48;2;195;177;173m▀[38;2;208;200;198;48;2;174;151;148m▀[38;2;54;39;38;48;2;83;63;61m▀[38;2;188;183;183;48;2;38;22;21m▀[38;2;254;255;255;48;2;181;174;174m▀[38;2;253;253;253;48;2;222;218;218m▀[38;2;80;64;60;48;2;42;23;20m▀[38;2;116;84;84;48;2;81;65;61m▀[38;2;97;82;82;48;2;238;237;235m▀[38;2;251;249;250;48;2;255;255;255m▀[38;2;255;255;255m▀▀▀[38;2;178;173;171m▀[38;2;154;147;144m▀[38;2;230;227;225m▀[38;2;255;254;252;48;2;255;255;254m▀[38;2;255;255;252m▀▀▀[38;2;255;255;253m▀[38;2;254;254;254;48;2;255;255;255m▀[38;2;255;255;255m▀▀▀▀▀▀▀▀▀▀▀▀▀▀▀▀[0m
[38;2;255;255;255;48;2;255;255;255m▀▀▀▀▀▀▀▀▀▀▀▀▀▀▀▀▀▀▀▀▀▀▀▀▀▀▀▀▀▀▀▀▀▀[38;2;253;253;253m▀[38;2;106;97;93;48;2;137;129;125m▀[38;2;36;17;17;48;2;111;93;71m▀[38;2;140;117;100;48;2;149;128;106m▀[38;2;160;137;111;48;2;137;114;101m▀[38;2;160;138;107;48;2;126;104;91m▀[38;2;172;151;118;48;2;109;86;80m▀[38;2;56;33;24;48;2;37;13;11m▀[38;2;113;89;86;48;2;48;27;25m▀[38;2;51;27;24;48;2;109;95;92m▀[38;2;33;14;11;48;2;193;187;183m▀[38;2;66;51;50;48;2;250;249;248m▀[38;2;198;193;192;48;2;237;236;234m▀[38;2;101;91;91;48;2;122;116;114m▀[38;2;72;56;54;48;2;236;234;231m▀[38;2;232;229;227;48;2;255;255;253m▀[38;2;255;255;253m▀[38;2;255;255;255;48;2;255;255;255m▀▀▀▀▀▀▀▀▀▀▀▀▀▀▀▀▀▀▀▀▀▀▀▀▀▀▀▀▀[0m
[38;2;255;255;255;48;2;255;255;255m▀▀▀▀▀▀▀▀▀▀▀▀▀▀▀▀▀▀▀▀▀▀▀▀▀▀▀▀▀▀▀▀▀▀[38;2;246;245;246;48;2;252;252;252m▀[38;2;47;32;27;48;2;155;150;145m▀[38;2;117;102;71;48;2;110;101;96m▀[38;2;172;157;107;48;2;95;84;79m▀[38;2;184;169;119;48;2;93;80;74m▀[38;2;184;169;120;48;2;97;82;76m▀[38;2;152;135;98;48;2;98;83;77m▀[38;2;36;13;8;48;2;119;106;102m▀[38;2;190;181;180;48;2;247;245;246m▀[38;2;254;254;253;48;2;255;255;255m▀[38;2;254;255;255m▀[38;2;255;255;255m▀▀▀▀▀▀▀▀▀▀▀▀▀▀▀▀▀▀▀▀▀▀▀▀▀▀▀▀▀▀▀▀▀▀▀[0m
[38;2;255;255;255;48;2;255;255;255m▀▀▀▀▀▀▀▀▀▀▀▀▀▀▀▀▀▀▀▀▀▀▀▀▀▀▀▀▀▀▀▀▀▀▀▀▀▀▀▀▀▀▀▀▀▀▀▀▀▀▀▀▀▀▀▀▀▀▀▀▀▀▀▀▀▀▀▀▀▀▀▀▀▀▀▀▀▀▀▀[0m
[?25h